0.498047	0.498047	0.00223993
0.498047	0.501953	0.00161595
0.501953	0.498047	-0.00161595
0.501953	0.501953	-0.00223993
0.462891	0.00976562	-0.00372189
0.537109	0.990234	0.00372188
0.470703	0.00585938	-0.00228588
0.529297	0.994141	0.0022767
0.458984	0.00976562	-0.00295485
0.541016	0.990234	0.00295475
0.455078	0.00976562	-0.00225038
0.544922	0.990234	0.00225026
0.466797	0.00585938	-0.000827265
0.533203	0.994141	0.000826394
0.439453	0.0136719	-0.00352235
0.560547	0.986328	0.00352232
0.451172	0.00976562	-0.00158571
0.548828	0.990234	0.00158562
0.435547	0.0136719	-0.00284137
0.564453	0.986328	0.00284135
0.462891	0.00585938	0.000112753
0.537109	0.994141	-0.000112763
0.419922	0.0175781	-0.0038466
0.580078	0.982422	0.0038466
0.447266	0.00976562	-0.000942514
0.552734	0.990234	0.000942447
0.431641	0.0136719	-0.00213642
0.568359	0.986328	0.0021364
0.416016	0.0175781	-0.00310691
0.583984	0.982422	0.00310691
0.474609	0.00195312	-0.00224526
0.525391	0.998047	0.00218885
0.458984	0.00585938	0.000894755
0.541016	0.994141	-0.000894855
0.443359	0.00976562	-0.000305826
0.556641	0.990234	0.000305781
0.427734	0.0136719	-0.00142804
0.572266	0.986328	0.00142804
0.412109	0.0175781	-0.00236296
0.587891	0.982422	0.00236297
0.396484	0.0214844	-0.00320067
0.603516	0.978516	0.00320067
0.423828	0.0136719	-0.000717542
0.576172	0.986328	0.000717542
0.380859	0.0253906	-0.00381465
0.619141	0.974609	0.00381463
0.439453	0.00976562	0.000340201
0.560547	0.990234	-0.000340232
0.408203	0.0175781	-0.00162079
0.591797	0.982422	0.00162079
0.392578	0.0214844	-0.00240929
0.607422	0.978516	0.00240929
0.455078	0.00585938	0.00160759
0.544922	0.994141	-0.00160772
0.376953	0.0253906	-0.00296291
0.623047	0.974609	0.00296289
0.404297	0.0175781	-0.000878973
0.595703	0.982422	0.000878975
0.419922	0.0136719	2.88256e-06
0.580078	0.986328	-2.88057e-06
0.388672	0.0214844	-0.0016111
0.611328	0.978516	0.0016111
0.361328	0.0292969	-0.00325208
0.638672	0.970703	0.00325208
0.435547	0.00976562	0.0010141
0.564453	0.990234	-0.00101412
0.373047	0.0253906	-0.00209836
0.626953	0.974609	0.00209834
0.470703	0.00195312	0.000954402
0.529297	0.998047	-0.000985251
0.345703	0.0332031	-0.00322684
0.654297	0.966797	0.00322691
0.357422	0.0292969	-0.002319
0.642578	0.970703	0.00231901
0.400391	0.0175781	-0.000130664
0.599609	0.982422	0.000130665
0.384766	0.0214844	-0.000807033
0.615234	0.978516	0.000807023
0.416016	0.0136719	0.000739261
0.583984	0.986328	-0.000739258
0.369141	0.0253906	-0.00122869
0.630859	0.974609	0.00122867
0.451172	0.00585938	0.00227745
0.548828	0.994141	-0.00227755
0.341797	0.0332031	-0.00221344
0.658203	0.966797	0.00221353
0.330078	0.0371094	-0.00282617
0.669922	0.962891	0.00282624
0.353516	0.0292969	-0.00137651
0.646484	0.970703	0.00137654
0.318359	0.0410156	-0.00317331
0.681641	0.958984	0.00317328
0.431641	0.00976562	0.00171634
0.568359	0.990234	-0.00171635
0.396484	0.0175781	0.000636985
0.603516	0.982422	-0.000636986
0.380859	0.0214844	1.19607e-05
0.619141	0.978516	-1.19755e-05
0.306641	0.0449219	-0.00321956
0.693359	0.955078	0.0032195
0.365234	0.0253906	-0.000349595
0.634766	0.974609	0.000349582
0.412109	0.0136719	0.00148281
0.587891	0.986328	-0.00148281
0.337891	0.0332031	-0.00118823
0.662109	0.966797	0.00118833
0.326172	0.0371094	-0.0017208
0.673828	0.962891	0.00172084
0.314453	0.0410156	-0.00198029
0.685547	0.958984	0.00198024
0.349609	0.0292969	-0.000422347
0.650391	0.970703	0.000422391
0.294922	0.0488281	-0.00293585
0.705078	0.951172	0.00293588
0.302734	0.0449219	-0.00193333
0.697266	0.955078	0.00193329
0.376953	0.0214844	0.000857728
0.623047	0.978516	-0.000857747
0.392578	0.0175781	0.00142556
0.607422	0.982422	-0.00142556
0.361328	0.0253906	0.000553362
0.638672	0.974609	-0.000553365
0.322266	0.0371094	-0.000597233
0.677734	0.962891	0.00059725
0.283203	0.0527344	-0.00228194
0.716797	0.947266	0.00228205
0.275391	0.0566406	-0.00279852
0.724609	0.943359	0.00279857
0.267578	0.0605469	-0.00307316
0.732422	0.939453	0.00307311
0.333984	0.0332031	-0.000145002
0.666016	0.966797	0.000145101
0.501953	0.494141	-0.000982887
0.498047	0.505859	0.000982887
0.447266	0.00585938	0.00292343
0.552734	0.994141	-0.0029235
0.427734	0.00976562	0.00242433
0.572266	0.990234	-0.00242434
0.310547	0.0410156	-0.000765375
0.689453	0.958984	0.00076531
0.291016	0.0488281	-0.00154477
0.708984	0.951172	0.00154484
0.259766	0.0644531	-0.00308552
0.740234	0.935547	0.00308547
0.345703	0.0292969	0.000558042
0.654297	0.970703	-0.000557977
0.466797	0.00195312	0.00289135
0.533203	0.998047	-0.00289575
0.408203	0.0136719	0.00222526
0.591797	0.986328	-0.00222525
0.251953	0.0683594	-0.0028248
0.748047	0.931641	0.00282482
0.298828	0.0449219	-0.000618757
0.701172	0.955078	0.000618742
0.373047	0.0214844	0.0017206
0.626953	0.978516	-0.00172062
0.271484	0.0566406	-0.00119107
0.728516	0.943359	0.00119108
0.134766	0.255859	-0.00382857
0.865234	0.744141	0.00382857
0.130859	0.279297	-0.00379654
0.869141	0.720703	0.00379654
0.126953	0.310547	-0.0036234
0.873047	0.689453	0.0036234
0.357422	0.0253906	0.0014828
0.642578	0.974609	-0.00148279
0.330078	0.0332031	0.000932507
0.669922	0.966797	-0.000932426
0.318359	0.0371094	0.000559619
0.681641	0.962891	-0.000559636
0.279297	0.0527344	-0.000769371
0.720703	0.947266	0.000769469
0.263672	0.0605469	-0.0013595
0.736328	0.939453	0.00135944
0.244141	0.0722656	-0.00227237
0.755859	0.927734	0.00227241
0.142578	0.220703	-0.00369569
0.857422	0.779297	0.00369569
0.138672	0.236328	-0.00367595
0.861328	0.763672	0.00367595
0.126953	0.306641	-0.00323688
0.873047	0.693359	0.00323688
0.126953	0.462891	-0.00383946
0.873047	0.537109	0.00383946
0.388672	0.0175781	0.00222265
0.611328	0.982422	-0.00222265
0.287109	0.0488281	-0.000120281
0.712891	0.951172	0.000120376
0.255859	0.0644531	-0.00126569
0.744141	0.935547	0.00126566
0.232422	0.0800781	-0.00247787
0.767578	0.919922	0.00247788
0.134766	0.251953	-0.00308962
0.865234	0.748047	0.00308962
0.130859	0.275391	-0.00322194
0.869141	0.724609	0.00322194
0.126953	0.302734	-0.00282883
0.873047	0.697266	0.00282883
0.123047	0.369141	-0.00307409
0.123047	0.373047	-0.00314747
0.123047	0.376953	-0.00320299
0.123047	0.380859	-0.00324076
0.123047	0.384766	-0.0032608
0.123047	0.388672	-0.00326309
0.123047	0.392578	-0.00324762
0.123047	0.396484	-0.00321445
0.876953	0.603516	0.00321445
0.876953	0.607422	0.00324762
0.876953	0.611328	0.00326309
0.876953	0.615234	0.0032608
0.876953	0.619141	0.00324076
0.876953	0.623047	0.00320299
0.876953	0.626953	0.00314747
0.876953	0.630859	0.00307409
0.126953	0.466797	-0.0034802
0.873047	0.533203	0.0034802
0.123047	0.361328	-0.00287279
0.123047	0.365234	-0.00298262
0.123047	0.400391	-0.00316361
0.123047	0.404297	-0.00309514
0.876953	0.595703	0.00309514
0.876953	0.599609	0.00316361
0.876953	0.634766	0.00298262
0.876953	0.638672	0.00287279
0.306641	0.0410156	0.000482962
0.693359	0.958984	-0.000483024
0.494141	0.513672	0.0034649
0.505859	0.486328	-0.0034649
0.169922	0.150391	-0.00338609
0.830078	0.849609	0.00338609
0.158203	0.173828	-0.00323405
0.841797	0.826172	0.00323405
0.150391	0.193359	-0.00308046
0.849609	0.806641	0.00308046
0.146484	0.205078	-0.00307944
0.853516	0.794922	0.00307944
0.138672	0.232422	-0.00278029
0.861328	0.767578	0.00278029
0.130859	0.271484	-0.00262253
0.869141	0.728516	0.00262253
0.130859	0.498047	-0.00378587
0.869141	0.501953	0.00378587
0.123047	0.353516	-0.00259743
0.123047	0.357422	-0.00274441
0.123047	0.408203	-0.00300907
0.876953	0.591797	0.00300907
0.876953	0.642578	0.00274441
0.876953	0.646484	0.00259743
0.123047	0.412109	-0.0029054
0.876953	0.587891	0.0029054
0.126953	0.470703	-0.00310193
0.873047	0.529297	0.00310193
0.123047	0.416016	-0.00278411
0.876953	0.583984	0.00278411
0.341797	0.0292969	0.00156707
0.658203	0.970703	-0.00156699
0.212891	0.0957031	-0.00277152
0.787109	0.904297	0.00277152
0.216797	0.0917969	-0.00235397
0.783203	0.908203	0.00235396
0.181641	0.130859	-0.00290751
0.818359	0.869141	0.00290751
0.173828	0.142578	-0.00280831
0.826172	0.857422	0.00280831
0.154297	0.181641	-0.00261872
0.845703	0.818359	0.00261872
0.142578	0.216797	-0.00265747
0.857422	0.783203	0.00265747
0.134766	0.248047	-0.00232268
0.865234	0.751953	0.00232268
0.126953	0.298828	-0.00239873
0.873047	0.701172	0.00239873
0.123047	0.349609	-0.00243184
0.876953	0.650391	0.00243184
0.123047	0.345703	-0.00224759
0.876953	0.654297	0.00224759
0.123047	0.419922	-0.00264515
0.876953	0.580078	0.00264515
0.130859	0.501953	-0.00324361
0.869141	0.498047	0.00324361
0.123047	0.423828	-0.00248847
0.876953	0.576172	0.00248847
0.134766	0.525391	-0.00338986
0.865234	0.474609	0.00338986
0.248047	0.0683594	-0.000892236
0.751953	0.931641	0.00089227
0.236328	0.0761719	-0.00141554
0.763672	0.923828	0.00141557
0.193359	0.115234	-0.002574
0.806641	0.884766	0.002574
0.130859	0.267578	-0.0019976
0.869141	0.732422	0.0019976
0.126953	0.294922	-0.00194622
0.873047	0.705078	0.00194622
0.123047	0.341797	-0.00204452
0.876953	0.658203	0.00204452
0.123047	0.337891	-0.00182235
0.876953	0.662109	0.00182235
0.126953	0.474609	-0.00270439
0.873047	0.525391	0.00270439
0.123047	0.427734	-0.00231401
0.876953	0.572266	0.00231401
0.123047	0.431641	-0.00212177
0.876953	0.568359	0.00212177
0.130859	0.505859	-0.00267984
0.869141	0.494141	0.00267984
0.138672	0.544922	-0.00346484
0.861328	0.455078	0.00346484
0.142578	0.560547	-0.00378188
0.857422	0.439453	0.00378188
0.498047	0.509766	0.000325126
0.501953	0.490234	-0.000325126
0.294922	0.0449219	0.000730052
0.705078	0.955078	-0.000730034
0.220703	0.0878906	-0.0017892
0.779297	0.912109	0.00178919
0.146484	0.201172	-0.00188368
0.853516	0.798828	0.00188368
0.138672	0.228516	-0.00185314
0.861328	0.771484	0.00185313
0.126953	0.291016	-0.00147119
0.873047	0.708984	0.00147119
0.123047	0.333984	-0.00158081
0.876953	0.666016	0.00158081
0.126953	0.478516	-0.00228737
0.873047	0.521484	0.00228737
0.123047	0.435547	-0.00191177
0.876953	0.564453	0.00191177
0.134766	0.529297	-0.0026867
0.865234	0.470703	0.0026867
0.146484	0.576172	-0.00360244
0.853516	0.423828	0.00360244
0.224609	0.0839844	-0.00107979
0.775391	0.916016	0.00107978
0.189453	0.119141	-0.00207692
0.810547	0.880859	0.00207692
0.177734	0.134766	-0.00188916
0.822266	0.865234	0.00188917
0.166016	0.154297	-0.00181953
0.833984	0.845703	0.00181953
0.162109	0.162109	-0.00188165
0.837891	0.837891	0.00188165
0.158203	0.169922	-0.00165138
0.841797	0.830078	0.00165138
0.150391	0.189453	-0.0017513
0.849609	0.810547	0.0017513
0.142578	0.212891	-0.00158479
0.857422	0.787109	0.00158479
0.134766	0.244141	-0.0015269
0.865234	0.755859	0.0015269
0.130859	0.263672	-0.00134696
0.869141	0.736328	0.00134696
0.123047	0.330078	-0.00131967
0.876953	0.669922	0.00131967
0.123047	0.326172	-0.00103879
0.876953	0.673828	0.00103879
0.123047	0.439453	-0.00168401
0.876953	0.560547	0.00168401
0.126953	0.482422	-0.00185098
0.873047	0.517578	0.00185098
0.123047	0.443359	-0.00143841
0.876953	0.556641	0.00143841
0.130859	0.509766	-0.00209454
0.869141	0.490234	0.00209454
0.138672	0.548828	-0.00263397
0.861328	0.451172	0.00263397
0.142578	0.564453	-0.00283757
0.857422	0.435547	0.00283757
0.423828	0.00976562	0.00313466
0.576172	0.990234	-0.00313466
0.275391	0.0527344	0.000781965
0.724609	0.947266	-0.000781898
0.267578	0.0566406	0.000459635
0.732422	0.943359	-0.000459671
0.240234	0.0722656	-0.000225442
0.759766	0.927734	0.000225489
0.169922	0.146484	-0.00144443
0.830078	0.853516	0.00144443
0.494141	0.517578	0.0026989
0.505859	0.482422	-0.0026989
0.126953	0.287109	-0.000973454
0.873047	0.712891	0.000973454
0.123047	0.322266	-0.000738031
0.876953	0.677734	0.000738031
0.123047	0.447266	-0.00117477
0.876953	0.552734	0.00117477
0.126953	0.486328	-0.00139521
0.873047	0.513672	0.00139521
0.134766	0.533203	-0.00195957
0.865234	0.466797	0.00195957
0.146484	0.580078	-0.00253324
0.853516	0.419922	0.00253324
0.150391	0.591797	-0.00287095
0.849609	0.408203	0.00287095
0.154297	0.603516	-0.00285327
0.845703	0.396484	0.00285327
0.404297	0.0136719	0.0029671
0.595703	0.986328	-0.0029671
0.369141	0.0214844	0.00258889
0.630859	0.978516	-0.00258891
0.314453	0.0371094	0.00174562
0.685547	0.962891	-0.00174567
0.259766	0.0605469	0.00039557
0.740234	0.939453	-0.000395631
0.185547	0.123047	-0.00142642
0.814453	0.876953	0.00142642
0.154297	0.177734	-0.00114538
0.845703	0.822266	0.00114538
0.138672	0.224609	-0.000893659
0.861328	0.775391	0.000893659
0.134766	0.240234	-0.000701671
0.865234	0.759766	0.00070167
0.130859	0.259766	-0.00067006
0.869141	0.740234	0.00067006
0.126953	0.283203	-0.000452444
0.873047	0.716797	0.000452444
0.123047	0.318359	-0.000417124
0.876953	0.681641	0.000417124
0.123047	0.451172	-0.000892879
0.876953	0.548828	0.000892879
0.130859	0.513672	-0.00148844
0.869141	0.486328	0.00148844
0.138672	0.552734	-0.00177625
0.861328	0.447266	0.00177625
0.126953	0.490234	-0.000919437
0.873047	0.509766	0.000919437
0.142578	0.568359	-0.00186591
0.857422	0.431641	0.00186591
0.162109	0.623047	-0.00315793
0.837891	0.376953	0.00315793
0.353516	0.0253906	0.00242301
0.646484	0.974609	-0.00242299
0.326172	0.0332031	0.00203299
0.673828	0.966797	-0.00203294
0.302734	0.0410156	0.00176001
0.697266	0.958984	-0.00176006
0.283203	0.0488281	0.00133856
0.716797	0.951172	-0.00133845
0.251953	0.0644531	0.000597208
0.748047	0.935547	-0.000597211
0.228516	0.0800781	-0.000230614
0.771484	0.919922	0.000230617
0.173828	0.138672	-0.000737405
0.826172	0.861328	0.000737405
0.146484	0.197266	-0.000649684
0.853516	0.802734	0.000649684
0.142578	0.208984	-0.000476377
0.857422	0.791016	0.000476377
0.123047	0.314453	-7.56913e-05
0.876953	0.685547	7.56912e-05
0.123047	0.455078	-0.00059253
0.876953	0.544922	0.00059253
0.130859	0.517578	-0.000861097
0.869141	0.482422	0.000861097
0.134766	0.537109	-0.00120957
0.865234	0.462891	0.00120957
0.158203	0.615234	-0.0024504
0.841797	0.384766	0.0024504
0.181641	0.662109	-0.00316813
0.818359	0.337891	0.00316813
0.408203	0.783203	-0.00389317
0.591797	0.216797	0.00389317
0.181641	0.126953	-0.000628436
0.818359	0.873047	0.000628437
0.150391	0.185547	-0.000381165
0.849609	0.814453	0.000381164
0.138672	0.220703	9.89678e-05
0.861328	0.779297	-9.89679e-05
0.134766	0.236328	0.000153747
0.865234	0.763672	-0.000153747
0.130859	0.255859	3.38857e-05
0.869141	0.744141	-3.38858e-05
0.126953	0.279297	9.24648e-05
0.873047	0.720703	-9.2465e-05
0.123047	0.310547	0.00028663
0.876953	0.689453	-0.00028663
0.123047	0.458984	-0.000273567
0.876953	0.541016	0.000273567
0.126953	0.494141	-0.000423059
0.873047	0.505859	0.000423059
0.138672	0.556641	-0.000892456
0.861328	0.443359	0.000892456
0.146484	0.583984	-0.00143419
0.853516	0.416016	0.00143419
0.150391	0.595703	-0.00166889
0.849609	0.404297	0.00166889
0.154297	0.607422	-0.00153809
0.845703	0.392578	0.00153809
0.166016	0.634766	-0.00203047
0.833984	0.365234	0.00203047
0.169922	0.642578	-0.00219292
0.830078	0.357422	0.00219292
0.294922	0.759766	-0.00334926
0.705078	0.240234	0.00334926
0.330078	0.771484	-0.00359324
0.669922	0.228516	0.00359324
0.345703	0.775391	-0.00354023
0.654297	0.224609	0.00354023
0.365234	0.779297	-0.00336282
0.634766	0.220703	0.00336282
0.486328	0.779297	-0.0037918
0.513672	0.220703	0.0037918
0.396484	0.783203	-0.00316359
0.400391	0.783203	-0.00344556
0.404297	0.783203	-0.00368873
0.447266	0.783203	-0.00382405
0.451172	0.783203	-0.00360684
0.548828	0.216797	0.00360684
0.552734	0.216797	0.00382405
0.595703	0.216797	0.00368873
0.599609	0.216797	0.00344556
0.603516	0.216797	0.00316359
0.455078	0.783203	-0.0033514
0.544922	0.216797	0.0033514
0.384766	0.0175781	0.00302548
0.615234	0.982422	-0.00302549
0.498047	0.513672	-0.000372801
0.501953	0.486328	0.000372801
0.208984	0.0957031	-0.000158827
0.791016	0.904297	0.00015883
0.205078	0.0996094	-0.000345828
0.794922	0.900391	0.000345832
0.201172	0.103516	-0.000380169
0.798828	0.896484	0.000380172
0.197266	0.107422	-0.000264272
0.802734	0.892578	0.000264273
0.162109	0.158203	-0.000139234
0.837891	0.841797	0.000139234
0.166016	0.150391	4.36593e-05
0.833984	0.849609	-4.36595e-05
0.158203	0.166016	-2.43161e-05
0.841797	0.833984	2.43161e-05
0.123047	0.462891	6.41399e-05
0.876953	0.537109	-6.414e-05
0.494141	0.521484	0.0018588
0.505859	0.478516	-0.0018588
0.126953	0.498047	9.41527e-05
0.873047	0.501953	-9.41528e-05
0.130859	0.521484	-0.000211154
0.869141	0.478516	0.000211154
0.134766	0.541016	-0.000436484
0.865234	0.458984	0.000436484
0.142578	0.572266	-0.00086612
0.857422	0.427734	0.00086612
0.162109	0.626953	-0.00163531
0.837891	0.373047	0.00163531
0.173828	0.650391	-0.00210663
0.826172	0.349609	0.00210663
0.197266	0.685547	-0.00305581
0.802734	0.314453	0.00305581
0.185547	0.669922	-0.00237842
0.814453	0.330078	0.00237842
0.490234	0.529297	0.00364793
0.509766	0.470703	-0.00364793
0.302734	0.763672	-0.00259153
0.697266	0.236328	0.00259153
0.314453	0.767578	-0.0028215
0.685547	0.232422	0.0028215
0.326172	0.771484	-0.002534
0.673828	0.228516	0.002534
0.341797	0.775391	-0.00267
0.658203	0.224609	0.00267
0.361328	0.779297	-0.00271388
0.638672	0.220703	0.00271388
0.509766	0.775391	-0.00333449
0.490234	0.224609	0.00333449
0.490234	0.779297	-0.0031791
0.509766	0.220703	0.0031791
0.388672	0.783203	-0.00248212
0.392578	0.783203	-0.00284255
0.607422	0.216797	0.00284255
0.611328	0.216797	0.00248212
0.458984	0.783203	-0.00305763
0.541016	0.216797	0.00305763
0.462891	0.783203	-0.00272541
0.537109	0.216797	0.00272542
0.337891	0.0292969	0.00258876
0.662109	0.970703	-0.00258866
0.244141	0.0683594	0.00108389
0.755859	0.931641	-0.00108385
0.232422	0.0761719	0.000752924
0.767578	0.923828	-0.000752903
0.212891	0.0917969	0.000178872
0.787109	0.908203	-0.000178872
0.193359	0.111328	-2.69321e-07
0.806641	0.888672	2.69858e-07
0.154297	0.173828	0.000371497
0.845703	0.826172	-0.000371497
0.146484	0.193359	0.000623274
0.853516	0.806641	-0.000623274
0.142578	0.205078	0.000668243
0.857422	0.794922	-0.000668244
0.130859	0.251953	0.000765505
0.869141	0.748047	-0.000765505
0.126953	0.275391	0.000661872
0.873047	0.724609	-0.000661872
0.123047	0.306641	0.000670167
0.876953	0.693359	-0.000670167
0.123047	0.466797	0.000420745
0.876953	0.533203	-0.000420745
0.119141	0.365234	0.000940405
0.119141	0.369141	0.000849309
0.119141	0.373047	0.000776184
0.119141	0.376953	0.0007208
0.119141	0.380859	0.000683042
0.119141	0.384766	0.000662899
0.119141	0.388672	0.000660394
0.119141	0.392578	0.000675523
0.119141	0.396484	0.00070825
0.119141	0.400391	0.000758534
0.880859	0.599609	-0.000758534
0.880859	0.603516	-0.00070825
0.880859	0.607422	-0.000675523
0.880859	0.611328	-0.000660394
0.880859	0.615234	-0.000662899
0.880859	0.619141	-0.000683042
0.880859	0.623047	-0.0007208
0.880859	0.626953	-0.000776184
0.880859	0.630859	-0.000849309
0.880859	0.634766	-0.000940405
0.119141	0.404297	0.00082634
0.119141	0.408203	0.000911652
0.880859	0.591797	-0.000911652
0.880859	0.595703	-0.00082634
0.138672	0.560547	1.73585e-05
0.861328	0.439453	-1.73586e-05
0.146484	0.587891	-0.000305051
0.853516	0.412109	0.00030505
0.150391	0.599609	-0.000433799
0.849609	0.400391	0.000433799
0.158203	0.619141	-0.00101756
0.841797	0.380859	0.00101756
0.177734	0.658203	-0.0017613
0.822266	0.341797	0.0017613
0.193359	0.681641	-0.00223858
0.806641	0.318359	0.00223858
0.244141	0.732422	-0.00253721
0.755859	0.267578	0.00253721
0.255859	0.740234	-0.00269305
0.744141	0.259766	0.00269305
0.275391	0.751953	-0.00223827
0.724609	0.248047	0.00223827
0.283203	0.755859	-0.00217636
0.716797	0.244141	0.00217636
0.357422	0.779297	-0.00202356
0.642578	0.220703	0.00202356
0.525391	0.771484	-0.00338987
0.474609	0.228516	0.00338987
0.384766	0.783203	-0.0020821
0.615234	0.216797	0.0020821
0.494141	0.779297	-0.00252647
0.505859	0.220703	0.00252647
0.466797	0.783203	-0.00235468
0.533203	0.216797	0.00235468
0.443359	0.00585938	0.00356112
0.556641	0.994141	-0.00356117
0.291016	0.0449219	0.00210914
0.708984	0.955078	-0.00210909
0.216797	0.0878906	0.000663364
0.783203	0.912109	-0.000663371
0.189453	0.115234	0.000413854
0.810547	0.884766	-0.000413854
0.177734	0.130859	0.000309333
0.822266	0.869141	-0.000309332
0.169922	0.142578	0.000545425
0.830078	0.857422	-0.000545425
0.138672	0.216797	0.00112549
0.861328	0.783203	-0.00112549
0.134766	0.232422	0.00104003
0.865234	0.767578	-0.00104003
0.123047	0.302734	0.00107527
0.876953	0.697266	-0.00107527
0.126953	0.271484	0.00125635
0.873047	0.728516	-0.00125635
0.123047	0.470703	0.000796391
0.876953	0.529297	-0.000796391
0.119141	0.357422	0.0011775
0.119141	0.361328	0.00104974
0.880859	0.638672	-0.00104974
0.880859	0.642578	-0.0011775
0.126953	0.501953	0.000632457
0.873047	0.498047	-0.000632457
0.119141	0.353516	0.00132377
0.119141	0.412109	0.00101447
0.880859	0.587891	-0.00101447
0.880859	0.646484	-0.00132377
0.119141	0.416016	0.00113482
0.880859	0.583984	-0.00113482
0.130859	0.525391	0.000462364
0.869141	0.474609	-0.000462364
0.134766	0.544922	0.000361204
0.865234	0.455078	-0.000361204
0.142578	0.576172	0.000163495
0.857422	0.423828	-0.000163495
0.154297	0.611328	-0.000188842
0.845703	0.388672	0.000188842
0.181641	0.666016	-0.00114521
0.818359	0.333984	0.00114521
0.189453	0.677734	-0.00130069
0.810547	0.322266	0.00130069
0.208984	0.701172	-0.00215493
0.791016	0.298828	0.00215493
0.212891	0.705078	-0.00238611
0.787109	0.294922	0.00238611
0.216797	0.708984	-0.00248293
0.783203	0.291016	0.00248293
0.220703	0.712891	-0.00244427
0.779297	0.287109	0.00244427
0.205078	0.697266	-0.00179073
0.794922	0.302734	0.00179073
0.224609	0.716797	-0.00226895
0.775391	0.283203	0.00226895
0.228516	0.720703	-0.00195659
0.771484	0.279297	0.00195659
0.267578	0.748047	-0.00199474
0.732422	0.251953	0.00199474
0.291016	0.759766	-0.00181887
0.708984	0.240234	0.00181887
0.310547	0.767578	-0.00156524
0.689453	0.232422	0.00156524
0.337891	0.775391	-0.00175675
0.662109	0.224609	0.00175675
0.322266	0.771484	-0.00143074
0.677734	0.228516	0.00143074
0.353516	0.779297	-0.00129179
0.646484	0.220703	0.00129179
0.380859	0.783203	-0.00164254
0.619141	0.216797	0.00164254
0.513672	0.775391	-0.00246655
0.486328	0.224609	0.00246655
0.541016	0.767578	-0.00264419
0.458984	0.232422	0.00264419
0.560547	0.759766	-0.0032244
0.439453	0.240234	0.0032244
0.470703	0.783203	-0.00194538
0.529297	0.216797	0.00194538
0.376953	0.783203	-0.00116343
0.623047	0.216797	0.00116343
0.529297	0.771484	-0.00233852
0.470703	0.228516	0.00233852
0.552734	0.763672	-0.00244388
0.447266	0.236328	0.00244388
0.498047	0.779297	-0.00183408
0.501953	0.220703	0.00183408
0.474609	0.783203	-0.00149744
0.525391	0.216797	0.00149744
0.498047	0.494141	0.00287044
0.501953	0.505859	-0.00287044
0.150391	0.181641	0.00103078
0.849609	0.818359	-0.00103078
0.130859	0.248047	0.00152559
0.869141	0.751953	-0.00152559
0.123047	0.298828	0.00150243
0.876953	0.701172	-0.00150243
0.119141	0.349609	0.00148856
0.880859	0.650391	-0.00148856
0.123047	0.474609	0.0011913
0.876953	0.525391	-0.0011913
0.119141	0.419922	0.00127274
0.880859	0.580078	-0.00127274
0.119141	0.423828	0.00142831
0.880859	0.576172	-0.00142831
0.126953	0.505859	0.00119237
0.873047	0.494141	-0.00119237
0.162109	0.630859	-7.50667e-05
0.837891	0.369141	7.50666e-05
0.166016	0.638672	-0.000377297
0.833984	0.361328	0.000377297
0.169922	0.646484	-0.000441601
0.830078	0.353516	0.000441601
0.494141	0.525391	0.000930298
0.505859	0.474609	-0.000930298
0.173828	0.654297	-0.000253726
0.826172	0.345703	0.000253726
0.201172	0.693359	-0.00129605
0.798828	0.306641	0.00129605
0.232422	0.724609	-0.00150794
0.767578	0.275391	0.00150794
0.248047	0.736328	-0.00161215
0.751953	0.263672	0.00161215
0.259766	0.744141	-0.00143672
0.740234	0.255859	0.00143672
0.298828	0.763672	-0.00117748
0.701172	0.236328	0.00117748
0.490234	0.533203	0.00246714
0.509766	0.466797	-0.00246714
0.333984	0.775391	-0.000800447
0.666016	0.224609	0.000800447
0.349609	0.779297	-0.000518132
0.650391	0.220703	0.000518132
0.373047	0.783203	-0.000644271
0.626953	0.216797	0.000644272
0.517578	0.775391	-0.00155799
0.482422	0.224609	0.00155799
0.501953	0.779297	-0.00110163
0.498047	0.220703	0.00110163
0.572266	0.755859	-0.00209882
0.427734	0.244141	0.00209882
0.580078	0.751953	-0.00219128
0.419922	0.248047	0.00219128
0.478516	0.783203	-0.00101061
0.521484	0.216797	0.00101061
0.599609	0.740234	-0.00270851
0.400391	0.259766	0.00270851
0.673828	0.654297	-0.00353623
0.326172	0.345703	0.00353623
0.685547	0.619141	-0.00380213
0.314453	0.380859	0.00380213
0.681641	0.634766	-0.00328353
0.318359	0.365234	0.00328353
0.689453	0.599609	-0.00366182
0.310547	0.400391	0.00366182
0.271484	0.0527344	0.00237125
0.728516	0.947266	-0.00237123
0.263672	0.0566406	0.00215297
0.736328	0.943359	-0.00215303
0.220703	0.0839844	0.00129227
0.779297	0.916016	-0.00129228
0.185547	0.119141	0.000980285
0.814453	0.880859	-0.000980285
0.498047	0.517578	-0.00112596
0.501953	0.482422	0.00112596
0.126953	0.267578	0.0018766
0.873047	0.732422	-0.0018766
0.123047	0.294922	0.00195209
0.876953	0.705078	-0.00195209
0.119141	0.345703	0.00167192
0.880859	0.654297	-0.00167192
0.119141	0.341797	0.00187403
0.880859	0.658203	-0.00187403
0.119141	0.427734	0.00160159
0.880859	0.572266	-0.00160159
0.130859	0.529297	0.00116039
0.869141	0.470703	-0.00116039
0.123047	0.478516	0.00160572
0.876953	0.521484	-0.00160572
0.119141	0.431641	0.00179261
0.880859	0.568359	-0.00179261
0.134766	0.548828	0.00118567
0.865234	0.451172	-0.00118567
0.138672	0.564453	0.000954318
0.861328	0.435547	-0.000954318
0.146484	0.591797	0.000854885
0.853516	0.408203	-0.000854885
0.150391	0.603516	0.000835033
0.849609	0.396484	-0.000835034
0.158203	0.623047	0.000451862
0.841797	0.376953	-0.000451862
0.185547	0.673828	-0.000246698
0.814453	0.326172	0.000246698
0.197266	0.689453	-0.000674104
0.802734	0.310547	0.000674104
0.177734	0.662109	0.000195485
0.822266	0.337891	-0.000195485
0.236328	0.728516	-0.000924287
0.763672	0.271484	0.000924287
0.251953	0.740234	-0.000558452
0.748047	0.259766	0.000558452
0.271484	0.751953	-0.0004239
0.728516	0.248047	0.0004239
0.279297	0.755859	-0.000482027
0.720703	0.244141	0.000482027
0.287109	0.759766	-0.000242567
0.712891	0.240234	0.000242567
0.306641	0.767578	-0.000263717
0.693359	0.232422	0.000263717
0.318359	0.771484	-0.000282897
0.681641	0.228516	0.000282897
0.369141	0.783203	-8.46616e-05
0.630859	0.216797	8.46617e-05
0.544922	0.767578	-0.00140197
0.455078	0.232422	0.00140197
0.533203	0.771484	-0.00124463
0.466797	0.228516	0.00124463
0.564453	0.759766	-0.00171367
0.435547	0.240234	0.00171367
0.513672	0.458984	-0.0032937
0.486328	0.541016	0.0032937
0.521484	0.775391	-0.000607907
0.478516	0.224609	0.000607907
0.556641	0.763672	-0.00104724
0.443359	0.236328	0.00104724
0.505859	0.779297	-0.000328046
0.494141	0.220703	0.000328046
0.587891	0.748047	-0.00197655
0.412109	0.251953	0.00197655
0.482422	0.783203	-0.000484566
0.517578	0.216797	0.000484566
0.611328	0.732422	-0.00256049
0.388672	0.267578	0.00256049
0.408203	0.787109	2.90904e-05
0.412109	0.787109	-0.000134895
0.416016	0.787109	-0.000260771
0.419922	0.787109	-0.000348703
0.423828	0.787109	-0.000398861
0.427734	0.787109	-0.000411308
0.431641	0.787109	-0.000385998
0.435547	0.787109	-0.000322872
0.439453	0.787109	-0.000221945
0.443359	0.787109	-8.3272e-05
0.556641	0.212891	8.32721e-05
0.560547	0.212891	0.000221945
0.564453	0.212891	0.000322873
0.568359	0.212891	0.000385998
0.572266	0.212891	0.000411308
0.576172	0.212891	0.000398861
0.580078	0.212891	0.000348704
0.583984	0.212891	0.000260771
0.587891	0.212891	0.000134896
0.591797	0.212891	-2.90902e-05
0.654297	0.689453	-0.00276523
0.345703	0.310547	0.00276523
0.662109	0.677734	-0.00285856
0.337891	0.322266	0.00285856
0.677734	0.646484	-0.002973
0.322266	0.353516	0.002973
0.685547	0.623047	-0.00284062
0.314453	0.376953	0.00284062
0.689453	0.603516	-0.00306544
0.310547	0.396484	0.00306544
0.689453	0.607422	-0.00239866
0.310547	0.392578	0.00239866
0.681641	0.505859	-0.00349877
0.318359	0.494141	0.00349877
0.689453	0.537109	-0.00335449
0.310547	0.462891	0.00335449
0.685547	0.517578	-0.00315286
0.314453	0.482422	0.00315286
0.310547	0.0371094	0.00295254
0.689453	0.962891	-0.00295261
0.255859	0.0605469	0.00219291
0.744141	0.939453	-0.00219296
0.236328	0.0722656	0.00186671
0.763672	0.927734	-0.00186668
0.173828	0.134766	0.00138147
0.826172	0.865234	-0.00138147
0.162109	0.154297	0.00165029
0.837891	0.845703	-0.00165029
0.158203	0.162109	0.00164887
0.841797	0.837891	-0.00164887
0.146484	0.189453	0.0019364
0.853516	0.810547	-0.0019364
0.142578	0.201172	0.00185052
0.857422	0.798828	-0.00185052
0.134766	0.228516	0.00195854
0.865234	0.771484	-0.00195854
0.119141	0.337891	0.0020952
0.880859	0.662109	-0.0020952
0.119141	0.435547	0.00200136
0.880859	0.564453	-0.00200136
0.126953	0.509766	0.00177407
0.873047	0.490234	-0.00177407
0.123047	0.482422	0.00203963
0.876953	0.517578	-0.00203963
0.130859	0.533203	0.00188285
0.869141	0.466797	-0.00188285
0.142578	0.580078	0.0012238
0.857422	0.419922	-0.0012238
0.154297	0.615234	0.00119473
0.845703	0.384766	-0.00119473
0.193359	0.685547	7.22136e-05
0.806641	0.314453	-7.22136e-05
0.240234	0.732422	-0.000207008
0.759766	0.267578	0.000207008
0.263672	0.748047	-5.87948e-05
0.736328	0.251953	5.87949e-05
0.494141	0.529297	-9.96793e-05
0.505859	0.470703	9.96793e-05
0.294922	0.763672	0.000283102
0.705078	0.236328	-0.000283102
0.330078	0.775391	0.000199563
0.669922	0.224609	-0.000199563
0.345703	0.779297	0.000297886
0.654297	0.220703	-0.000297886
0.365234	0.783203	0.000515543
0.634766	0.216797	-0.000515543
0.486328	0.783203	8.0856e-05
0.513672	0.216797	-8.08559e-05
0.595703	0.744141	-0.00144511
0.404297	0.255859	0.00144511
0.404297	0.787109	0.000231304
0.595703	0.212891	-0.000231304
0.447266	0.787109	9.31258e-05
0.552734	0.212891	-9.31257e-05
0.509766	0.462891	-0.00115632
0.490234	0.537109	0.00115632
0.537109	0.771484	-0.000107496
0.462891	0.228516	0.000107496
0.548828	0.767578	-0.000113753
0.451172	0.232422	0.000113753
0.576172	0.755859	-0.000423802
0.423828	0.244141	0.000423802
0.607422	0.736328	-0.00164034
0.392578	0.263672	0.00164034
0.396484	0.787109	0.000750744
0.400391	0.787109	0.000471815
0.451172	0.787109	0.000307309
0.455078	0.787109	0.000559374
0.544922	0.212891	-0.000559374
0.548828	0.212891	-0.000307309
0.599609	0.212891	-0.000471814
0.603516	0.212891	-0.000750743
0.623047	0.724609	-0.00148581
0.376953	0.275391	0.00148581
0.626953	0.720703	-0.00189425
0.373047	0.279297	0.00189425
0.630859	0.716797	-0.00215188
0.369141	0.283203	0.00215188
0.634766	0.712891	-0.00225613
0.365234	0.287109	0.00225613
0.638672	0.708984	-0.00220481
0.361328	0.291016	0.00220481
0.642578	0.705078	-0.00199631
0.357422	0.294922	0.00199631
0.658203	0.685547	-0.00183781
0.341797	0.314453	0.00183781
0.646484	0.701172	-0.00163024
0.353516	0.298828	0.00163024
0.517578	0.451172	-0.00322642
0.482422	0.548828	0.00322642
0.666016	0.673828	-0.0015304
0.333984	0.326172	0.0015304
0.669922	0.666016	-0.00191106
0.330078	0.333984	0.00191106
0.673828	0.658203	-0.00189717
0.326172	0.341797	0.00189717
0.677734	0.650391	-0.00149297
0.322266	0.349609	0.00149297
0.681641	0.638672	-0.00202803
0.318359	0.361328	0.00202803
0.685547	0.626953	-0.00181106
0.314453	0.373047	0.00181106
0.689453	0.611328	-0.0016625
0.310547	0.388672	0.0016625
0.673828	0.486328	-0.00328712
0.326172	0.513672	0.00328712
0.677734	0.494141	-0.00297191
0.322266	0.505859	0.00297191
0.689453	0.533203	-0.00270698
0.310547	0.466797	0.00270698
0.669922	0.478516	-0.0031159
0.330078	0.521484	0.0031159
0.685547	0.513672	-0.00210819
0.314453	0.486328	0.00210819
0.689453	0.529297	-0.00198478
0.310547	0.470703	0.00198478
0.693359	0.560547	-0.0017508
0.693359	0.564453	-0.00187453
0.693359	0.568359	-0.00192615
0.693359	0.572266	-0.00190602
0.693359	0.576172	-0.0018144
0.693359	0.580078	-0.00165146
0.693359	0.583984	-0.0014173
0.306641	0.416016	0.0014173
0.306641	0.419922	0.00165146
0.306641	0.423828	0.0018144
0.306641	0.427734	0.00190602
0.306641	0.431641	0.00192615
0.306641	0.435547	0.00187453
0.306641	0.439453	0.0017508
0.693359	0.556641	-0.0015547
0.306641	0.443359	0.0015547
0.322266	0.0332031	0.00315032
0.677734	0.966797	-0.0031503
0.279297	0.0488281	0.00283508
0.720703	0.951172	-0.00283497
0.224609	0.0800781	0.00206244
0.775391	0.919922	-0.00206245
0.181641	0.123047	0.00169628
0.818359	0.876953	-0.00169627
0.166016	0.146484	0.00195596
0.833984	0.853516	-0.00195596
0.154297	0.169922	0.00193279
0.845703	0.830078	-0.00193279
0.138672	0.212891	0.00218749
0.861328	0.787109	-0.00218749
0.130859	0.244141	0.00231519
0.869141	0.755859	-0.00231519
0.126953	0.263672	0.00252312
0.873047	0.736328	-0.00252312
0.123047	0.291016	0.00242457
0.876953	0.708984	-0.00242457
0.119141	0.333984	0.00233575
0.880859	0.666016	-0.00233575
0.119141	0.330078	0.00259592
0.880859	0.669922	-0.00259592
0.119141	0.439453	0.00222785
0.880859	0.560547	-0.00222785
0.119141	0.443359	0.00247218
0.880859	0.556641	-0.00247218
0.126953	0.513672	0.00237679
0.873047	0.486328	-0.00237679
0.134766	0.552734	0.00203728
0.865234	0.447266	-0.00203728
0.138672	0.568359	0.00191869
0.861328	0.431641	-0.00191869
0.162109	0.634766	0.00152271
0.837891	0.365234	-0.00152271
0.166016	0.642578	0.00131471
0.833984	0.357422	-0.00131471
0.169922	0.650391	0.00134991
0.830078	0.349609	-0.00134991
0.181641	0.669922	0.000919115
0.818359	0.330078	-0.000919115
0.189453	0.681641	0.000940144
0.810547	0.318359	-0.000940144
0.208984	0.705078	0.000477064
0.791016	0.294922	-0.000477064
0.212891	0.708984	0.000315503
0.787109	0.291016	-0.000315503
0.216797	0.712891	0.000287195
0.783203	0.287109	-0.000287195
0.220703	0.716797	0.000393275
0.779297	0.283203	-0.000393275
0.244141	0.736328	0.000642134
0.755859	0.263672	-0.000642133
0.255859	0.744141	0.000621347
0.744141	0.255859	-0.000621347
0.302734	0.767578	0.00108492
0.697266	0.232422	-0.00108492
0.314453	0.771484	0.000910683
0.685547	0.228516	-0.000910683
0.326172	0.775391	0.00124412
0.673828	0.224609	-0.00124412
0.341797	0.779297	0.0011566
0.658203	0.220703	-0.0011566
0.361328	0.783203	0.00115656
0.638672	0.216797	-0.00115656
0.525391	0.775391	0.00038626
0.474609	0.224609	-0.00038626
0.509766	0.779297	0.000487696
0.490234	0.220703	-0.000487696
0.568359	0.759766	-0.000155544
0.431641	0.240234	0.000155545
0.490234	0.783203	0.000686024
0.509766	0.216797	-0.000686024
0.583984	0.751953	-0.000394893
0.416016	0.248047	0.000394893
0.392578	0.787109	0.00106836
0.607422	0.212891	-0.00106836
0.458984	0.787109	0.000849445
0.541016	0.212891	-0.000849444
0.560547	0.763672	0.000395883
0.439453	0.236328	-0.000395883
0.591797	0.748047	-5.72855e-05
0.408203	0.251953	5.72857e-05
0.603516	0.740234	-0.000585446
0.396484	0.259766	0.000585446
0.388672	0.787109	0.00142501
0.611328	0.212891	-0.00142501
0.462891	0.787109	0.00117765
0.537109	0.212891	-0.00117765
0.619141	0.728516	-0.000929889
0.380859	0.271484	0.000929889
0.513672	0.455078	-0.00163637
0.486328	0.544922	0.00163637
0.650391	0.697266	-0.00110666
0.349609	0.302734	0.00110667
0.662109	0.681641	-0.00075557
0.337891	0.318359	0.00075557
0.681641	0.642578	-0.000707146
0.318359	0.357422	0.000707147
0.685547	0.630859	-0.000714188
0.314453	0.369141	0.000714188
0.689453	0.615234	-0.000857751
0.310547	0.384766	0.000857752
0.681641	0.501953	-0.00219711
0.318359	0.498047	0.00219711
0.666016	0.470703	-0.00243654
0.333984	0.529297	0.00243654
0.673828	0.482422	-0.00152818
0.326172	0.517578	0.00152818
0.677734	0.490234	-0.00140592
0.322266	0.509766	0.00140592
0.685547	0.509766	-0.000986738
0.314453	0.490234	0.000986738
0.689453	0.525391	-0.00118736
0.310547	0.474609	0.00118736
0.693359	0.587891	-0.00111212
0.306641	0.412109	0.00111212
0.693359	0.548828	-0.00094479
0.693359	0.552734	-0.00128606
0.693359	0.591797	-0.00073647
0.693359	0.595703	-0.000291001
0.306641	0.404297	0.000291001
0.306641	0.408203	0.00073647
0.306641	0.447266	0.00128606
0.306641	0.451172	0.000944791
0.693359	0.544922	-0.000530743
0.306641	0.455078	0.000530743
0.650391	0.451172	-0.00273943
0.349609	0.548828	0.00273943
0.646484	0.447266	-0.00276452
0.353516	0.552734	0.00276452
0.619141	0.427734	-0.00276029
0.380859	0.572266	0.00276029
0.548828	0.423828	-0.00340545
0.451172	0.576172	0.00340545
0.560547	0.419922	-0.00324378
0.595703	0.419922	-0.00320066
0.404297	0.580078	0.00320066
0.439453	0.580078	0.00324378
0.365234	0.0214844	0.00346553
0.634766	0.978516	-0.00346555
0.349609	0.0253906	0.00337386
0.650391	0.974609	-0.00337382
0.298828	0.0410156	0.00306409
0.701172	0.958984	-0.00306412
0.248047	0.0644531	0.0025048
0.751953	0.935547	-0.00250478
0.150391	0.177734	0.00248595
0.849609	0.822266	-0.00248595
0.123047	0.287109	0.00292008
0.876953	0.712891	-0.00292008
0.119141	0.326172	0.00287589
0.880859	0.673828	-0.00287589
0.123047	0.486328	0.00249299
0.876953	0.513672	-0.00249299
0.119141	0.447266	0.00273451
0.880859	0.552734	-0.00273451
0.498047	0.521484	-0.00194882
0.501953	0.478516	0.00194882
0.130859	0.537109	0.00262832
0.869141	0.462891	-0.00262832
0.142578	0.583984	0.00231399
0.857422	0.416016	-0.00231399
0.146484	0.595703	0.00204639
0.853516	0.404297	-0.00204639
0.150391	0.607422	0.00213791
0.849609	0.392578	-0.00213791
0.158203	0.626953	0.00195855
0.841797	0.373047	-0.00195855
0.173828	0.658203	0.00163944
0.826172	0.341797	-0.00163944
0.205078	0.701172	0.000770848
0.794922	0.298828	-0.000770848
0.201172	0.697266	0.00119511
0.798828	0.302734	-0.00119511
0.224609	0.720703	0.000634627
0.775391	0.279297	-0.000634627
0.228516	0.724609	0.00101109
0.771484	0.275391	-0.00101109
0.267578	0.751953	0.00143795
0.732422	0.248047	-0.00143795
0.275391	0.755859	0.00126002
0.724609	0.244141	-0.00126002
0.283203	0.759766	0.00138139
0.716797	0.240234	-0.00138139
0.494141	0.533203	-0.00124256
0.505859	0.466797	0.00124256
0.357422	0.783203	0.00183909
0.642578	0.216797	-0.00183909
0.541016	0.771484	0.00107415
0.458984	0.228516	-0.00107415
0.513672	0.779297	0.00134567
0.486328	0.220703	-0.00134567
0.494141	0.783203	0.00133118
0.505859	0.216797	-0.00133118
0.384766	0.787109	0.001821
0.615234	0.212891	-0.001821
0.466797	0.787109	0.00154412
0.533203	0.212891	-0.00154412
0.615234	0.732422	-0.000230397
0.384766	0.267578	0.000230397
0.552734	0.767578	0.0012201
0.447266	0.232422	-0.0012201
0.529297	0.775391	0.00142506
0.470703	0.224609	-0.00142506
0.509766	0.458984	0.00029193
0.490234	0.541016	-0.00029193
0.599609	0.744141	0.000599419
0.400391	0.255859	-0.000599419
0.470703	0.787109	0.00194894
0.529297	0.212891	-0.00194894
0.611328	0.736328	0.00060918
0.388672	0.263672	-0.00060918
0.654297	0.693359	-0.000425963
0.345703	0.306641	0.000425963
0.669922	0.669922	-5.43007e-05
0.330078	0.330078	5.43009e-05
0.673828	0.662109	-0.000196385
0.326172	0.337891	0.000196385
0.658203	0.689453	0.000410841
0.341797	0.310547	-0.00041084
0.666016	0.677734	0.000478827
0.333984	0.322266	-0.000478827
0.677734	0.654297	5.05814e-05
0.322266	0.345703	-5.05812e-05
0.681641	0.646484	0.000680245
0.318359	0.353516	-0.000680245
0.517578	0.447266	-0.00117972
0.482422	0.552734	0.00117972
0.521484	0.443359	-0.00212855
0.478516	0.556641	0.00212855
0.685547	0.634766	0.000450541
0.314453	0.365234	-0.00045054
0.525391	0.439453	-0.00263653
0.474609	0.560547	0.00263653
0.689453	0.619141	1.5807e-05
0.310547	0.380859	-1.58069e-05
0.529297	0.435547	-0.00267858
0.470703	0.564453	0.00267858
0.681641	0.498047	-0.000817965
0.318359	0.501953	0.000817965
0.669922	0.474609	-0.00116075
0.330078	0.525391	0.00116075
0.689453	0.521484	-0.000314199
0.310547	0.478516	0.000314199
0.654297	0.455078	-0.00246955
0.345703	0.544922	0.00246955
0.658203	0.458984	-0.00196378
0.341797	0.541016	0.00196378
0.693359	0.599609	0.000223979
0.306641	0.400391	-0.000223979
0.662109	0.462891	-0.00123197
0.337891	0.537109	0.00123197
0.685547	0.505859	0.000211164
0.314453	0.494141	-0.000211164
0.533203	0.431641	-0.00224623
0.466797	0.568359	0.00224623
0.693359	0.603516	0.000808657
0.306641	0.396484	-0.000808657
0.642578	0.443359	-0.00253767
0.357422	0.556641	0.00253767
0.693359	0.541016	-4.35648e-05
0.306641	0.458984	4.3565e-05
0.638672	0.439453	-0.00205316
0.361328	0.560547	0.00205316
0.693359	0.537109	0.000517079
0.306641	0.462891	-0.000517079
0.626953	0.431641	-0.00238596
0.373047	0.568359	0.00238596
0.611328	0.423828	-0.00239281
0.388672	0.576172	0.00239281
0.634766	0.435547	-0.00130696
0.365234	0.564453	0.00130696
0.537109	0.427734	-0.00134783
0.462891	0.572266	0.00134783
0.544922	0.423828	-0.00179647
0.455078	0.576172	0.00179647
0.556641	0.419922	-0.00228278
0.599609	0.419922	-0.00230857
0.400391	0.580078	0.00230857
0.443359	0.580078	0.00228278
0.552734	0.419922	-0.00112762
0.603516	0.419922	-0.00126365
0.396484	0.580078	0.00126365
0.447266	0.580078	0.00112762
0.572266	0.416016	-0.00103383
0.576172	0.416016	-0.00119654
0.580078	0.416016	-0.00117632
0.583984	0.416016	-0.000977595
0.416016	0.583984	0.000977595
0.419922	0.583984	0.00117632
0.423828	0.583984	0.00119654
0.427734	0.583984	0.00103383
0.400391	0.0136719	0.00371397
0.599609	0.986328	-0.00371397
0.169922	0.138672	0.00258547
0.830078	0.861328	-0.00258547
0.134766	0.224609	0.00291046
0.865234	0.775391	-0.00291046
0.130859	0.240234	0.0031351
0.869141	0.759766	-0.0031351
0.126953	0.259766	0.0031965
0.873047	0.740234	-0.0031965
0.119141	0.322266	0.00317584
0.880859	0.677734	-0.00317584
0.119141	0.451172	0.00301506
0.880859	0.548828	-0.00301506
0.123047	0.490234	0.00296628
0.876953	0.509766	-0.00296628
0.126953	0.517578	0.0030006
0.873047	0.482422	-0.0030006
0.134766	0.556641	0.00291501
0.865234	0.443359	-0.00291501
0.138672	0.572266	0.00291087
0.861328	0.427734	-0.00291087
0.154297	0.619141	0.00261344
0.845703	0.380859	-0.00261344
0.177734	0.666016	0.00219357
0.822266	0.333984	-0.00219357
0.185547	0.677734	0.00192585
0.814453	0.322266	-0.00192585
0.197266	0.693359	0.00174705
0.802734	0.306641	-0.00174705
0.232422	0.728516	0.00152172
0.767578	0.271484	-0.00152172
0.248047	0.740234	0.00162072
0.751953	0.259766	-0.00162072
0.291016	0.763672	0.00179166
0.708984	0.236328	-0.00179166
0.259766	0.748047	0.00192451
0.740234	0.251953	-0.00192451
0.310547	0.771484	0.00215078
0.689453	0.228516	-0.00215078
0.322266	0.775391	0.00233415
0.677734	0.224609	-0.00233415
0.337891	0.779297	0.00205909
0.662109	0.220703	-0.00205909
0.353516	0.783203	0.00256355
0.646484	0.216797	-0.00256355
0.380859	0.787109	0.00225647
0.619141	0.212891	-0.00225647
0.572266	0.759766	0.00144979
0.427734	0.240234	-0.00144979
0.498047	0.783203	0.00201611
0.501953	0.216797	-0.00201611
0.580078	0.755859	0.00129936
0.419922	0.244141	-0.00129936
0.587891	0.751953	0.00144976
0.412109	0.248047	-0.00144976
0.517578	0.779297	0.00224432
0.482422	0.220703	-0.00224432
0.564453	0.763672	0.00188639
0.435547	0.236328	-0.00188639
0.474609	0.787109	0.00239217
0.525391	0.212891	-0.00239217
0.630859	0.720703	0.000721342
0.369141	0.279297	-0.000721342
0.634766	0.716797	0.000543095
0.365234	0.283203	-0.000543094
0.626953	0.724609	0.00104978
0.373047	0.275391	-0.00104978
0.638672	0.712891	0.000517234
0.361328	0.287109	-0.000517234
0.642578	0.708984	0.000645665
0.357422	0.291016	-0.000645665
0.646484	0.705078	0.000929335
0.353516	0.294922	-0.000929335
0.662109	0.685547	0.00140209
0.337891	0.314453	-0.00140209
0.513672	0.451172	0.0001721
0.486328	0.548828	-0.000172101
0.673828	0.666016	0.001567
0.326172	0.333984	-0.001567
0.677734	0.658203	0.00165856
0.322266	0.341797	-0.00165856
0.689453	0.623047	0.000958214
0.310547	0.376953	-0.000958214
0.685547	0.638672	0.00168275
0.314453	0.361328	-0.00168275
0.693359	0.607422	0.00146299
0.306641	0.392578	-0.00146299
0.677734	0.486328	0.00023706
0.322266	0.513672	-0.00023706
0.673828	0.478516	0.000307112
0.326172	0.521484	-0.000307111
0.681641	0.494141	0.000638023
0.318359	0.505859	-0.000638023
0.689453	0.517578	0.000634211
0.310547	0.482422	-0.000634211
0.666016	0.466797	-0.000284112
0.333984	0.533203	0.000284112
0.693359	0.533203	0.00115131
0.306641	0.466797	-0.00115131
0.654297	0.451172	0.000128698
0.345703	0.548828	-0.000128698
0.650391	0.447266	-1.63213e-05
0.349609	0.552734	1.63213e-05
0.630859	0.431641	-0.000297375
0.369141	0.568359	0.000297375
0.623047	0.427734	-0.000947709
0.376953	0.572266	0.000947709
0.615234	0.423828	-0.000881227
0.384766	0.576172	0.000881227
0.646484	0.443359	8.16968e-05
0.353516	0.556641	-8.16967e-05
0.541016	0.423828	-6.45939e-06
0.458984	0.576172	6.45932e-06
0.548828	0.419922	0.000217012
0.607422	0.419922	-7.28368e-05
0.392578	0.580078	7.28368e-05
0.451172	0.580078	-0.000217012
0.568359	0.416016	-0.000684925
0.587891	0.416016	-0.000605856
0.412109	0.583984	0.000605856
0.431641	0.583984	0.000684925
0.564453	0.416016	-0.000147485
0.591797	0.416016	-6.66778e-05
0.408203	0.583984	6.66778e-05
0.435547	0.583984	0.000147485
0.560547	0.416016	0.000578225
0.595703	0.416016	0.000634263
0.404297	0.583984	-0.000634263
0.439453	0.583984	-0.000578225
0.333984	0.0292969	0.00362637
0.666016	0.970703	-0.00362627
0.498047	0.490234	0.0035229
0.501953	0.509766	-0.0035229
0.205078	0.0957031	0.00249537
0.794922	0.904297	-0.00249537
0.201172	0.0996094	0.0023865
0.798828	0.900391	-0.0023865
0.197266	0.103516	0.00242751
0.802734	0.896484	-0.0024275
0.177734	0.126953	0.00255496
0.822266	0.873047	-0.00255496
0.142578	0.197266	0.00307253
0.857422	0.802734	-0.00307253
0.146484	0.185547	0.00329233
0.853516	0.814453	-0.00329233
0.138672	0.208984	0.00328666
0.861328	0.791016	-0.00328666
0.123047	0.283203	0.00343923
0.876953	0.716797	-0.00343923
0.119141	0.318359	0.00349606
0.880859	0.681641	-0.00349606
0.119141	0.455078	0.00331408
0.880859	0.544922	-0.00331408
0.123047	0.494141	0.0034602
0.876953	0.505859	-0.0034602
0.130859	0.541016	0.00339676
0.869141	0.458984	-0.00339676
0.498047	0.525391	-0.00285496
0.501953	0.474609	0.00285496
0.193359	0.689453	0.00242357
0.806641	0.310547	-0.00242357
0.236328	0.732422	0.00216539
0.763672	0.267578	-0.00216539
0.298828	0.767578	0.00248064
0.701172	0.232422	-0.00248064
0.333984	0.779297	0.00300567
0.666016	0.220703	-0.00300567
0.376953	0.787109	0.00273148
0.623047	0.212891	-0.00273148
0.544922	0.771484	0.00230094
0.455078	0.228516	-0.00230094
0.373047	0.787109	0.00324655
0.626953	0.212891	-0.00324655
0.533203	0.775391	0.00250643
0.466797	0.224609	-0.00250643
0.556641	0.767578	0.0025993
0.443359	0.232422	-0.0025993
0.501953	0.783203	0.00274074
0.498047	0.216797	-0.00274074
0.595703	0.748047	0.00191023
0.404297	0.251953	-0.00191023
0.478516	0.787109	0.00287402
0.521484	0.212891	-0.00287402
0.607422	0.740234	0.00158497
0.392578	0.259766	-0.00158497
0.623047	0.728516	0.0015257
0.376953	0.271484	-0.0015257
0.494141	0.537109	-0.00250789
0.505859	0.462891	0.00250789
0.619141	0.732422	0.0021455
0.380859	0.267578	-0.0021455
0.650391	0.701172	0.00136838
0.349609	0.298828	-0.00136838
0.654297	0.697266	0.00196278
0.345703	0.302734	-0.00196278
0.669922	0.673828	0.00186261
0.330078	0.326172	-0.00186261
0.509766	0.455078	0.00188204
0.490234	0.544922	-0.00188204
0.681641	0.650391	0.00213258
0.318359	0.349609	-0.00213258
0.689453	0.626953	0.00196904
0.310547	0.373047	-0.00196904
0.517578	0.443359	0.00101576
0.482422	0.556641	-0.00101576
0.521484	0.439453	0.000311853
0.478516	0.560547	-0.000311853
0.525391	0.435547	4.62333e-05
0.474609	0.564453	-4.62334e-05
0.693359	0.611328	0.00218637
0.306641	0.388672	-0.00218637
0.685547	0.501953	0.00148514
0.314453	0.498047	-0.00148514
0.669922	0.470703	0.000869511
0.330078	0.529297	-0.000869511
0.689453	0.513672	0.00165723
0.310547	0.486328	-0.00165723
0.677734	0.482422	0.00195703
0.322266	0.517578	-0.00195703
0.681641	0.490234	0.00217048
0.318359	0.509766	-0.00217048
0.529297	0.431641	0.000233782
0.470703	0.568359	-0.000233782
0.658203	0.455078	0.000509348
0.341797	0.544922	-0.000509348
0.662109	0.458984	0.00111667
0.337891	0.541016	-0.00111667
0.693359	0.529297	0.00185908
0.306641	0.470703	-0.00185908
0.693359	0.525391	0.00264074
0.306641	0.474609	-0.00264074
0.642578	0.439453	0.000428753
0.357422	0.560547	-0.000428753
0.697266	0.556641	0.00235823
0.697266	0.560547	0.002166
0.697266	0.564453	0.00204487
0.697266	0.568359	0.00199455
0.697266	0.572266	0.0020147
0.697266	0.576172	0.00210507
0.697266	0.580078	0.00226552
0.697266	0.583984	0.002496
0.697266	0.587891	0.00279639
0.302734	0.412109	-0.00279639
0.302734	0.416016	-0.002496
0.302734	0.419922	-0.00226552
0.302734	0.423828	-0.00210506
0.302734	0.427734	-0.0020147
0.302734	0.431641	-0.00199455
0.302734	0.435547	-0.00204487
0.302734	0.439453	-0.002166
0.302734	0.443359	-0.00235823
0.533203	0.427734	0.000874368
0.466797	0.572266	-0.000874368
0.638672	0.435547	0.00102959
0.361328	0.564453	-0.00102959
0.697266	0.552734	0.00262175
0.302734	0.447266	-0.00262175
0.626953	0.427734	0.000975088
0.373047	0.572266	-0.000975088
0.619141	0.423828	0.00075467
0.380859	0.576172	-0.00075467
0.611328	0.419922	0.00125607
0.388672	0.580078	-0.00125607
0.544922	0.419922	0.0017449
0.455078	0.580078	-0.0017449
0.556641	0.416016	0.00149111
0.599609	0.416016	0.00149035
0.400391	0.583984	-0.00149035
0.443359	0.583984	-0.00149111
0.287109	0.0449219	0.00352126
0.712891	0.955078	-0.00352117
0.240234	0.0683594	0.00310445
0.759766	0.931641	-0.0031044
0.228516	0.0761719	0.00296856
0.771484	0.923828	-0.00296855
0.208984	0.0917969	0.00275458
0.791016	0.908203	-0.00275458
0.193359	0.107422	0.00261541
0.806641	0.892578	-0.0026154
0.189453	0.111328	0.00295016
0.810547	0.888672	-0.00295016
0.158203	0.158203	0.00336965
0.841797	0.841797	-0.00336965
0.154297	0.166016	0.00354088
0.845703	0.833984	-0.00354088
0.119141	0.314453	0.00383698
0.880859	0.685547	-0.00383698
0.119141	0.458984	0.00363176
0.880859	0.541016	-0.00363176
0.126953	0.521484	0.00364691
0.873047	0.478516	-0.00364691
0.142578	0.587891	0.00343415
0.857422	0.412109	-0.00343415
0.146484	0.599609	0.00327054
0.853516	0.400391	-0.00327054
0.150391	0.611328	0.00347477
0.849609	0.388672	-0.00347477
0.162109	0.638672	0.00315825
0.837891	0.361328	-0.00315825
0.166016	0.646484	0.00304627
0.833984	0.353516	-0.00304627
0.158203	0.630859	0.00350269
0.841797	0.369141	-0.00350269
0.169922	0.654297	0.00318159
0.830078	0.345703	-0.00318159
0.181641	0.673828	0.0030248
0.818359	0.326172	-0.0030248
0.240234	0.736328	0.00294088
0.759766	0.263672	-0.00294088
0.251953	0.744141	0.00272629
0.748047	0.255859	-0.00272629
0.271484	0.755859	0.00305002
0.728516	0.244141	-0.00305002
0.279297	0.759766	0.00305325
0.720703	0.240234	-0.00305325
0.263672	0.751953	0.00334848
0.736328	0.248047	-0.00334848
0.287109	0.763672	0.00334848
0.712891	0.236328	-0.00334848
0.306641	0.771484	0.00343794
0.693359	0.228516	-0.00343794
0.318359	0.775391	0.00347021
0.681641	0.224609	-0.00347021
0.349609	0.783203	0.00333039
0.650391	0.216797	-0.00333039
0.369141	0.787109	0.00380228
0.630859	0.212891	-0.00380228
0.521484	0.779297	0.00318393
0.478516	0.220703	-0.00318393
0.505859	0.783203	0.00350622
0.494141	0.216797	-0.00350622
0.576172	0.759766	0.00310252
0.423828	0.240234	-0.00310252
0.583984	0.755859	0.0030711
0.416016	0.244141	-0.0030711
0.482422	0.787109	0.0033949
0.517578	0.212891	-0.0033949
0.603516	0.744141	0.00269209
0.396484	0.255859	-0.00269209
0.548828	0.771484	0.00357363
0.451172	0.228516	-0.00357363
0.537109	0.775391	0.00363077
0.462891	0.224609	-0.00363077
0.568359	0.763672	0.0034244
0.431641	0.236328	-0.0034244
0.591797	0.751953	0.00334257
0.408203	0.248047	-0.00334257
0.615234	0.736328	0.00290568
0.384766	0.263672	-0.00290568
0.412109	0.791016	0.00378852
0.416016	0.791016	0.00366308
0.419922	0.791016	0.00357534
0.423828	0.791016	0.00352512
0.427734	0.791016	0.00351234
0.431641	0.791016	0.00353705
0.435547	0.791016	0.00359929
0.439453	0.791016	0.00369907
0.443359	0.791016	0.00383632
0.556641	0.208984	-0.00383632
0.560547	0.208984	-0.00369907
0.564453	0.208984	-0.00359929
0.568359	0.208984	-0.00353705
0.572266	0.208984	-0.00351234
0.576172	0.208984	-0.00352512
0.580078	0.208984	-0.00357534
0.583984	0.208984	-0.00366308
0.587891	0.208984	-0.00378852
0.658203	0.693359	0.00271214
0.341797	0.306641	-0.00271214
0.666016	0.681641	0.00254583
0.333984	0.318359	-0.00254583
0.513672	0.447266	0.00212961
0.486328	0.552734	-0.00212961
0.673828	0.669922	0.00339291
0.326172	0.330078	-0.00339291
0.677734	0.662109	0.00333054
0.322266	0.337891	-0.00333054
0.685547	0.642578	0.00298058
0.314453	0.357422	-0.00298058
0.689453	0.630859	0.00304732
0.310547	0.369141	-0.00304732
0.693359	0.615234	0.00297785
0.306641	0.384766	-0.00297785
0.673828	0.474609	0.00221858
0.326172	0.525391	-0.00221858
0.689453	0.509766	0.00275591
0.310547	0.490234	-0.00275591
0.666016	0.462891	0.00194144
0.333984	0.537109	-0.00194144
0.685547	0.498047	0.0028357
0.314453	0.501953	-0.0028357
0.669922	0.466797	0.00297436
0.330078	0.533203	-0.00297436
0.693359	0.521484	0.00349726
0.306641	0.478516	-0.00349726
0.697266	0.591797	0.0031663
0.302734	0.408203	-0.0031663
0.697266	0.544922	0.00336323
0.697266	0.548828	0.00295669
0.697266	0.595703	0.00360523
0.302734	0.404297	-0.00360523
0.302734	0.451172	-0.00295669
0.302734	0.455078	-0.00336323
0.697266	0.541016	0.00384179
0.302734	0.458984	-0.00384179
0.634766	0.431641	0.00188712
0.365234	0.568359	-0.00188712
0.654297	0.447266	0.00279198
0.345703	0.552734	-0.00279198
0.650391	0.443359	0.00276834
0.349609	0.556641	-0.00276834
0.537109	0.423828	0.00195416
0.462891	0.576172	-0.00195416
0.623047	0.423828	0.00250858
0.376953	0.576172	-0.00250858
0.630859	0.427734	0.00300228
0.369141	0.572266	-0.00300228
0.615234	0.419922	0.00271562
0.384766	0.580078	-0.00271562
0.541016	0.419922	0.00344827
0.458984	0.580078	-0.00344827
0.552734	0.416016	0.00258937
0.603516	0.416016	0.00249529
0.396484	0.583984	-0.00249529
0.447266	0.583984	-0.00258937
0.607422	0.416016	0.00364341
0.392578	0.583984	-0.00364341
0.568359	0.412109	0.00320588
0.572266	0.412109	0.00287311
0.576172	0.412109	0.00271801
0.580078	0.412109	0.00273773
0.583984	0.412109	0.00292841
0.587891	0.412109	0.00328517
0.412109	0.587891	-0.00328517
0.416016	0.587891	-0.00292841
0.419922	0.587891	-0.00273773
0.423828	0.587891	-0.00271801
0.427734	0.587891	-0.00287311
0.431641	0.587891	-0.00320588
0.564453	0.412109	0.00371837
0.591797	0.412109	0.0038031
0.408203	0.587891	-0.0038031
0.435547	0.587891	-0.00371837
