0.498047	0.498047	0.0024659
0.498047	0.501953	-0.0012454
0.501953	0.498047	0.0012454
0.501953	0.501953	-0.0024659
0.431641	0.00976562	-0.00359491
0.568359	0.990234	0.00359468
0.447266	0.00585938	-0.00316821
0.552734	0.994141	0.00319121
0.427734	0.00976562	-0.00314025
0.572266	0.990234	0.00314013
0.423828	0.00976562	-0.00270198
0.576172	0.990234	0.00270193
0.443359	0.00585938	-0.00159686
0.556641	0.994141	0.00160561
0.419922	0.00976562	-0.00227837
0.580078	0.990234	0.00227834
0.439453	0.00585938	-0.000749845
0.560547	0.994141	0.000750358
0.396484	0.0136719	-0.00381868
0.603516	0.986328	0.00381865
0.416016	0.00976562	-0.00187017
0.583984	0.990234	0.00187013
0.392578	0.0136719	-0.00341783
0.607422	0.986328	0.00341782
0.435547	0.00585938	-0.000188103
0.564453	0.994141	0.000187799
0.412109	0.00976562	-0.00147542
0.587891	0.990234	0.00147537
0.388672	0.0136719	-0.00299637
0.611328	0.986328	0.00299636
0.408203	0.00976562	-0.0010879
0.591797	0.990234	0.00108785
0.384766	0.0136719	-0.00254393
0.615234	0.986328	0.00254392
0.431641	0.00585938	0.000296144
0.568359	0.994141	-0.000296384
0.361328	0.0175781	-0.00355892
0.638672	0.982422	0.00355892
0.404297	0.00976562	-0.000701752
0.595703	0.990234	0.000701709
0.380859	0.0136719	-0.00207161
0.619141	0.986328	0.0020716
0.427734	0.00585938	0.000751882
0.572266	0.994141	-0.000752009
0.357422	0.0175781	-0.00303671
0.642578	0.982422	0.00303671
0.400391	0.00976562	-0.000314331
0.599609	0.990234	0.000314298
0.376953	0.0136719	-0.0015974
0.623047	0.986328	0.00159739
0.353516	0.0175781	-0.00249539
0.646484	0.982422	0.00249539
0.333984	0.0214844	-0.00361979
0.666016	0.978516	0.00361979
0.373047	0.0136719	-0.00112431
0.626953	0.986328	0.00112431
0.423828	0.00585938	0.00119106
0.576172	0.994141	-0.00119112
0.396484	0.00976562	7.68203e-05
0.603516	0.990234	-7.68426e-05
0.349609	0.0175781	-0.00194969
0.650391	0.982422	0.00194969
0.330078	0.0214844	-0.00303287
0.669922	0.978516	0.00303288
0.451172	0.00195312	-0.00358539
0.548828	0.998047	0.00357332
0.369141	0.0136719	-0.000650535
0.630859	0.986328	0.000650531
0.310547	0.0253906	-0.00369528
0.689453	0.974609	0.00369528
0.345703	0.0175781	-0.00140427
0.654297	0.982422	0.00140428
0.326172	0.0214844	-0.00241767
0.673828	0.978516	0.00241767
0.392578	0.00976562	0.000476006
0.607422	0.990234	-0.000476021
0.419922	0.00585938	0.00161579
0.580078	0.994141	-0.00161583
0.306641	0.0253906	-0.00300811
0.693359	0.974609	0.0030081
0.365234	0.0136719	-0.00017164
0.634766	0.986328	0.000171638
0.341797	0.0175781	-0.000858127
0.658203	0.982422	0.000858128
0.322266	0.0214844	-0.00178575
0.677734	0.978516	0.00178575
0.388672	0.00976562	0.000894424
0.611328	0.990234	-0.000894435
0.302734	0.0253906	-0.00229226
0.697266	0.974609	0.00229225
0.447266	0.00195312	3.51611e-05
0.552734	0.998047	-2.01679e-05
0.287109	0.0292969	-0.00306835
0.712891	0.970703	0.00306834
0.416016	0.00585938	0.00202519
0.583984	0.994141	-0.00202524
0.361328	0.0136719	0.000322625
0.638672	0.986328	-0.000322626
0.318359	0.0214844	-0.00114661
0.681641	0.978516	0.00114661
0.271484	0.0332031	-0.00343107
0.728516	0.966797	0.00343106
0.337891	0.0175781	-0.000308348
0.662109	0.982422	0.000308349
0.298828	0.0253906	-0.00155388
0.701172	0.974609	0.00155387
0.384766	0.00976562	0.00134326
0.615234	0.990234	-0.00134327
0.283203	0.0292969	-0.00224301
0.716797	0.970703	0.002243
0.255859	0.0371094	-0.00328475
0.744141	0.962891	0.00328476
0.314453	0.0214844	-0.000499877
0.685547	0.978516	0.000499876
0.357422	0.0136719	0.000841302
0.642578	0.986328	-0.000841302
0.267578	0.0332031	-0.00249336
0.732422	0.966797	0.00249335
0.333984	0.0175781	0.000251601
0.666016	0.982422	-0.0002516
0.244141	0.0410156	-0.00371579
0.755859	0.958984	0.00371583
0.412109	0.00585938	0.00242082
0.587891	0.994141	-0.00242088
0.294922	0.0253906	-0.000800821
0.705078	0.974609	0.000800812
0.279297	0.0292969	-0.00139428
0.720703	0.970703	0.00139427
0.380859	0.00976562	0.00181463
0.619141	0.990234	-0.00181464
0.251953	0.0371094	-0.00221563
0.748047	0.962891	0.00221565
0.443359	0.00195312	0.00211889
0.556641	0.998047	-0.00210599
0.310547	0.0214844	0.000159288
0.689453	0.978516	-0.00015929
0.263672	0.0332031	-0.00152874
0.736328	0.966797	0.00152874
0.240234	0.0410156	-0.00252831
0.759766	0.958984	0.00252836
0.353516	0.0136719	0.00138105
0.646484	0.986328	-0.00138105
0.330078	0.0175781	0.00083414
0.669922	0.982422	-0.000834139
0.220703	0.0488281	-0.00326435
0.779297	0.951172	0.00326441
0.291016	0.0253906	-3.24855e-05
0.708984	0.974609	3.24752e-05
0.275391	0.0292969	-0.000525154
0.724609	0.970703	0.000525142
0.228516	0.0449219	-0.00240731
0.771484	0.955078	0.00240737
0.248047	0.0371094	-0.00111605
0.751953	0.962891	0.00111607
0.408203	0.00585938	0.00280869
0.591797	0.994141	-0.00280874
0.0839844	0.310547	-0.00379986
0.916016	0.689453	0.00379986
0.306641	0.0214844	0.000841376
0.693359	0.978516	-0.000841379
0.259766	0.0332031	-0.000539627
0.740234	0.966797	0.000539628
0.0878906	0.271484	-0.00382772
0.912109	0.728516	0.00382772
0.376953	0.00976562	0.00228894
0.623047	0.990234	-0.00228894
0.0800781	0.396484	-0.00343377
0.0800781	0.400391	-0.00345703
0.0800781	0.404297	-0.00346903
0.0800781	0.408203	-0.00346985
0.919922	0.591797	0.00346985
0.919922	0.595703	0.00346903
0.919922	0.599609	0.00345703
0.919922	0.603516	0.00343377
0.0800781	0.412109	-0.00345952
0.919922	0.587891	0.00345952
0.236328	0.0410156	-0.00130248
0.763672	0.958984	0.00130254
0.0839844	0.306641	-0.00348528
0.916016	0.693359	0.00348528
0.0800781	0.392578	-0.00339918
0.919922	0.607422	0.00339918
0.0800781	0.384766	-0.0032957
0.0800781	0.388672	-0.00335317
0.0800781	0.416016	-0.0034381
0.0800781	0.419922	-0.0034056
0.919922	0.580078	0.0034056
0.919922	0.583984	0.0034381
0.919922	0.611328	0.00335317
0.919922	0.615234	0.0032957
0.349609	0.0136719	0.00192668
0.650391	0.986328	-0.00192668
0.326172	0.0175781	0.00144553
0.673828	0.982422	-0.00144553
0.0800781	0.380859	-0.00322673
0.919922	0.619141	0.00322673
0.0800781	0.423828	-0.00336204
0.919922	0.576172	0.00336204
0.0800781	0.427734	-0.00330745
0.919922	0.572266	0.00330745
0.0800781	0.376953	-0.00314621
0.919922	0.623047	0.00314621
0.0800781	0.373047	-0.00305403
0.919922	0.626953	0.00305403
0.0800781	0.431641	-0.00324182
0.919922	0.568359	0.00324182
0.0839844	0.505859	-0.00373064
0.916016	0.494141	0.00373064
0.208984	0.0527344	-0.00224218
0.791016	0.947266	0.00224219
0.0878906	0.267578	-0.00334194
0.912109	0.732422	0.00334194
0.0839844	0.302734	-0.00315548
0.916016	0.697266	0.00315548
0.0800781	0.369141	-0.00295009
0.919922	0.630859	0.00295009
0.0800781	0.435547	-0.00316515
0.919922	0.564453	0.00316515
0.0800781	0.439453	-0.00307737
0.919922	0.560547	0.00307737
0.216797	0.0488281	-0.00178587
0.783203	0.951172	0.00178593
0.0957031	0.220703	-0.00355974
0.904297	0.779297	0.00355974
0.0800781	0.365234	-0.00283422
0.919922	0.634766	0.00283422
0.0800781	0.443359	-0.00297843
0.919922	0.556641	0.00297843
0.0917969	0.240234	-0.00325136
0.908203	0.759766	0.00325136
0.0800781	0.361328	-0.00270626
0.919922	0.638672	0.00270626
0.0839844	0.509766	-0.0034293
0.916016	0.490234	0.0034293
0.0800781	0.447266	-0.00286825
0.919922	0.552734	0.00286825
0.287109	0.0253906	0.000758939
0.712891	0.974609	-0.000758951
0.271484	0.0292969	0.000370947
0.728516	0.970703	-0.000370958
0.201172	0.0566406	-0.00238075
0.798828	0.943359	0.00238072
0.0839844	0.298828	-0.00280985
0.916016	0.701172	0.00280985
0.0878906	0.263672	-0.00283656
0.912109	0.736328	0.00283656
0.0800781	0.357422	-0.00256608
0.919922	0.642578	0.00256608
0.0800781	0.451172	-0.00274678
0.919922	0.548828	0.00274678
0.0839844	0.513672	-0.00311503
0.916016	0.486328	0.00311503
0.0878906	0.548828	-0.00355075
0.912109	0.451172	0.00355075
0.224609	0.0449219	-0.0010417
0.775391	0.955078	0.00104177
0.0800781	0.353516	-0.00241354
0.919922	0.646484	0.00241354
0.0800781	0.455078	-0.00261395
0.919922	0.544922	0.00261395
0.0996094	0.201172	-0.00311351
0.900391	0.798828	0.00311351
0.0839844	0.294922	-0.00244797
0.916016	0.705078	0.00244797
0.0800781	0.349609	-0.00224856
0.919922	0.650391	0.00224857
0.0800781	0.458984	-0.00246971
0.919922	0.541016	0.00246971
0.0839844	0.517578	-0.00278754
0.916016	0.482422	0.00278754
0.494141	0.498047	0.00367774
0.505859	0.501953	-0.00367774
0.193359	0.0605469	-0.0021694
0.806641	0.939453	0.00216935
0.181641	0.0683594	-0.00277841
0.818359	0.931641	0.00277838
0.0957031	0.216797	-0.00276536
0.904297	0.783203	0.00276536
0.0917969	0.236328	-0.00259184
0.908203	0.763672	0.00259184
0.0800781	0.345703	-0.00207104
0.919922	0.654297	0.00207104
0.0800781	0.462891	-0.00231401
0.919922	0.537109	0.00231401
0.0878906	0.552734	-0.00309252
0.912109	0.447266	0.00309252
0.107422	0.173828	-0.00317026
0.892578	0.826172	0.00317026
0.0878906	0.259766	-0.00231113
0.912109	0.740234	0.00231113
0.0839844	0.291016	-0.00206977
0.916016	0.708984	0.00206977
0.0800781	0.466797	-0.00214682
0.919922	0.533203	0.00214682
0.0917969	0.580078	-0.00328994
0.908203	0.419922	0.00328994
0.244141	0.0371094	1.81804e-05
0.755859	0.962891	-1.81466e-05
0.103516	0.185547	-0.00286903
0.896484	0.814453	0.00286903
0.0800781	0.341797	-0.00188086
0.919922	0.658203	0.00188086
0.0839844	0.521484	-0.00244634
0.916016	0.478516	0.00244634
0.111328	0.162109	-0.00300761
0.888672	0.837891	0.00300761
0.0800781	0.470703	-0.00196815
0.919922	0.529297	0.00196815
0.302734	0.0214844	0.00155239
0.697266	0.978516	-0.0015524
0.255859	0.0332031	0.000483058
0.744141	0.966797	-0.00048305
0.0800781	0.337891	-0.00167786
0.919922	0.662109	0.00167786
0.0878906	0.556641	-0.00261835
0.912109	0.443359	0.00261835
0.0957031	0.603516	-0.00327125
0.904297	0.396484	0.00327125
0.0839844	0.287109	-0.00167524
0.916016	0.712891	0.00167524
0.0800781	0.474609	-0.00177798
0.919922	0.525391	0.00177798
0.0839844	0.525391	-0.00209108
0.916016	0.474609	0.00209108
0.439453	0.00195312	0.0031137
0.560547	0.998047	-0.00311274
0.232422	0.0410156	-3.83401e-05
0.767578	0.958984	3.84015e-05
0.166016	0.0800781	-0.00288228
0.833984	0.919922	0.00288235
0.0996094	0.197266	-0.00215912
0.900391	0.802734	0.00215912
0.0917969	0.232422	-0.00190811
0.908203	0.767578	0.00190812
0.0878906	0.255859	-0.00176581
0.912109	0.744141	0.00176581
0.0800781	0.333984	-0.0014619
0.919922	0.666016	0.0014619
0.0917969	0.583984	-0.00269394
0.908203	0.416016	0.00269394
0.0996094	0.623047	-0.00328017
0.900391	0.376953	0.00328017
0.103516	0.638672	-0.00358126
0.896484	0.361328	0.00358126
0.322266	0.0175781	0.00207599
0.677734	0.982422	-0.00207599
0.134766	0.115234	-0.00303578
0.865234	0.884766	0.00303575
0.123047	0.134766	-0.00280076
0.876953	0.865234	0.00280079
0.119141	0.142578	-0.00272238
0.880859	0.857422	0.0027224
0.0957031	0.212891	-0.00194246
0.904297	0.787109	0.00194246
0.0800781	0.478516	-0.00157625
0.919922	0.521484	0.00157625
0.373047	0.00976562	0.00276203
0.626953	0.990234	-0.00276204
0.146484	0.0996094	-0.00299372
0.853516	0.900391	0.0029937
0.0800781	0.330078	-0.00123284
0.919922	0.669922	0.00123284
0.0878906	0.560547	-0.0021281
0.912109	0.439453	0.0021281
0.345703	0.0136719	0.00247198
0.654297	0.986328	-0.00247198
0.185547	0.0644531	-0.0015838
0.814453	0.935547	0.00158375
0.169922	0.0761719	-0.00229565
0.830078	0.923828	0.00229569
0.115234	0.150391	-0.00231942
0.884766	0.849609	0.00231944
0.0839844	0.283203	-0.00126412
0.916016	0.716797	0.00126412
0.0800781	0.482422	-0.00136285
0.919922	0.517578	0.00136285
0.0839844	0.529297	-0.00172182
0.916016	0.470703	0.00172182
0.0957031	0.607422	-0.00255351
0.904297	0.392578	0.00255351
0.107422	0.654297	-0.00340753
0.892578	0.345703	0.00340753
0.126953	0.126953	-0.00252802
0.873047	0.873047	0.00252804
0.0800781	0.326172	-0.000990511
0.919922	0.673828	0.000990511
0.404297	0.00585938	0.00319498
0.595703	0.994141	-0.00319503
0.212891	0.0488281	-0.000258523
0.787109	0.951172	0.000258564
0.205078	0.0527344	-0.00058945
0.794922	0.947266	0.000589447
0.107422	0.169922	-0.00193091
0.892578	0.830078	0.0019309
0.103516	0.181641	-0.0017629
0.896484	0.818359	0.00176289
0.0878906	0.251953	-0.00120033
0.912109	0.748047	0.00120033
0.0800781	0.486328	-0.00113761
0.919922	0.513672	0.00113761
0.0917969	0.587891	-0.00207978
0.908203	0.412109	0.00207978
0.283203	0.0253906	0.0015787
0.716797	0.974609	-0.00157872
0.267578	0.0292969	0.00130109
0.732422	0.970703	-0.0013011
0.0917969	0.228516	-0.00120023
0.908203	0.771484	0.00120023
0.0839844	0.533203	-0.00133885
0.916016	0.466797	0.00133885
0.0878906	0.564453	-0.00162168
0.912109	0.435547	0.00162168
0.0996094	0.626953	-0.00244472
0.900391	0.373047	0.00244472
0.142578	0.103516	-0.00244887
0.857422	0.896484	0.00244883
0.0839844	0.279297	-0.000835909
0.916016	0.720703	0.000835909
0.0800781	0.322266	-0.000734679
0.919922	0.677734	0.000734679
0.0800781	0.490234	-0.00090034
0.919922	0.509766	0.00090034
0.103516	0.642578	-0.00263951
0.896484	0.357422	0.00263951
0.197266	0.0566406	-0.000591247
0.802734	0.943359	0.000591205
0.173828	0.0722656	-0.00153151
0.826172	0.927734	0.00153153
0.111328	0.158203	-0.00161903
0.888672	0.841797	0.00161903
0.0957031	0.208984	-0.00109115
0.904297	0.791016	0.00109115
0.0996094	0.193359	-0.0011721
0.900391	0.806641	0.00117209
0.0800781	0.318359	-0.000465043
0.919922	0.681641	0.000465044
0.0957031	0.611328	-0.00181432
0.904297	0.388672	0.00181432
0.396484	0.861328	-0.00383661
0.603516	0.138672	0.00383661
0.220703	0.0449219	0.000369185
0.779297	0.955078	-0.00036912
0.130859	0.119141	-0.00187723
0.869141	0.880859	0.00187722
0.0878906	0.248047	-0.000613966
0.912109	0.751953	0.000613966
0.0800781	0.494141	-0.000650846
0.919922	0.505859	0.000650846
0.0839844	0.537109	-0.000942301
0.916016	0.462891	0.000942301
0.0917969	0.591797	-0.00144701
0.908203	0.408203	0.00144701
0.111328	0.669922	-0.00269462
0.888672	0.330078	0.00269462
0.357422	0.857422	-0.00380662
0.642578	0.142578	0.00380662
0.392578	0.861328	-0.00355135
0.607422	0.138672	0.00355135
0.494141	0.861328	-0.0038531
0.505859	0.138672	0.0038531
0.0839844	0.275391	-0.000390176
0.916016	0.724609	0.000390176
0.0878906	0.568359	-0.00109881
0.912109	0.431641	0.00109881
0.107422	0.658203	-0.00234529
0.892578	0.341797	0.00234529
0.115234	0.681641	-0.00268648
0.884766	0.318359	0.00268648
0.126953	0.708984	-0.00345273
0.873047	0.291016	0.00345273
0.138672	0.107422	-0.00172402
0.861328	0.892578	0.00172397
0.0800781	0.314453	-0.000181304
0.919922	0.685547	0.000181304
0.0800781	0.498047	-0.000388964
0.919922	0.501953	0.000388964
0.123047	0.701172	-0.00298555
0.876953	0.298828	0.00298555
0.388672	0.861328	-0.00324287
0.611328	0.138672	0.00324287
0.498047	0.861328	-0.00357453
0.501953	0.138672	0.00357453
0.0917969	0.224609	-0.000467104
0.908203	0.775391	0.000467105
0.0839844	0.541016	-0.000531849
0.916016	0.458984	0.000531849
0.0996094	0.630859	-0.0015846
0.900391	0.369141	0.0015846
0.283203	0.841797	-0.00374977
0.716797	0.158203	0.00374977
0.330078	0.853516	-0.00336628
0.669922	0.146484	0.00336628
0.353516	0.857422	-0.00327249
0.646484	0.142578	0.00327249
0.501953	0.861328	-0.00327407
0.498047	0.138672	0.00327407
0.240234	0.0371094	0.00119303
0.759766	0.962891	-0.00119298
0.103516	0.646484	-0.00167039
0.896484	0.353516	0.00167039
0.384766	0.861328	-0.00291098
0.615234	0.138672	0.00291098
0.560547	0.853516	-0.00369483
0.439453	0.146484	0.00369483
0.537109	0.857422	-0.0034296
0.462891	0.142578	0.0034296
0.298828	0.0214844	0.00228747
0.701172	0.978516	-0.00228747
0.189453	0.0605469	-0.000236228
0.810547	0.939453	0.000236174
0.177734	0.0683594	-0.000597479
0.822266	0.931641	0.000597465
0.119141	0.138672	-0.00103956
0.880859	0.861328	0.00103959
0.103516	0.177734	-0.000618569
0.896484	0.822266	0.000618565
0.107422	0.166016	-0.000648996
0.892578	0.833984	0.000648996
0.0800781	0.310547	0.000116808
0.919922	0.689453	-0.000116808
0.0800781	0.501953	-0.000114602
0.919922	0.498047	0.000114602
0.0878906	0.572266	-0.000559046
0.912109	0.427734	0.000559046
0.0917969	0.595703	-0.000794969
0.908203	0.404297	0.000794969
0.0957031	0.615234	-0.00105335
0.904297	0.384766	0.00105335
0.119141	0.693359	-0.0022885
0.880859	0.306641	0.0022885
0.138672	0.732422	-0.00332329
0.861328	0.267578	0.00332329
0.294922	0.845703	-0.00322599
0.705078	0.154297	0.00322599
0.310547	0.849609	-0.00322034
0.689453	0.150391	0.00322034
0.580078	0.849609	-0.00378181
0.419922	0.150391	0.00378181
0.505859	0.861328	-0.00295155
0.494141	0.138672	0.00295155
0.251953	0.0332031	0.00154301
0.748047	0.966797	-0.001543
0.123047	0.130859	-0.000981677
0.876953	0.869141	0.000981703
0.115234	0.146484	-0.000764584
0.884766	0.853516	0.000764606
0.0839844	0.271484	7.34513e-05
0.916016	0.728516	-7.34512e-05
0.0957031	0.205078	-0.000210087
0.904297	0.794922	0.000210087
0.0878906	0.244141	-6.18177e-06
0.912109	0.755859	6.18271e-06
0.259766	0.833984	-0.00352311
0.740234	0.166016	0.00352311
0.349609	0.857422	-0.00271213
0.650391	0.142578	0.00271213
0.380859	0.861328	-0.0025554
0.619141	0.138672	0.0025554
0.0839844	0.544922	-0.000106874
0.916016	0.455078	0.000106874
0.326172	0.853516	-0.00263058
0.673828	0.146484	0.00263058
0.541016	0.857422	-0.00289522
0.458984	0.142578	0.00289522
0.509766	0.861328	-0.00260669
0.490234	0.138672	0.00260669
0.564453	0.853516	-0.00300287
0.435547	0.146484	0.00300287
0.611328	0.841797	-0.00374284
0.388672	0.158203	0.00374284
0.0996094	0.189453	-0.000150778
0.900391	0.810547	0.000150775
0.0800781	0.306641	0.000429626
0.919922	0.693359	-0.000429626
0.0761719	0.392578	0.000523745
0.0761719	0.396484	0.000489027
0.0761719	0.400391	0.000465592
0.0761719	0.404297	0.000453358
0.0761719	0.408203	0.000452259
0.0761719	0.412109	0.000462245
0.923828	0.587891	-0.000462245
0.923828	0.591797	-0.000452259
0.923828	0.595703	-0.000453358
0.923828	0.599609	-0.000465592
0.923828	0.603516	-0.000489028
0.923828	0.607422	-0.000523745
0.0800781	0.505859	0.000172367
0.919922	0.494141	-0.000172367
0.0761719	0.416016	0.000483283
0.923828	0.583984	-0.000483283
0.107422	0.662109	-0.00125261
0.892578	0.337891	0.00125261
0.111328	0.673828	-0.00149753
0.888672	0.326172	0.00149753
0.376953	0.861328	-0.00217573
0.623047	0.138672	0.00217573
0.494141	0.501953	-4.19287e-05
0.505859	0.498047	4.19287e-05
0.228516	0.0410156	0.00126753
0.771484	0.958984	-0.00126747
0.134766	0.111328	-0.000827028
0.865234	0.888672	0.000826991
0.0761719	0.388672	0.000569815
0.923828	0.611328	-0.000569815
0.0761719	0.384766	0.000627292
0.0761719	0.419922	0.00051535
0.0761719	0.423828	0.000558423
0.923828	0.576172	-0.000558424
0.923828	0.580078	-0.00051535
0.923828	0.615234	-0.000627293
0.0996094	0.634766	-0.000699876
0.900391	0.365234	0.000699876
0.142578	0.740234	-0.00271593
0.857422	0.259766	0.00271593
0.232422	0.822266	-0.00312376
0.767578	0.177734	0.00312376
0.240234	0.826172	-0.00305021
0.759766	0.173828	0.00305021
0.279297	0.841797	-0.00258211
0.720703	0.158203	0.00258211
0.306641	0.849609	-0.00232138
0.693359	0.150391	0.00232138
0.345703	0.857422	-0.00212484
0.654297	0.142578	0.00212484
0.583984	0.849609	-0.00294558
0.416016	0.150391	0.00294558
0.513672	0.861328	-0.00223925
0.486328	0.138672	0.00223925
0.599609	0.845703	-0.00307952
0.400391	0.154297	0.00307952
0.318359	0.0175781	0.00271389
0.681641	0.982422	-0.00271389
0.126953	0.123047	-0.000565186
0.873047	0.876953	0.000565193
0.111328	0.154297	-0.00018366
0.888672	0.845703	0.000183672
0.0917969	0.220703	0.000292059
0.908203	0.779297	-0.000292057
0.0839844	0.267578	0.000555721
0.916016	0.732422	-0.000555721
0.0761719	0.380859	0.00069622
0.923828	0.619141	-0.00069622
0.0761719	0.427734	0.00061249
0.923828	0.572266	-0.00061249
0.0761719	0.431641	0.000677548
0.923828	0.568359	-0.000677548
0.0878906	0.576172	-1.87776e-06
0.912109	0.423828	1.87766e-06
0.115234	0.685547	-0.00137699
0.884766	0.314453	0.00137699
0.150391	0.751953	-0.00283146
0.849609	0.248047	0.00283146
0.267578	0.837891	-0.00256166
0.732422	0.162109	0.00256166
0.248047	0.830078	-0.00269932
0.751953	0.169922	0.00269932
0.373047	0.861328	-0.00177169
0.626953	0.138672	0.00177169
0.544922	0.857422	-0.00233611
0.455078	0.142578	0.00233611
0.0800781	0.302734	0.00075761
0.919922	0.697266	-0.00075761
0.0761719	0.376953	0.00077665
0.923828	0.623047	-0.00077665
0.0761719	0.435547	0.000753619
0.923828	0.564453	-0.000753619
0.0800781	0.509766	0.000472104
0.919922	0.490234	-0.000472104
0.0839844	0.548828	0.000333303
0.916016	0.451172	-0.000333303
0.0917969	0.599609	-0.000122954
0.908203	0.400391	0.000122954
0.0957031	0.619141	-0.000270135
0.904297	0.380859	0.000270135
0.103516	0.650391	-0.00067339
0.896484	0.349609	0.000673389
0.126953	0.712891	-0.00182833
0.873047	0.287109	0.00182833
0.130859	0.720703	-0.00194738
0.869141	0.279297	0.00194738
0.224609	0.818359	-0.00290574
0.775391	0.181641	0.00290574
0.291016	0.845703	-0.00218043
0.708984	0.154297	0.00218043
0.322266	0.853516	-0.00186513
0.677734	0.146484	0.00186513
0.568359	0.853516	-0.00228433
0.431641	0.146484	0.00228433
0.517578	0.861328	-0.00184916
0.482422	0.138672	0.00184916
0.646484	0.830078	-0.0034526
0.353516	0.169922	0.0034526
0.439453	0.865234	-0.00157281
0.443359	0.865234	-0.00159406
0.447266	0.865234	-0.00159411
0.451172	0.865234	-0.00157296
0.548828	0.134766	0.00157296
0.552734	0.134766	0.00159411
0.556641	0.134766	0.00159406
0.560547	0.134766	0.00157281
0.341797	0.0136719	0.00301776
0.658203	0.986328	-0.00301776
0.158203	0.0839844	-0.000648912
0.841797	0.916016	0.000648995
0.154297	0.0878906	-0.000764403
0.845703	0.912109	0.000764471
0.150391	0.0917969	-0.000692342
0.849609	0.908203	0.000692378
0.0878906	0.240234	0.000624157
0.912109	0.759766	-0.000624156
0.0761719	0.373047	0.000868667
0.923828	0.626953	-0.000868667
0.0761719	0.439453	0.000840753
0.923828	0.560547	-0.000840753
0.123047	0.705078	-0.0014596
0.876953	0.294922	0.0014596
0.615234	0.841797	-0.00264069
0.384766	0.158203	0.00264069
0.431641	0.865234	-0.00146651
0.435547	0.865234	-0.00153032
0.455078	0.865234	-0.00153066
0.544922	0.134766	0.00153066
0.564453	0.134766	0.00153032
0.568359	0.134766	0.00146651
0.626953	0.837891	-0.00283005
0.373047	0.162109	0.00283005
0.427734	0.865234	-0.00138128
0.458984	0.865234	-0.00146727
0.541016	0.134766	0.00146727
0.572266	0.134766	0.00138128
0.810547	0.591797	-0.00369983
0.189453	0.408203	0.00369983
0.162109	0.0800781	-0.000346785
0.837891	0.919922	0.000346863
0.0761719	0.369141	0.000972394
0.923828	0.630859	-0.000972394
0.0761719	0.443359	0.000939015
0.923828	0.556641	-0.000939015
0.134766	0.728516	-0.00180212
0.865234	0.271484	0.00180212
0.162109	0.767578	-0.00265408
0.837891	0.232422	0.00265408
0.255859	0.833984	-0.00208633
0.744141	0.166016	0.00208633
0.341797	0.857422	-0.00151029
0.658203	0.142578	0.00151029
0.369141	0.861328	-0.00134314
0.630859	0.138672	0.00134314
0.548828	0.857422	-0.00175208
0.451172	0.142578	0.00175208
0.587891	0.849609	-0.00207975
0.412109	0.150391	0.00207975
0.423828	0.865234	-0.00127451
0.576172	0.134766	0.00127451
0.462891	0.865234	-0.0013829
0.537109	0.134766	0.0013829
0.466797	0.865234	-0.00127757
0.533203	0.134766	0.00127757
0.810547	0.494141	-0.00367722
0.189453	0.505859	0.00367722
0.369141	0.00976562	0.00323553
0.630859	0.990234	-0.00323553
0.279297	0.0253906	0.00242285
0.720703	0.974609	-0.00242286
0.263672	0.0292969	0.00225957
0.736328	0.970703	-0.00225957
0.146484	0.0957031	-0.000432812
0.853516	0.904297	0.000432812
0.0761719	0.365234	0.00108799
0.923828	0.634766	-0.00108799
0.0761719	0.447266	0.00104847
0.923828	0.552734	-0.00104847
0.0800781	0.513672	0.000784776
0.919922	0.486328	-0.000784776
0.205078	0.806641	-0.00261173
0.794922	0.193359	0.00261173
0.216797	0.814453	-0.00238077
0.783203	0.185547	0.00238077
0.521484	0.861328	-0.00143646
0.478516	0.138672	0.00143646
0.603516	0.845703	-0.00208369
0.396484	0.154297	0.00208369
0.638672	0.833984	-0.00262104
0.361328	0.166016	0.00262104
0.416016	0.865234	-0.000996029
0.419922	0.865234	-0.0011461
0.580078	0.134766	0.0011461
0.583984	0.134766	0.000996029
0.470703	0.865234	-0.00115125
0.529297	0.134766	0.00115125
0.794922	0.669922	-0.00360719
0.205078	0.330078	0.00360719
0.806641	0.623047	-0.00326486
0.193359	0.376953	0.00326486
0.810547	0.595703	-0.00328094
0.189453	0.404297	0.00328094
0.208984	0.0488281	0.00131874
0.791016	0.951172	-0.00131871
0.201172	0.0527344	0.0011169
0.798828	0.947266	-0.00111692
0.181641	0.0644531	0.000500055
0.818359	0.935547	-0.00050009
0.103516	0.173828	0.000564917
0.896484	0.826172	-0.000564921
0.0957031	0.201172	0.000701832
0.904297	0.798828	-0.000701833
0.0839844	0.263672	0.00105759
0.916016	0.736328	-0.00105759
0.0800781	0.298828	0.00110135
0.919922	0.701172	-0.00110135
0.0761719	0.361328	0.0012156
0.923828	0.638672	-0.0012156
0.0878906	0.580078	0.000573082
0.912109	0.419922	-0.000573082
0.119141	0.697266	-0.000855625
0.880859	0.302734	0.000855625
0.146484	0.748047	-0.0018022
0.853516	0.251953	0.0018022
0.189453	0.794922	-0.00255537
0.810547	0.205078	0.00255537
0.302734	0.849609	-0.00139008
0.697266	0.150391	0.00139008
0.572266	0.853516	-0.00153884
0.427734	0.146484	0.00153884
0.412109	0.865234	-0.000824253
0.587891	0.134766	0.000824253
0.474609	0.865234	-0.00100384
0.525391	0.134766	0.00100384
0.783203	0.701172	-0.00359061
0.216797	0.298828	0.00359061
0.791016	0.681641	-0.00356748
0.208984	0.318359	0.00356748
0.802734	0.642578	-0.00321596
0.197266	0.357422	0.00321596
0.810547	0.490234	-0.00326213
0.189453	0.509766	0.00326213
0.166016	0.0761719	0.000139454
0.833984	0.923828	-0.000139397
0.0761719	0.451172	0.00116919
0.923828	0.548828	-0.00116919
0.0839844	0.552734	0.000789168
0.916016	0.447266	-0.000789168
0.490234	0.501953	0.0011186
0.509766	0.498047	-0.0011186
0.0996094	0.638672	0.000209729
0.900391	0.361328	-0.000209729
0.107422	0.666016	-0.000129346
0.892578	0.333984	0.000129346
0.111328	0.677734	-0.000267248
0.888672	0.322266	0.000267248
0.138672	0.736328	-0.00137499
0.861328	0.263672	0.00137499
0.158203	0.763672	-0.00209613
0.841797	0.236328	0.00209613
0.275391	0.841797	-0.00137745
0.724609	0.158203	0.00137745
0.318359	0.853516	-0.00106965
0.681641	0.146484	0.00106965
0.337891	0.857422	-0.000868249
0.662109	0.142578	0.000868249
0.365234	0.861328	-0.000889922
0.634766	0.138672	0.000889922
0.552734	0.857422	-0.00114287
0.447266	0.142578	0.00114287
0.525391	0.861328	-0.00100113
0.474609	0.138672	0.00100113
0.478516	0.865234	-0.0008352
0.521484	0.134766	0.0008352
0.666016	0.822266	-0.00277116
0.333984	0.177734	0.00277116
0.658203	0.826172	-0.00249799
0.341797	0.173828	0.00249799
0.673828	0.818359	-0.00278966
0.326172	0.181641	0.00278966
0.693359	0.806641	-0.00329637
0.306641	0.193359	0.00329637
0.798828	0.658203	-0.00317911
0.201172	0.341797	0.00317911
0.810547	0.599609	-0.00282834
0.189453	0.400391	0.00282834
0.806641	0.462891	-0.0032882
0.193359	0.537109	0.0032882
0.802734	0.443359	-0.00330845
0.197266	0.556641	0.00330845
0.142578	0.0996094	1.21432e-05
0.857422	0.900391	-1.21721e-05
0.130859	0.115234	0.000234826
0.869141	0.884766	-0.000234847
0.107422	0.162109	0.000676256
0.892578	0.837891	-0.000676253
0.0996094	0.185547	0.000905928
0.900391	0.814453	-0.000905932
0.0917969	0.216797	0.00107891
0.908203	0.783203	-0.00107891
0.0761719	0.357422	0.00135539
0.923828	0.642578	-0.00135539
0.0761719	0.455078	0.00130123
0.923828	0.544922	-0.00130123
0.0800781	0.517578	0.00111066
0.919922	0.482422	-0.00111066
0.0917969	0.603516	0.000569643
0.908203	0.396484	-0.000569643
0.263672	0.837891	-0.00122501
0.736328	0.162109	0.00122501
0.287109	0.845703	-0.00109979
0.712891	0.154297	0.00109979
0.408203	0.865234	-0.000630694
0.591797	0.134766	0.000630694
0.482422	0.865234	-0.000645224
0.517578	0.134766	0.000645224
0.787109	0.693359	-0.00303307
0.212891	0.306641	0.00303307
0.806641	0.626953	-0.00256145
0.193359	0.373047	0.00256145
0.798828	0.427734	-0.00336176
0.201172	0.572266	0.00336176
0.810547	0.486328	-0.00281455
0.189453	0.513672	0.00281455
0.0878906	0.236328	0.00127839
0.912109	0.763672	-0.00127839
0.0800781	0.294922	0.0014613
0.919922	0.705078	-0.0014613
0.0761719	0.353516	0.00150747
0.923828	0.646484	-0.00150747
0.0761719	0.458984	0.00144465
0.923828	0.541016	-0.00144465
0.0957031	0.623047	0.000536106
0.904297	0.376953	-0.000536106
0.193359	0.798828	-0.00196401
0.806641	0.201172	0.00196401
0.236328	0.826172	-0.00135546
0.763672	0.173828	0.00135546
0.361328	0.861328	-0.000411706
0.638672	0.138672	0.000411706
0.404297	0.865234	-0.000415168
0.595703	0.134766	0.000415168
0.591797	0.849609	-0.00118393
0.408203	0.150391	0.00118393
0.619141	0.841797	-0.00150457
0.380859	0.158203	0.00150457
0.630859	0.837891	-0.00157772
0.369141	0.162109	0.00157772
0.650391	0.830078	-0.00198482
0.349609	0.169922	0.00198482
0.486328	0.865234	-0.000433829
0.513672	0.134766	0.000433829
0.681641	0.814453	-0.00254077
0.318359	0.185547	0.00254077
0.810547	0.603516	-0.00234172
0.189453	0.396484	0.00234172
0.787109	0.392578	-0.00356099
0.212891	0.607422	0.00356099
0.814453	0.537109	-0.00220893
0.814453	0.541016	-0.00224174
0.814453	0.544922	-0.00224327
0.814453	0.548828	-0.00221344
0.814453	0.552734	-0.00215216
0.185547	0.447266	0.00215216
0.185547	0.451172	0.00221344
0.185547	0.455078	0.00224327
0.185547	0.458984	0.00224174
0.185547	0.462891	0.00220893
0.193359	0.0566406	0.00125414
0.806641	0.943359	-0.00125419
0.119141	0.134766	0.00069579
0.880859	0.865234	-0.00069576
0.103516	0.654297	0.000351796
0.896484	0.345703	-0.000351796
0.115234	0.689453	-3.17087e-05
0.884766	0.310547	3.17087e-05
0.154297	0.759766	-0.00140126
0.845703	0.240234	0.00140126
0.208984	0.810547	-0.00153633
0.791016	0.189453	0.00153633
0.228516	0.822266	-0.00131475
0.771484	0.177734	0.00131475
0.244141	0.830078	-0.00111476
0.755859	0.169922	0.00111476
0.529297	0.861328	-0.000542807
0.470703	0.138672	0.000542808
0.400391	0.865234	-0.000177391
0.599609	0.134766	0.000177391
0.486328	0.501953	0.00220919
0.513672	0.498047	-0.00220919
0.576172	0.853516	-0.000765894
0.423828	0.146484	0.000765894
0.759766	0.744141	-0.00306746
0.240234	0.255859	0.00306746
0.767578	0.732422	-0.00295864
0.232422	0.267578	0.00295864
0.794922	0.673828	-0.00239961
0.205078	0.326172	0.00239961
0.802734	0.646484	-0.00231583
0.197266	0.353516	0.00231583
0.806641	0.458984	-0.0026004
0.193359	0.541016	0.0026004
0.810547	0.482422	-0.0023342
0.189453	0.517578	0.0023342
0.814453	0.529297	-0.00204959
0.814453	0.533203	-0.00214487
0.814453	0.556641	-0.00205934
0.814453	0.560547	-0.00193491
0.185547	0.439453	0.00193491
0.185547	0.443359	0.00205934
0.185547	0.466797	0.00214487
0.185547	0.470703	0.00204959
0.216797	0.0449219	0.00182779
0.783203	0.955078	-0.00182773
0.115234	0.142578	0.000840064
0.884766	0.857422	-0.000840038
0.0839844	0.259766	0.00157962
0.916016	0.740234	-0.00157962
0.0761719	0.349609	0.00167194
0.923828	0.650391	-0.00167194
0.0761719	0.462891	0.0015995
0.923828	0.537109	-0.0015995
0.0800781	0.521484	0.00145024
0.919922	0.478516	-0.00145024
0.0839844	0.556641	0.00126102
0.916016	0.443359	-0.00126102
0.0878906	0.583984	0.00116597
0.912109	0.416016	-0.00116597
0.298828	0.849609	-0.000425595
0.701172	0.150391	0.000425595
0.314453	0.853516	-0.000243492
0.685547	0.146484	0.000243492
0.333984	0.857422	-0.000198003
0.666016	0.142578	0.000198003
0.556641	0.857422	-0.000508144
0.443359	0.142578	0.000508144
0.607422	0.845703	-0.00105558
0.392578	0.154297	0.00105558
0.490234	0.865234	-0.000200947
0.509766	0.134766	0.000200947
0.720703	0.787109	-0.0029669
0.279297	0.212891	0.0029669
0.791016	0.685547	-0.00221533
0.208984	0.314453	0.00221533
0.798828	0.662109	-0.00211024
0.201172	0.337891	0.00211024
0.806641	0.630859	-0.0018217
0.193359	0.369141	0.0018217
0.810547	0.607422	-0.00182091
0.189453	0.392578	0.00182091
0.794922	0.412109	-0.00271218
0.205078	0.587891	0.00271218
0.802734	0.439453	-0.00243441
0.197266	0.560547	0.00243441
0.814453	0.564453	-0.00177882
0.185547	0.435547	0.00177882
0.814453	0.525391	-0.00192314
0.185547	0.474609	0.00192314
0.814453	0.521484	-0.00176559
0.185547	0.478516	0.00176559
0.521484	0.236328	-0.00380406
0.556641	0.236328	-0.00377751
0.443359	0.763672	0.00377751
0.478516	0.763672	0.00380406
0.169922	0.0722656	0.000804503
0.830078	0.927734	-0.000804474
0.126953	0.716797	-0.000162185
0.873047	0.283203	0.000162185
0.142578	0.744141	-0.000650789
0.857422	0.255859	0.000650789
0.197266	0.802734	-0.00123316
0.802734	0.197266	0.00123316
0.220703	0.818359	-0.000979998
0.779297	0.181641	0.000979998
0.251953	0.833984	-0.000608279
0.748047	0.166016	0.000608279
0.357422	0.861328	9.18829e-05
0.642578	0.138672	-9.18828e-05
0.396484	0.865234	8.29715e-05
0.603516	0.134766	-8.29714e-05
0.642578	0.833984	-0.00124464
0.357422	0.166016	0.00124464
0.494141	0.865234	5.35097e-05
0.505859	0.134766	-5.35096e-05
0.689453	0.810547	-0.00201371
0.310547	0.189453	0.00201371
0.701172	0.802734	-0.00229818
0.298828	0.197266	0.00229818
0.716797	0.791016	-0.00243829
0.283203	0.208984	0.00243829
0.748047	0.759766	-0.00287741
0.251953	0.240234	0.00287741
0.779297	0.712891	-0.0021472
0.220703	0.287109	0.0021472
0.791016	0.400391	-0.00265053
0.208984	0.599609	0.00265053
0.798828	0.423828	-0.0023282
0.201172	0.576172	0.0023282
0.779297	0.373047	-0.00297885
0.220703	0.626953	0.00297885
0.806641	0.455078	-0.00187762
0.193359	0.544922	0.00187762
0.810547	0.478516	-0.00182097
0.189453	0.521484	0.00182097
0.814453	0.568359	-0.00159106
0.185547	0.431641	0.00159106
0.814453	0.517578	-0.00157695
0.185547	0.482422	0.00157695
0.615234	0.244141	-0.00340955
0.384766	0.755859	0.00340955
0.595703	0.240234	-0.00343369
0.404297	0.759766	0.00343369
0.560547	0.236328	-0.00355562
0.439453	0.763672	0.00355562
0.517578	0.236328	-0.00358857
0.564453	0.236328	-0.00328951
0.435547	0.763672	0.00328951
0.482422	0.763672	0.00358857
0.400391	0.00585938	0.00358248
0.599609	0.994141	-0.00358252
0.138672	0.103516	0.000637838
0.861328	0.896484	-0.000637882
0.123047	0.126953	0.000891909
0.876953	0.873047	-0.000891889
0.0800781	0.291016	0.00183762
0.919922	0.708984	-0.00183762
0.0761719	0.345703	0.00184892
0.923828	0.654297	-0.00184892
0.0761719	0.466797	0.00176582
0.923828	0.533203	-0.00176582
0.123047	0.708984	0.000106638
0.876953	0.291016	-0.000106638
0.130859	0.724609	-0.000177235
0.869141	0.275391	0.000177235
0.533203	0.861328	-6.09731e-05
0.466797	0.138672	6.09733e-05
0.775391	0.720703	-0.00202597
0.224609	0.279297	0.00202597
0.783203	0.705078	-0.0019781
0.216797	0.294922	0.0019781
0.802734	0.650391	-0.00137774
0.197266	0.349609	0.00137774
0.482422	0.501953	0.00320107
0.517578	0.498047	-0.00320107
0.810547	0.611328	-0.00126577
0.189453	0.388672	0.00126577
0.783203	0.380859	-0.00267997
0.216797	0.619141	0.00267997
0.775391	0.365234	-0.00300504
0.224609	0.634766	0.00300504
0.814453	0.572266	-0.00137157
0.185547	0.427734	0.00137157
0.814453	0.513672	-0.00135712
0.185547	0.486328	0.00135712
0.642578	0.251953	-0.00339718
0.357422	0.748047	0.00339718
0.630859	0.248047	-0.00320767
0.369141	0.751953	0.00320767
0.462891	0.244141	-0.00355521
0.537109	0.755859	0.00355521
0.482422	0.240234	-0.00353231
0.517578	0.759766	0.00353231
0.568359	0.236328	-0.00297905
0.431641	0.763672	0.00297905
0.513672	0.236328	-0.00332931
0.486328	0.763672	0.00332931
0.236328	0.0371094	0.00240658
0.763672	0.962891	-0.00240653
0.111328	0.150391	0.00129871
0.888672	0.849609	-0.0012987
0.0917969	0.607422	0.00128323
0.908203	0.392578	-0.00128323
0.150391	0.755859	-0.000573872
0.849609	0.244141	0.000573872
0.271484	0.841797	-0.000135042
0.728516	0.158203	0.000135042
0.283203	0.845703	1.65186e-05
0.716797	0.154297	-1.65185e-05
0.392578	0.865234	0.000366229
0.607422	0.134766	-0.000366229
0.595703	0.849609	-0.000258033
0.404297	0.150391	0.000258033
0.498047	0.865234	0.000329661
0.501953	0.134766	-0.000329661
0.669922	0.822266	-0.00106629
0.330078	0.177734	0.00106629
0.751953	0.755859	-0.00231666
0.248047	0.244141	0.00231666
0.763672	0.740234	-0.00203695
0.236328	0.259766	0.00203695
0.787109	0.697266	-0.00153176
0.212891	0.302734	0.00153176
0.787109	0.388672	-0.00211908
0.212891	0.611328	0.00211908
0.802734	0.435547	-0.00152371
0.197266	0.564453	0.00152371
0.771484	0.357422	-0.00274808
0.228516	0.642578	0.00274808
0.810547	0.474609	-0.00127489
0.189453	0.525391	0.00127489
0.814453	0.576172	-0.00112022
0.185547	0.423828	0.00112022
0.814453	0.509766	-0.00110594
0.185547	0.490234	0.00110594
0.654297	0.255859	-0.00302938
0.345703	0.744141	0.00302938
0.599609	0.240234	-0.00275518
0.400391	0.759766	0.00275518
0.435547	0.251953	-0.00362331
0.564453	0.748047	0.00362331
0.447266	0.248047	-0.00339963
0.552734	0.751953	0.00339963
0.509766	0.236328	-0.00302622
0.490234	0.763672	0.00302622
0.572266	0.236328	-0.00262416
0.427734	0.763672	0.00262415
0.294922	0.0214844	0.00303774
0.705078	0.978516	-0.00303775
0.0957031	0.197266	0.00164669
0.904297	0.802734	-0.00164669
0.0761719	0.341797	0.00203855
0.923828	0.658203	-0.00203855
0.0761719	0.470703	0.00194362
0.923828	0.529297	-0.00194362
0.0800781	0.525391	0.00180389
0.919922	0.474609	-0.00180389
0.0839844	0.560547	0.00174897
0.916016	0.439453	-0.00174897
0.0957031	0.626953	0.00136613
0.904297	0.373047	-0.00136613
0.0996094	0.642578	0.00114502
0.900391	0.357422	-0.00114502
0.119141	0.701172	0.000615729
0.880859	0.298828	-0.000615729
0.134766	0.732422	7.74267e-05
0.865234	0.267578	-7.74267e-05
0.330078	0.857422	0.000501145
0.669922	0.142578	-0.000501145
0.353516	0.861328	0.000621254
0.646484	0.138672	-0.000621254
0.388672	0.865234	0.000672595
0.611328	0.134766	-0.000672594
0.560547	0.857422	0.00015245
0.439453	0.142578	-0.00015245
0.580078	0.853516	3.50917e-05
0.419922	0.146484	-3.50915e-05
0.623047	0.841797	-0.000333973
0.376953	0.158203	0.000333973
0.662109	0.826172	-0.00089423
0.337891	0.173828	0.00089423
0.677734	0.818359	-0.0009794
0.322266	0.181641	0.0009794
0.712891	0.794922	-0.00178012
0.287109	0.205078	0.00178012
0.771484	0.728516	-0.0016072
0.228516	0.271484	0.0016072
0.794922	0.677734	-0.00115113
0.205078	0.322266	0.00115113
0.798828	0.666016	-0.00100165
0.201172	0.333984	0.00100165
0.806641	0.634766	-0.00104547
0.193359	0.365234	0.00104547
0.806641	0.451172	-0.00111961
0.193359	0.548828	0.00111961
0.814453	0.580078	-0.00083671
0.185547	0.419922	0.00083671
0.814453	0.505859	-0.000823171
0.185547	0.494141	0.000823171
0.705078	0.283203	-0.00313658
0.294922	0.716797	0.00313658
0.693359	0.275391	-0.00310146
0.306641	0.724609	0.00310146
0.619141	0.244141	-0.00248619
0.380859	0.755859	0.00248619
0.478516	0.240234	-0.00286621
0.521484	0.759766	0.00286621
0.505859	0.236328	-0.00267928
0.494141	0.763672	0.00267928
0.248047	0.0332031	0.00263358
0.751953	0.966797	-0.00263356
0.0917969	0.212891	0.0018948
0.908203	0.787109	-0.0018948
0.0878906	0.232422	0.00195718
0.912109	0.767578	-0.00195718
0.107422	0.669922	0.00102518
0.892578	0.330078	-0.00102518
0.111328	0.681641	0.000996198
0.888672	0.318359	-0.000996198
0.169922	0.779297	-0.00066468
0.830078	0.220703	0.00066468
0.173828	0.783203	-0.000722223
0.826172	0.216797	0.000722223
0.177734	0.787109	-0.000637015
0.822266	0.212891	0.000637015
0.201172	0.806641	-0.000366802
0.798828	0.193359	0.000366802
0.212891	0.814453	-0.00033419
0.787109	0.185547	0.00033419
0.259766	0.837891	0.000150885
0.740234	0.162109	-0.000150885
0.310547	0.853516	0.000614161
0.689453	0.146484	-0.000614161
0.537109	0.861328	0.000444913
0.462891	0.138672	-0.000444913
0.501953	0.865234	0.000627638
0.498047	0.134766	-0.000627638
0.611328	0.845703	4.75631e-06
0.388672	0.154297	-4.75614e-06
0.634766	0.837891	-0.000288708
0.365234	0.162109	0.000288708
0.654297	0.830078	-0.000477594
0.345703	0.169922	0.000477594
0.697266	0.806641	-0.00119878
0.302734	0.193359	0.00119878
0.755859	0.751953	-0.00162239
0.244141	0.248047	0.00162239
0.810547	0.615234	-0.000676128
0.189453	0.384766	0.000676128
0.794922	0.408203	-0.00150788
0.205078	0.591797	0.00150788
0.798828	0.419922	-0.0012556
0.201172	0.580078	0.0012556
0.767578	0.349609	-0.00219676
0.232422	0.650391	0.00219676
0.814453	0.583984	-0.000520685
0.185547	0.416016	0.000520685
0.759766	0.337891	-0.00240679
0.240234	0.662109	0.00240679
0.744141	0.318359	-0.00286475
0.255859	0.681641	0.00286475
0.423828	0.255859	-0.00329616
0.576172	0.744141	0.00329616
0.603516	0.240234	-0.00203065
0.396484	0.759766	0.00203065
0.458984	0.244141	-0.00264899
0.541016	0.755859	0.00264899
0.576172	0.236328	-0.00222478
0.423828	0.763672	0.00222478
0.501953	0.236328	-0.0022885
0.498047	0.763672	0.0022885
0.103516	0.169922	0.00178897
0.896484	0.830078	-0.00178898
0.0839844	0.255859	0.0021218
0.916016	0.744141	-0.0021218
0.0800781	0.287109	0.00223041
0.919922	0.712891	-0.00223041
0.0761719	0.337891	0.002241
0.923828	0.662109	-0.002241
0.0761719	0.474609	0.00213291
0.923828	0.525391	-0.00213291
0.0878906	0.587891	0.00177694
0.912109	0.412109	-0.00177694
0.166016	0.775391	-0.000464957
0.833984	0.224609	0.000464957
0.181641	0.791016	-0.000408461
0.818359	0.208984	0.000408461
0.294922	0.849609	0.000572987
0.705078	0.150391	-0.000572987
0.384766	0.865234	0.00100226
0.615234	0.134766	-0.00100226
0.685547	0.814453	-0.00062232
0.314453	0.185547	0.00062232
0.791016	0.689453	-0.000821362
0.208984	0.310547	0.000821362
0.791016	0.396484	-0.00130895
0.208984	0.603516	0.00130895
0.810547	0.470703	-0.000695876
0.189453	0.529297	0.000695876
0.814453	0.501953	-0.000508621
0.185547	0.498047	0.000508621
0.720703	0.294922	-0.00278381
0.279297	0.705078	0.00278381
0.673828	0.263672	-0.00229046
0.326172	0.736328	0.00229046
0.666016	0.259766	-0.00208006
0.333984	0.740234	0.00208006
0.646484	0.251953	-0.00210184
0.353516	0.748047	0.00210184
0.634766	0.248047	-0.0020771
0.365234	0.751953	0.0020771
0.474609	0.240234	-0.00215451
0.525391	0.759766	0.00215451
0.580078	0.236328	-0.00178088
0.419922	0.763672	0.00178088
0.498047	0.236328	-0.00185395
0.501953	0.763672	0.00185395
0.701172	0.615234	0.00369355
0.298828	0.384766	-0.00369355
0.712891	0.552734	0.00380013
0.287109	0.447266	-0.00380013
0.712891	0.525391	0.00386355
0.287109	0.474609	-0.00386355
0.185547	0.0605469	0.00175425
0.814453	0.939453	-0.0017543
0.126953	0.119141	0.00145392
0.873047	0.880859	-0.00145392
0.0800781	0.529297	0.0021716
0.919922	0.470703	-0.0021716
0.103516	0.658203	0.00140591
0.896484	0.341797	-0.00140591
0.162109	0.771484	-0.000123777
0.837891	0.228516	0.000123777
0.232422	0.826172	0.000382537
0.767578	0.173828	-0.000382537
0.505859	0.865234	0.000947614
0.494141	0.134766	-0.000947614
0.564453	0.857422	0.000839197
0.435547	0.142578	-0.000839197
0.708984	0.798828	-0.000995178
0.291016	0.201172	0.000995179
0.767578	0.736328	-0.000881199
0.232422	0.263672	0.000881199
0.802734	0.654297	-0.000401257
0.197266	0.345703	0.000401257
0.806641	0.638672	-0.000232177
0.193359	0.361328	0.000232177
0.810547	0.619141	-5.17469e-05
0.189453	0.380859	5.1747e-05
0.814453	0.587891	-0.000171922
0.185547	0.412109	0.000171923
0.802734	0.431641	-0.000576044
0.197266	0.568359	0.000576044
0.779297	0.369141	-0.00127861
0.220703	0.630859	0.00127861
0.748047	0.322266	-0.00239056
0.251953	0.677734	0.00239056
0.814453	0.498047	-0.00016216
0.185547	0.501953	0.00016216
0.716797	0.291016	-0.00227619
0.283203	0.708984	0.00227619
0.701172	0.279297	-0.00213981
0.298828	0.720703	0.00213981
0.681641	0.267578	-0.00218843
0.318359	0.732422	0.00218843
0.623047	0.244141	-0.00151573
0.376953	0.755859	0.00151573
0.431641	0.251953	-0.00235009
0.568359	0.748047	0.00235009
0.443359	0.248047	-0.00228847
0.556641	0.751953	0.00228847
0.404297	0.263672	-0.00261726
0.595703	0.736328	0.00261726
0.697266	0.626953	0.0033392
0.302734	0.373047	-0.0033392
0.705078	0.603516	0.00336376
0.294922	0.396484	-0.00336376
0.708984	0.587891	0.00318472
0.291016	0.412109	-0.00318472
0.712891	0.556641	0.00354703
0.287109	0.443359	-0.00354703
0.712891	0.521484	0.00362833
0.712891	0.560547	0.00323307
0.287109	0.439453	-0.00323307
0.287109	0.478516	-0.00362833
0.173828	0.0683594	0.00164113
0.826172	0.931641	-0.00164113
0.0996094	0.181641	0.002
0.900391	0.818359	-0.002
0.0761719	0.333984	0.00245645
0.923828	0.666016	-0.00245645
0.0761719	0.478516	0.00233377
0.923828	0.521484	-0.00233377
0.138672	0.740234	0.000618555
0.861328	0.259766	-0.000618555
0.146484	0.751953	0.000381163
0.853516	0.248047	-0.000381163
0.185547	0.794922	-3.65384e-05
0.814453	0.205078	3.65385e-05
0.240234	0.830078	0.000512273
0.759766	0.169922	-0.000512273
0.349609	0.861328	0.00117696
0.650391	0.138672	-0.00117696
0.541016	0.861328	0.000975263
0.458984	0.138672	-0.000975263
0.599609	0.849609	0.000698349
0.400391	0.150391	-0.000698349
0.583984	0.853516	0.00086474
0.416016	0.146484	-0.00086474
0.646484	0.833984	0.000170043
0.353516	0.166016	-0.000170043
0.759766	0.748047	-0.000796643
0.240234	0.251953	0.000796644
0.783203	0.708984	-0.000322427
0.216797	0.291016	0.000322428
0.783203	0.376953	-0.00108872
0.216797	0.623047	0.00108872
0.806641	0.447266	-0.000326118
0.193359	0.552734	0.000326118
0.775391	0.361328	-0.00119315
0.224609	0.638672	0.00119315
0.810547	0.466797	-8.35312e-05
0.189453	0.533203	8.35313e-05
0.814453	0.591797	0.000209716
0.185547	0.408203	-0.000209716
0.751953	0.326172	-0.0017817
0.248047	0.673828	0.0017817
0.689453	0.271484	-0.00176495
0.310547	0.728516	0.00176495
0.658203	0.255859	-0.00156573
0.341797	0.744141	0.00156573
0.607422	0.240234	-0.00126024
0.392578	0.759766	0.00126024
0.412109	0.259766	-0.00238705
0.587891	0.740234	0.00238705
0.396484	0.267578	-0.00253265
0.603516	0.732422	0.00253265
0.583984	0.236328	-0.00129242
0.416016	0.763672	0.00129242
0.455078	0.244141	-0.00169559
0.544922	0.755859	0.00169559
0.470703	0.240234	-0.00139736
0.529297	0.759766	0.00139736
0.494141	0.236328	-0.00137554
0.505859	0.763672	0.00137554
0.705078	0.474609	0.00357844
0.294922	0.525391	-0.00357844
0.708984	0.490234	0.00338015
0.291016	0.509766	-0.00338015
0.712891	0.564453	0.0028582
0.287109	0.435547	-0.0028582
0.712891	0.517578	0.00333182
0.287109	0.482422	-0.00333182
0.712891	0.513672	0.00297401
0.287109	0.486328	-0.00297401
0.435547	0.00195312	0.00369658
0.564453	0.998047	-0.00369686
0.314453	0.0175781	0.00335908
0.685547	0.982422	-0.00335908
0.224609	0.0410156	0.00261694
0.775391	0.958984	-0.00261687
0.134766	0.107422	0.00143753
0.865234	0.892578	-0.00143757
0.107422	0.158203	0.00204604
0.892578	0.841797	-0.00204603
0.0839844	0.564453	0.00225305
0.916016	0.435547	-0.00225305
0.0917969	0.611328	0.00201807
0.908203	0.388672	-0.00201807
0.115234	0.693359	0.00134978
0.884766	0.306641	-0.00134978
0.158203	0.767578	0.000357321
0.841797	0.232422	-0.000357321
0.224609	0.822266	0.00053731
0.775391	0.177734	-0.00053731
0.248047	0.833984	0.000912074
0.751953	0.166016	-0.000912074
0.326172	0.857422	0.00122986
0.673828	0.142578	-0.00122986
0.380859	0.865234	0.00135554
0.619141	0.134766	-0.00135554
0.509766	0.865234	0.00128984
0.490234	0.134766	-0.00128984
0.732422	0.779297	-0.000940941
0.267578	0.220703	0.000940942
0.736328	0.775391	-0.000996633
0.263672	0.224609	0.000996634
0.728516	0.783203	-0.0007498
0.271484	0.216797	0.0007498
0.740234	0.771484	-0.00091585
0.259766	0.228516	0.00091585
0.779297	0.716797	-0.000376718
0.220703	0.283203	0.000376719
0.794922	0.681641	0.000139427
0.205078	0.318359	-0.000139426
0.798828	0.669922	0.000147886
0.201172	0.330078	-0.000147886
0.787109	0.384766	-0.000633795
0.212891	0.615234	0.000633795
0.763672	0.341797	-0.00134057
0.236328	0.658203	0.00134057
0.794922	0.404297	-0.000262911
0.205078	0.595703	0.000262911
0.798828	0.416016	-0.000143648
0.201172	0.583984	0.000143648
0.814453	0.494141	0.000216347
0.185547	0.505859	-0.000216347
0.712891	0.287109	-0.00162894
0.287109	0.712891	0.00162894
0.638672	0.248047	-0.000898594
0.361328	0.751953	0.000898594
0.419922	0.255859	-0.00185395
0.580078	0.744141	0.00185395
0.376953	0.279297	-0.00248947
0.623047	0.720703	0.00248947
0.587891	0.236328	-0.000759308
0.412109	0.763672	0.000759308
0.701172	0.619141	0.00241626
0.298828	0.380859	-0.00241626
0.708984	0.591797	0.00237264
0.291016	0.408203	-0.00237264
0.697266	0.451172	0.00349562
0.302734	0.548828	-0.00349562
0.712891	0.568359	0.00242248
0.287109	0.431641	-0.00242248
0.712891	0.509766	0.002555
0.287109	0.490234	-0.002555
0.0761719	0.482422	0.00254629
0.923828	0.517578	-0.0025463
0.189453	0.798828	0.000477622
0.810547	0.201172	-0.000477622
0.205078	0.810547	0.000631371
0.794922	0.189453	-0.00063137
0.267578	0.841797	0.00114626
0.732422	0.158203	-0.00114626
0.279297	0.845703	0.00116967
0.720703	0.154297	-0.00116967
0.626953	0.841797	0.000871306
0.373047	0.158203	-0.000871306
0.693359	0.810547	1.51691e-05
0.306641	0.189453	-1.51689e-05
0.705078	0.802734	-8.66024e-05
0.294922	0.197266	8.66026e-05
0.724609	0.787109	-0.00042493
0.275391	0.212891	0.00042493
0.744141	0.767578	-0.000698432
0.255859	0.232422	0.000698432
0.775391	0.724609	-0.000140495
0.224609	0.275391	0.000140495
0.787109	0.701172	1.28491e-05
0.212891	0.298828	-1.28489e-05
0.810547	0.623047	0.000607972
0.189453	0.376953	-0.000607972
0.771484	0.353516	-0.000821946
0.228516	0.646484	0.000821946
0.814453	0.595703	0.000624494
0.185547	0.404297	-0.000624494
0.755859	0.330078	-0.00104136
0.244141	0.669922	0.00104136
0.650391	0.251953	-0.000758261
0.349609	0.748047	0.000758261
0.611328	0.240234	-0.000443588
0.388672	0.759766	0.000443588
0.388672	0.271484	-0.0021197
0.611328	0.728516	0.0021197
0.439453	0.248047	-0.00112893
0.560547	0.751953	0.00112893
0.361328	0.291016	-0.00255448
0.638672	0.708984	0.00255448
0.490234	0.236328	-0.000852899
0.509766	0.763672	0.000852899
0.666016	0.681641	0.00260348
0.333984	0.318359	-0.00260348
0.677734	0.666016	0.00251368
0.322266	0.333984	-0.00251368
0.689453	0.646484	0.00234653
0.310547	0.353516	-0.00234653
0.693359	0.638672	0.00228139
0.306641	0.361328	-0.00228139
0.705078	0.607422	0.00229014
0.294922	0.392578	-0.00229014
0.708984	0.486328	0.00257902
0.291016	0.513672	-0.00257902
0.705078	0.470703	0.00251048
0.294922	0.529297	-0.00251048
0.712891	0.572266	0.00192608
0.287109	0.427734	-0.00192608
0.0800781	0.283203	0.00264002
0.919922	0.716797	-0.00264002
0.0761719	0.330078	0.00268505
0.923828	0.669922	-0.00268505
0.0800781	0.533203	0.00255301
0.919922	0.466797	-0.00255301
0.0878906	0.591797	0.00240636
0.912109	0.408203	-0.00240636
0.0957031	0.630859	0.00222049
0.904297	0.369141	-0.00222049
0.0996094	0.646484	0.00210697
0.900391	0.353516	-0.00210697
0.216797	0.818359	0.000991171
0.783203	0.181641	-0.000991171
0.306641	0.853516	0.00150411
0.693359	0.146484	-0.00150411
0.345703	0.861328	0.0017598
0.654297	0.138672	-0.0017598
0.376953	0.865234	0.00173287
0.623047	0.134766	-0.00173287
0.544922	0.861328	0.00153031
0.455078	0.138672	-0.00153031
0.513672	0.865234	0.00165458
0.486328	0.134766	-0.00165458
0.568359	0.857422	0.00155234
0.431641	0.142578	-0.00155234
0.615234	0.845703	0.00109754
0.384766	0.154297	-0.00109754
0.638672	0.837891	0.00103703
0.361328	0.162109	-0.00103703
0.666016	0.826172	0.000750395
0.333984	0.173828	-0.000750395
0.673828	0.822266	0.000680914
0.326172	0.177734	-0.000680913
0.748047	0.763672	-0.000345104
0.251953	0.236328	0.000345104
0.802734	0.658203	0.000614571
0.197266	0.341797	-0.000614571
0.806641	0.642578	0.000618993
0.193359	0.357422	-0.000618992
0.791016	0.392578	7.45216e-05
0.208984	0.607422	-7.45215e-05
0.802734	0.427734	0.000408982
0.197266	0.572266	-0.000408982
0.806641	0.443359	0.000503138
0.193359	0.556641	-0.000503138
0.810547	0.462891	0.000562831
0.189453	0.537109	-0.00056283
0.814453	0.490234	0.000627019
0.185547	0.509766	-0.000627019
0.697266	0.275391	-0.00101148
0.302734	0.724609	0.00101148
0.626953	0.244141	-0.000497655
0.373047	0.755859	0.000497655
0.427734	0.251953	-0.00102744
0.572266	0.748047	0.00102744
0.451172	0.244141	-0.000694617
0.548828	0.755859	0.000694617
0.591797	0.236328	-0.000181217
0.408203	0.763672	0.000181217
0.466797	0.240234	-0.000594876
0.533203	0.759766	0.000594876
0.365234	0.287109	-0.00194039
0.634766	0.712891	0.00194039
0.486328	0.236328	-0.000285668
0.513672	0.763672	0.000285667
0.685547	0.654297	0.00204108
0.314453	0.345703	-0.00204108
0.529297	0.232422	-0.000184095
0.533203	0.232422	-0.000266651
0.537109	0.232422	-0.000306111
0.541016	0.232422	-0.000302475
0.544922	0.232422	-0.00025575
0.548828	0.232422	-0.000165942
0.451172	0.767578	0.000165942
0.455078	0.767578	0.00025575
0.458984	0.767578	0.000302475
0.462891	0.767578	0.000306111
0.466797	0.767578	0.000266651
0.470703	0.767578	0.000184095
0.697266	0.630859	0.00185647
0.302734	0.369141	-0.00185647
0.708984	0.595703	0.0015001
0.291016	0.404297	-0.0015001
0.701172	0.458984	0.00261426
0.298828	0.541016	-0.00261426
0.681641	0.419922	0.00316661
0.318359	0.580078	-0.00316661
0.712891	0.505859	0.00207501
0.287109	0.494141	-0.00207501
0.568359	0.345703	0.00360863
0.431641	0.654297	-0.00360863
0.0878906	0.228516	0.00266075
0.912109	0.771484	-0.00266075
0.0839844	0.251953	0.00268458
0.916016	0.748047	-0.00268458
0.0761719	0.486328	0.00277065
0.923828	0.513672	-0.00277065
0.123047	0.712891	0.00171322
0.876953	0.287109	-0.00171322
0.126953	0.720703	0.00154544
0.873047	0.279297	-0.00154544
0.154297	0.763672	0.000975743
0.845703	0.236328	-0.000975743
0.291016	0.849609	0.00160711
0.708984	0.150391	-0.00160711
0.658203	0.830078	0.00106912
0.341797	0.169922	-0.00106912
0.720703	0.791016	3.15526e-05
0.279297	0.208984	-3.15524e-05
0.763672	0.744141	0.000158231
0.236328	0.255859	-0.000158231
0.771484	0.732422	0.000395797
0.228516	0.267578	-0.000395797
0.791016	0.693359	0.000615672
0.208984	0.306641	-0.000615672
0.814453	0.599609	0.00107281
0.185547	0.400391	-0.00107281
0.767578	0.345703	-0.000153865
0.232422	0.654297	0.000153865
0.814453	0.486328	0.00107002
0.185547	0.513672	-0.00107002
0.708984	0.283203	-0.000844648
0.291016	0.716797	0.000844648
0.677734	0.263672	-0.000530896
0.322266	0.736328	0.000530896
0.685547	0.267578	-0.000304308
0.314453	0.732422	0.000304308
0.669922	0.259766	-0.000444313
0.330078	0.740234	0.000444312
0.408203	0.259766	-0.000771368
0.591797	0.740234	0.000771368
0.400391	0.263672	-0.000876588
0.599609	0.736328	0.000876587
0.380859	0.275391	-0.00137054
0.619141	0.724609	0.00137054
0.669922	0.677734	0.00199091
0.330078	0.322266	-0.00199091
0.552734	0.232422	-3.30226e-05
0.447266	0.767578	3.30225e-05
0.525391	0.232422	-5.84317e-05
0.556641	0.232422	0.00014312
0.443359	0.767578	-0.00014312
0.474609	0.767578	5.84316e-05
0.521484	0.232422	0.000110384
0.478516	0.767578	-0.000110384
0.705078	0.611328	0.0011562
0.294922	0.388672	-0.0011562
0.693359	0.439453	0.00235336
0.306641	0.560547	-0.00235336
0.712891	0.576172	0.00136908
0.287109	0.423828	-0.00136908
0.689453	0.431641	0.00232026
0.310547	0.568359	-0.00232026
0.697266	0.447266	0.00200037
0.302734	0.552734	-0.00200037
0.673828	0.408203	0.00291704
0.326172	0.591797	-0.00291704
0.708984	0.482422	0.0017164
0.291016	0.517578	-0.0017164
0.712891	0.501953	0.00153407
0.287109	0.498047	-0.00153407
0.599609	0.353516	0.0033676
0.400391	0.646484	-0.0033676
0.587891	0.349609	0.00325361
0.412109	0.650391	-0.00325361
0.572266	0.345703	0.00295623
0.427734	0.654297	-0.00295623
0.517578	0.345703	0.00367393
0.482422	0.654297	-0.00367393
0.337891	0.0136719	0.00356673
0.662109	0.986328	-0.00356673
0.275391	0.0253906	0.00328703
0.724609	0.974609	-0.00328704
0.0957031	0.193359	0.00262508
0.904297	0.806641	-0.00262508
0.0761719	0.326172	0.00292698
0.923828	0.673828	-0.00292698
0.107422	0.673828	0.00221178
0.892578	0.326172	-0.00221178
0.130859	0.728516	0.00163582
0.869141	0.271484	-0.00163582
0.255859	0.837891	0.00156835
0.744141	0.162109	-0.00156835
0.322266	0.857422	0.00198896
0.677734	0.142578	-0.00198896
0.373047	0.865234	0.00213465
0.626953	0.134766	-0.00213465
0.587891	0.853516	0.00172356
0.412109	0.146484	-0.00172356
0.517578	0.865234	0.00204195
0.482422	0.134766	-0.00204195
0.603516	0.849609	0.00168575
0.396484	0.150391	-0.00168575
0.681641	0.818359	0.000873682
0.318359	0.181641	-0.000873682
0.751953	0.759766	0.000142788
0.248047	0.240234	-0.000142788
0.810547	0.626953	0.00130385
0.189453	0.373047	-0.00130385
0.759766	0.333984	-0.000173048
0.240234	0.666016	0.000173048
0.740234	0.310547	-0.00055452
0.259766	0.689453	0.00055452
0.736328	0.306641	-0.000679908
0.263672	0.693359	0.000679908
0.732422	0.302734	-0.000666659
0.267578	0.697266	0.000666659
0.728516	0.298828	-0.000514036
0.271484	0.701172	0.000514036
0.662109	0.255859	-5.31973e-05
0.337891	0.744141	5.31972e-05
0.642578	0.248047	0.000328389
0.357422	0.751953	-0.000328389
0.615234	0.240234	0.000419799
0.384766	0.759766	-0.000419799
0.416016	0.255859	-0.000360958
0.583984	0.744141	0.000360958
0.392578	0.267578	-0.000663468
0.607422	0.732422	0.000663468
0.369141	0.283203	-0.00118121
0.630859	0.716797	0.00118121
0.595703	0.236328	0.000442396
0.404297	0.763672	-0.000442396
0.482422	0.236328	0.000326466
0.517578	0.763672	-0.000326466
0.673828	0.673828	0.00122489
0.326172	0.326172	-0.00122489
0.681641	0.662109	0.00136103
0.318359	0.337891	-0.00136103
0.517578	0.232422	0.000322428
0.560547	0.232422	0.000362688
0.439453	0.767578	-0.000362688
0.482422	0.767578	-0.000322428
0.701172	0.623047	0.00107948
0.298828	0.376953	-0.00107948
0.705078	0.466797	0.00137905
0.294922	0.533203	-0.00137905
0.712891	0.580078	0.000751286
0.287109	0.419922	-0.000751286
0.712891	0.498047	0.000931975
0.287109	0.501953	-0.000931976
0.619141	0.361328	0.00264165
0.380859	0.638672	-0.00264165
0.611328	0.357422	0.00254657
0.388672	0.642578	-0.00254657
0.513672	0.345703	0.00301676
0.486328	0.654297	-0.00301676
0.259766	0.0292969	0.00324178
0.740234	0.970703	-0.00324178
0.0917969	0.208984	0.00273995
0.908203	0.791016	-0.00273995
0.0839844	0.568359	0.00277344
0.916016	0.431641	-0.00277344
0.142578	0.748047	0.00145936
0.857422	0.251953	-0.00145936
0.193359	0.802734	0.00113156
0.806641	0.197266	-0.00113156
0.548828	0.861328	0.00211016
0.451172	0.138672	-0.00211016
0.439453	0.869141	0.00234847
0.443359	0.869141	0.00232686
0.447266	0.869141	0.00232636
0.552734	0.130859	-0.00232636
0.556641	0.130859	-0.00232686
0.560547	0.130859	-0.00234847
0.701172	0.806641	0.000942096
0.298828	0.193359	-0.000942096
0.716797	0.794922	0.000617535
0.283203	0.205078	-0.000617535
0.798828	0.673828	0.00133946
0.201172	0.326172	-0.00133946
0.806641	0.646484	0.00150886
0.193359	0.353516	-0.00150885
0.798828	0.412109	0.00100791
0.201172	0.587891	-0.00100791
0.783203	0.373047	0.000546892
0.216797	0.626953	-0.000546891
0.814453	0.603516	0.00155508
0.185547	0.396484	-0.00155508
0.794922	0.400391	0.00102288
0.205078	0.599609	-0.00102288
0.779297	0.365234	0.000466499
0.220703	0.634766	-0.000466499
0.810547	0.458984	0.00124376
0.189453	0.541016	-0.00124376
0.787109	0.380859	0.000894966
0.212891	0.619141	-0.000894966
0.744141	0.314453	-0.000291326
0.255859	0.685547	0.000291326
0.814453	0.482422	0.00154564
0.185547	0.517578	-0.00154564
0.724609	0.294922	-0.000221569
0.275391	0.705078	0.000221569
0.705078	0.279297	7.38538e-05
0.294922	0.720703	-7.38539e-05
0.693359	0.271484	0.000245615
0.306641	0.728516	-0.000245615
0.482422	0.505859	-0.00059621
0.517578	0.494141	0.00059621
0.630859	0.244141	0.000568435
0.369141	0.755859	-0.000568435
0.435547	0.248047	7.89752e-05
0.564453	0.751953	-7.89753e-05
0.447266	0.244141	0.000354129
0.552734	0.755859	-0.000354129
0.462891	0.240234	0.000253294
0.537109	0.759766	-0.000253294
0.564453	0.232422	0.000625907
0.435547	0.767578	-0.000625907
0.513672	0.232422	0.000577776
0.486328	0.767578	-0.000577776
0.478516	0.505859	0.000233375
0.521484	0.494141	-0.000233375
0.693359	0.642578	0.000595827
0.306641	0.357422	-0.000595827
0.708984	0.599609	0.000566795
0.291016	0.400391	-0.000566795
0.474609	0.505859	0.000900187
0.525391	0.494141	-0.000900187
0.685547	0.423828	0.0018853
0.314453	0.576172	-0.0018853
0.701172	0.455078	0.0012724
0.298828	0.544922	-0.0012724
0.677734	0.412109	0.00206325
0.322266	0.587891	-0.00206325
0.708984	0.478516	0.000792326
0.291016	0.521484	-0.000792326
0.638672	0.373047	0.00240508
0.361328	0.626953	-0.00240508
0.626953	0.365234	0.00226163
0.373047	0.634766	-0.00226163
0.529297	0.494141	-0.00137285
0.470703	0.505859	0.00137285
0.716797	0.533203	0.00022951
0.716797	0.537109	0.000279748
0.716797	0.541016	0.000270143
0.716797	0.544922	0.000200659
0.283203	0.455078	-0.000200659
0.283203	0.458984	-0.000270143
0.283203	0.462891	-0.000279748
0.283203	0.466797	-0.00022951
0.603516	0.353516	0.00197968
0.396484	0.646484	-0.00197968
0.591797	0.349609	0.002144
0.408203	0.650391	-0.002144
0.576172	0.345703	0.00221542
0.423828	0.654297	-0.00221542
0.498047	0.349609	0.00320067
0.501953	0.650391	-0.00320067
0.486328	0.353516	0.00309453
0.513672	0.646484	-0.00309453
0.119141	0.130859	0.00248583
0.880859	0.869141	-0.0024858
0.115234	0.138672	0.00249719
0.884766	0.861328	-0.00249716
0.0800781	0.279297	0.003067
0.919922	0.720703	-0.003067
0.0761719	0.490234	0.003007
0.923828	0.509766	-0.003007
0.0800781	0.537109	0.00294795
0.919922	0.462891	-0.00294795
0.0917969	0.615234	0.00277446
0.908203	0.384766	-0.00277446
0.103516	0.662109	0.00248961
0.896484	0.337891	-0.00248961
0.111328	0.685547	0.00229345
0.888672	0.314453	-0.00229345
0.119141	0.705078	0.00212553
0.880859	0.294922	-0.00212553
0.341797	0.861328	0.00237036
0.658203	0.138672	-0.00237036
0.650391	0.833984	0.00162295
0.349609	0.166016	-0.00162295
0.435547	0.869141	0.0023912
0.451172	0.869141	0.00234693
0.455078	0.869141	0.00238854
0.544922	0.130859	-0.00238854
0.548828	0.130859	-0.00234693
0.564453	0.130859	-0.0023912
0.431641	0.869141	0.00245515
0.458984	0.869141	0.00245113
0.541016	0.130859	-0.00245113
0.568359	0.130859	-0.00245515
0.689453	0.814453	0.00133911
0.310547	0.185547	-0.00133911
0.755859	0.755859	0.000763609
0.244141	0.244141	-0.000763608
0.783203	0.712891	0.00137823
0.216797	0.287109	-0.00137823
0.794922	0.685547	0.00147318
0.205078	0.314453	-0.00147318
0.486328	0.505859	-0.00155821
0.513672	0.494141	0.00155821
0.802734	0.662109	0.00167073
0.197266	0.337891	-0.00167073
0.806641	0.439453	0.00136842
0.193359	0.560547	-0.00136842
0.802734	0.423828	0.00143184
0.197266	0.576172	-0.00143184
0.775391	0.357422	0.000663882
0.224609	0.642578	-0.000663882
0.748047	0.318359	0.000108547
0.251953	0.681641	-0.000108547
0.720703	0.291016	0.000210706
0.279297	0.708984	-0.000210706
0.818359	0.533203	0.00177355
0.818359	0.537109	0.00171062
0.818359	0.541016	0.00167867
0.818359	0.544922	0.00167775
0.818359	0.548828	0.00170791
0.818359	0.552734	0.00176925
0.818359	0.556641	0.00186187
0.181641	0.443359	-0.00186187
0.181641	0.447266	-0.00176925
0.181641	0.451172	-0.00170791
0.181641	0.455078	-0.00167775
0.181641	0.458984	-0.00167867
0.181641	0.462891	-0.00171062
0.181641	0.466797	-0.00177355
0.818359	0.529297	0.00186745
0.181641	0.470703	-0.00186745
0.654297	0.251953	0.000634185
0.345703	0.748047	-0.000634185
0.423828	0.251953	0.000345003
0.576172	0.748047	-0.000345003
0.384766	0.271484	-0.000120488
0.615234	0.728516	0.000120488
0.599609	0.236328	0.00111201
0.400391	0.763672	-0.00111201
0.373047	0.279297	-0.000280285
0.626953	0.720703	0.000280285
0.568359	0.232422	0.000932963
0.431641	0.767578	-0.000932963
0.349609	0.298828	-0.000674569
0.650391	0.701172	0.000674569
0.654297	0.697266	0.000759299
0.345703	0.302734	-0.000759299
0.658203	0.693359	0.000690532
0.341797	0.306641	-0.000690533
0.478516	0.236328	0.000983844
0.521484	0.763672	-0.000983844
0.509766	0.232422	0.000876495
0.490234	0.767578	-0.000876495
0.689453	0.650391	0.000514933
0.310547	0.349609	-0.000514933
0.697266	0.634766	0.000315317
0.302734	0.365234	-0.000315317
0.705078	0.615234	-3.78077e-05
0.294922	0.384766	3.78075e-05
0.712891	0.583984	7.27694e-05
0.287109	0.416016	-7.27695e-05
0.662109	0.392578	0.00174955
0.337891	0.607422	-0.00174955
0.658203	0.388672	0.00179009
0.341797	0.611328	-0.00179009
0.712891	0.494141	0.000268463
0.287109	0.505859	-0.000268463
0.716797	0.529297	0.000119341
0.716797	0.548828	7.11994e-05
0.283203	0.451172	-7.11995e-05
0.283203	0.470703	-0.000119342
0.716797	0.525391	-5.09113e-05
0.716797	0.552734	-0.000118247
0.283203	0.447266	0.000118246
0.283203	0.474609	5.09112e-05
0.533203	0.494141	-0.00162041
0.466797	0.505859	0.00162041
0.580078	0.345703	0.00138713
0.419922	0.654297	-0.00138713
0.509766	0.345703	0.0022656
0.490234	0.654297	-0.0022656
0.494141	0.349609	0.00204358
0.505859	0.650391	-0.00204358
0.537109	0.341797	0.00161204
0.541016	0.341797	0.00169542
0.544922	0.341797	0.00168651
0.548828	0.341797	0.00158583
0.451172	0.658203	-0.00158583
0.455078	0.658203	-0.00168651
0.458984	0.658203	-0.00169542
0.462891	0.658203	-0.00161204
0.548828	0.498047	-0.00364916
0.451172	0.501953	0.00364916
0.533203	0.341797	0.00143617
0.552734	0.341797	0.00139421
0.447266	0.658203	-0.00139421
0.466797	0.658203	-0.00143617
0.365234	0.00976562	0.00371352
0.634766	0.990234	-0.00371352
0.0761719	0.322266	0.0031825
0.923828	0.677734	-0.0031825
0.134766	0.736328	0.00200111
0.865234	0.263672	-0.00200111
0.150391	0.759766	0.0017277
0.849609	0.240234	-0.0017277
0.208984	0.814453	0.00175814
0.791016	0.185547	-0.00175814
0.275391	0.845703	0.00236163
0.724609	0.154297	-0.00236163
0.302734	0.853516	0.00242749
0.697266	0.146484	-0.00242749
0.369141	0.865234	0.00256111
0.630859	0.134766	-0.00256111
0.572266	0.857422	0.00229217
0.427734	0.142578	-0.00229217
0.521484	0.865234	0.00245186
0.478516	0.134766	-0.00245186
0.427734	0.869141	0.00254041
0.572266	0.130859	-0.00254041
0.630859	0.841797	0.00211159
0.369141	0.158203	-0.00211159
0.423828	0.869141	0.00264713
0.462891	0.869141	0.00253461
0.537109	0.130859	-0.00253461
0.576172	0.130859	-0.00264713
0.466797	0.869141	0.00263894
0.533203	0.130859	-0.00263894
0.767578	0.740234	0.00123964
0.232422	0.259766	-0.00123964
0.779297	0.720703	0.00143848
0.220703	0.279297	-0.00143848
0.787109	0.705078	0.00160216
0.212891	0.294922	-0.00160216
0.810547	0.630859	0.00203657
0.189453	0.369141	-0.00203656
0.814453	0.607422	0.0020716
0.185547	0.392578	-0.0020716
0.791016	0.388672	0.00150007
0.208984	0.611328	-0.00150007
0.763672	0.337891	0.000819904
0.236328	0.662109	-0.000819904
0.751953	0.322266	0.000643077
0.248047	0.677734	-0.000643077
0.818359	0.525391	0.00199229
0.818359	0.560547	0.00198585
0.181641	0.439453	-0.00198585
0.181641	0.474609	-0.00199229
0.619141	0.240234	0.00133043
0.380859	0.759766	-0.00133043
0.458984	0.240234	0.00114771
0.541016	0.759766	-0.00114771
0.353516	0.294922	-0.000438032
0.646484	0.705078	0.000438032
0.662109	0.689453	0.000468008
0.337891	0.310547	-0.000468009
0.572266	0.232422	0.00128399
0.427734	0.767578	-0.00128399
0.677734	0.669922	0.000307826
0.322266	0.330078	-0.000307826
0.357422	0.291016	-5.22473e-05
0.642578	0.708984	5.22472e-05
0.505859	0.232422	0.00121865
0.494141	0.767578	-0.00121865
0.685547	0.658203	6.4523e-05
0.314453	0.341797	-6.45231e-05
0.701172	0.626953	-0.00031687
0.298828	0.373047	0.000316869
0.708984	0.603516	-0.000427316
0.291016	0.396484	0.000427316
0.693359	0.435547	0.000640207
0.306641	0.564453	-0.000640207
0.697266	0.443359	0.000441503
0.302734	0.556641	-0.000441503
0.681641	0.416016	0.00104116
0.318359	0.583984	-0.00104116
0.705078	0.462891	0.000184805
0.294922	0.537109	-0.000184805
0.666016	0.396484	0.00152512
0.333984	0.603516	-0.00152512
0.654297	0.384766	0.00164574
0.345703	0.615234	-0.00164574
0.689453	0.427734	0.000449701
0.310547	0.572266	-0.000449701
0.669922	0.400391	0.00111906
0.330078	0.599609	-0.00111906
0.708984	0.474609	-0.000194179
0.291016	0.525391	0.000194179
0.650391	0.380859	0.001315
0.349609	0.619141	-0.001315
0.634766	0.369141	0.00140985
0.365234	0.630859	-0.00140985
0.716797	0.556641	-0.000367587
0.283203	0.443359	0.000367587
0.716797	0.521484	-0.000281397
0.283203	0.478516	0.000281397
0.716797	0.560547	-0.000676782
0.283203	0.439453	0.000676782
0.716797	0.517578	-0.000572224
0.283203	0.482422	0.000572224
0.615234	0.357422	0.000887565
0.384766	0.642578	-0.000887565
0.595703	0.349609	0.000950849
0.404297	0.650391	-0.000950849
0.537109	0.494141	-0.00161448
0.462891	0.505859	0.00161448
0.462891	0.365234	0.00287868
0.537109	0.634766	-0.00287868
0.474609	0.357422	0.00189749
0.525391	0.642578	-0.00189749
0.482422	0.353516	0.00161876
0.517578	0.646484	-0.00161876
0.505859	0.345703	0.00141964
0.494141	0.654297	-0.00141964
0.556641	0.341797	0.00111245
0.443359	0.658203	-0.00111245
0.560547	0.341797	0.000740969
0.439453	0.658203	-0.000740968
0.529297	0.341797	0.00116768
0.470703	0.658203	-0.00116768
0.576172	0.591797	-0.00276974
0.423828	0.408203	0.00276974
0.580078	0.580078	-0.00357761
0.419922	0.419922	0.00357761
0.583984	0.544922	-0.0035934
0.583984	0.560547	-0.00375831
0.583984	0.564453	-0.00331925
0.416016	0.435547	0.00331925
0.416016	0.439453	0.00375831
0.416016	0.455078	0.0035934
0.205078	0.0488281	0.00294751
0.794922	0.951172	-0.0029475
0.197266	0.0527344	0.00287839
0.802734	0.947266	-0.00287843
0.154297	0.0839844	0.0020367
0.845703	0.916016	-0.00203662
0.150391	0.0878906	0.00201576
0.849609	0.912109	-0.00201571
0.130859	0.111328	0.00240416
0.869141	0.888672	-0.00240419
0.111328	0.146484	0.00283171
0.888672	0.853516	-0.00283169
0.0878906	0.595703	0.00305482
0.912109	0.404297	-0.00305482
0.228516	0.826172	0.00216615
0.771484	0.173828	-0.00216615
0.236328	0.830078	0.00218384
0.763672	0.169922	-0.00218384
0.263672	0.841797	0.00246817
0.736328	0.158203	-0.00246817
0.619141	0.845703	0.00222325
0.380859	0.154297	-0.00222325
0.419922	0.869141	0.00277539
0.580078	0.130859	-0.00277539
0.470703	0.869141	0.00276416
0.529297	0.130859	-0.00276416
0.712891	0.798828	0.00133051
0.287109	0.201172	-0.00133051
0.771484	0.349609	0.00114952
0.228516	0.650391	-0.00114952
0.810547	0.455078	0.00195946
0.189453	0.544922	-0.00195946
0.814453	0.478516	0.00205401
0.185547	0.521484	-0.00205401
0.818359	0.564453	0.00214125
0.181641	0.435547	-0.00214125
0.716797	0.287109	0.000781861
0.283203	0.712891	-0.000781861
0.818359	0.568359	0.00232812
0.181641	0.431641	-0.00232812
0.818359	0.521484	0.002148
0.181641	0.478516	-0.002148
0.701172	0.275391	0.00112426
0.298828	0.724609	-0.00112426
0.681641	0.263672	0.00127713
0.318359	0.736328	-0.00127713
0.673828	0.259766	0.00124031
0.326172	0.740234	-0.00124031
0.404297	0.259766	0.000894669
0.595703	0.740234	-0.000894669
0.396484	0.263672	0.000914984
0.603516	0.736328	-0.000914984
0.431641	0.248047	0.00133529
0.568359	0.751953	-0.00133529
0.666016	0.685547	9.21777e-05
0.333984	0.314453	-9.21779e-05
0.576172	0.232422	0.00167914
0.423828	0.767578	-0.00167914
0.501953	0.232422	0.00160428
0.498047	0.767578	-0.00160428
0.712891	0.587891	-0.000666039
0.287109	0.412109	0.000666039
0.701172	0.451172	-0.000132919
0.298828	0.548828	0.000132919
0.712891	0.490234	-0.000457048
0.287109	0.509766	0.000457048
0.673828	0.404297	0.000535984
0.326172	0.595703	-0.000535984
0.646484	0.376953	0.000796906
0.353516	0.623047	-0.000796906
0.716797	0.564453	-0.00104594
0.283203	0.435547	0.00104594
0.623047	0.361328	0.000794205
0.376953	0.638672	-0.000794205
0.716797	0.513672	-0.000923463
0.283203	0.486328	0.000923463
0.607422	0.353516	0.000512515
0.392578	0.646484	-0.000512515
0.583984	0.345703	0.000472561
0.416016	0.654297	-0.000472561
0.541016	0.494141	-0.00133209
0.458984	0.505859	0.00133209
0.466797	0.361328	0.0016018
0.533203	0.638672	-0.0016018
0.490234	0.349609	0.000791555
0.509766	0.650391	-0.000791555
0.451172	0.373047	0.00225424
0.548828	0.626953	-0.00225424
0.447266	0.376953	0.00264029
0.552734	0.623047	-0.00264029
0.443359	0.380859	0.00275677
0.556641	0.619141	-0.00275677
0.439453	0.384766	0.00259512
0.560547	0.615234	-0.00259512
0.525391	0.341797	0.000806286
0.564453	0.341797	0.000280126
0.435547	0.658203	-0.000280126
0.474609	0.658203	-0.000806285
0.435547	0.388672	0.00214978
0.564453	0.611328	-0.00214978
0.521484	0.341797	0.000351682
0.478516	0.658203	-0.000351682
0.572266	0.599609	-0.00247441
0.427734	0.400391	0.00247441
0.552734	0.498047	-0.0023923
0.447266	0.501953	0.0023923
0.580078	0.583984	-0.00226925
0.419922	0.416016	0.00226925
0.583984	0.541016	-0.00304431
0.583984	0.568359	-0.00270138
0.416016	0.431641	0.00270138
0.416016	0.458984	0.00304431
0.177734	0.0644531	0.00264258
0.822266	0.935547	-0.0026426
0.158203	0.0800781	0.00224183
0.841797	0.919922	-0.00224175
0.146484	0.0917969	0.00217947
0.853516	0.908203	-0.00217945
0.103516	0.166016	0.00305654
0.896484	0.833984	-0.00305654
0.0996094	0.177734	0.00313331
0.900391	0.822266	-0.00313331
0.0839844	0.248047	0.00326877
0.916016	0.751953	-0.00326877
0.0761719	0.494141	0.00325555
0.923828	0.505859	-0.00325555
0.115234	0.697266	0.00276785
0.884766	0.302734	-0.00276785
0.490234	0.505859	-0.00262387
0.509766	0.494141	0.00262387
0.197266	0.806641	0.00192185
0.802734	0.193359	-0.00192185
0.244141	0.833984	0.00247657
0.755859	0.166016	-0.00247657
0.287109	0.849609	0.00267798
0.712891	0.150391	-0.00267798
0.318359	0.857422	0.00277903
0.681641	0.142578	-0.00277903
0.552734	0.861328	0.002715
0.447266	0.138672	-0.002715
0.591797	0.853516	0.00261193
0.408203	0.146484	-0.00261193
0.525391	0.865234	0.0028843
0.474609	0.134766	-0.0028843
0.642578	0.837891	0.00239944
0.357422	0.162109	-0.00239944
0.416016	0.869141	0.00292528
0.583984	0.130859	-0.00292528
0.474609	0.869141	0.00291038
0.525391	0.130859	-0.00291038
0.759766	0.751953	0.00151568
0.240234	0.248047	-0.00151568
0.775391	0.728516	0.00179045
0.224609	0.271484	-0.00179045
0.791016	0.697266	0.00209701
0.208984	0.302734	-0.00209701
0.806641	0.650391	0.00243785
0.193359	0.349609	-0.00243785
0.806641	0.435547	0.00226993
0.193359	0.564453	-0.00226993
0.755859	0.326172	0.0013094
0.244141	0.673828	-0.0013094
0.818359	0.517578	0.00233457
0.181641	0.482422	-0.00233457
0.818359	0.572266	0.00254654
0.181641	0.427734	-0.00254654
0.818359	0.513672	0.00255211
0.181641	0.486328	-0.00255211
0.666016	0.255859	0.00150937
0.333984	0.744141	-0.00150937
0.646484	0.248047	0.00160456
0.353516	0.751953	-0.00160456
0.634766	0.244141	0.00168308
0.365234	0.755859	-0.00168308
0.603516	0.236328	0.00182782
0.396484	0.763672	-0.00182782
0.412109	0.255859	0.0011824
0.587891	0.744141	-0.0011824
0.443359	0.244141	0.0014507
0.556641	0.755859	-0.0014507
0.376953	0.275391	0.000757913
0.623047	0.724609	-0.000757913
0.361328	0.287109	0.000480463
0.638672	0.712891	-0.000480463
0.474609	0.236328	0.00168656
0.525391	0.763672	-0.00168656
0.669922	0.681641	-0.000436376
0.330078	0.318359	0.000436376
0.681641	0.666016	-0.000757098
0.318359	0.333984	0.000757098
0.498047	0.232422	0.00203333
0.501953	0.767578	-0.00203333
0.705078	0.619141	-0.00129219
0.294922	0.380859	0.00129219
0.685547	0.419922	-0.000142984
0.314453	0.580078	0.000142984
0.677734	0.408203	-0.000219399
0.322266	0.591797	0.000219399
0.712891	0.486328	-0.00124457
0.287109	0.513672	0.00124457
0.716797	0.568359	-0.00147514
0.283203	0.431641	0.00147514
0.642578	0.373047	9.28076e-05
0.357422	0.626953	-9.28075e-05
0.716797	0.509766	-0.00133509
0.283203	0.490234	0.00133509
0.630859	0.365234	0.000232001
0.369141	0.634766	-0.000232001
0.599609	0.349609	-0.000324154
0.400391	0.650391	0.000324154
0.455078	0.369141	0.00160817
0.544922	0.630859	-0.00160817
0.501953	0.345703	0.000478636
0.498047	0.654297	-0.000478636
0.568359	0.341797	-0.000269362
0.431641	0.658203	0.000269362
0.517578	0.341797	-0.000196136
0.482422	0.658203	0.000196137
0.568359	0.607422	-0.00141837
0.431641	0.392578	0.00141837
0.544922	0.494141	-0.000758321
0.455078	0.505859	0.000758321
0.560547	0.501953	-0.00237637
0.439453	0.498047	0.00237637
0.583984	0.572266	-0.00191212
0.416016	0.427734	0.00191212
0.580078	0.525391	-0.00237803
0.419922	0.474609	0.00237803
0.583984	0.537109	-0.00228697
0.416016	0.462891	0.00228697
0.123047	0.123047	0.00282222
0.876953	0.876953	-0.00282221
0.0761719	0.318359	0.00345192
0.923828	0.681641	-0.00345192
0.0800781	0.541016	0.00335671
0.919922	0.458984	-0.00335671
0.0839844	0.572266	0.00331058
0.916016	0.427734	-0.00331058
0.0957031	0.634766	0.0030993
0.904297	0.365234	-0.0030993
0.0996094	0.650391	0.00309635
0.900391	0.349609	-0.00309635
0.220703	0.822266	0.00243592
0.779297	0.177734	-0.00243592
0.337891	0.861328	0.00300899
0.662109	0.138672	-0.00300899
0.365234	0.865234	0.0030125
0.634766	0.134766	-0.0030125
0.607422	0.849609	0.00270468
0.392578	0.150391	-0.00270468
0.412109	0.869141	0.00309683
0.587891	0.130859	-0.00309683
0.478516	0.869141	0.00307773
0.521484	0.130859	-0.00307773
0.669922	0.826172	0.00243566
0.330078	0.173828	-0.00243566
0.697266	0.810547	0.00208668
0.302734	0.189453	-0.00208668
0.814453	0.611328	0.00262268
0.185547	0.388672	-0.00262267
0.798828	0.408203	0.00219908
0.201172	0.591797	-0.00219908
0.794922	0.396484	0.00234937
0.205078	0.603516	-0.00234937
0.802734	0.419922	0.00249299
0.197266	0.580078	-0.00249299
0.814453	0.474609	0.00259502
0.185547	0.525391	-0.00259502
0.818359	0.576172	0.00279667
0.181641	0.423828	-0.00279667
0.712891	0.283203	0.00148999
0.287109	0.716797	-0.00148999
0.689453	0.267578	0.00162872
0.310547	0.732422	-0.00162872
0.658203	0.251953	0.00207633
0.341797	0.748047	-0.00207633
0.623047	0.240234	0.00228887
0.376953	0.759766	-0.00228887
0.388672	0.267578	0.00125663
0.611328	0.732422	-0.00125663
0.419922	0.251953	0.00176736
0.580078	0.748047	-0.00176736
0.365234	0.283203	0.00115782
0.634766	0.716797	-0.00115782
0.455078	0.240234	0.00208882
0.544922	0.759766	-0.00208882
0.580078	0.232422	0.00211856
0.419922	0.767578	-0.00211856
0.673828	0.677734	-0.00111705
0.326172	0.322266	0.00111705
0.689453	0.654297	-0.00137313
0.310547	0.345703	0.00137313
0.693359	0.646484	-0.00114744
0.306641	0.353516	0.00114744
0.697266	0.638672	-0.00128431
0.302734	0.361328	0.00128431
0.708984	0.607422	-0.00148236
0.291016	0.392578	0.00148236
0.712891	0.591797	-0.00146484
0.287109	0.408203	0.00146484
0.705078	0.458984	-0.00107173
0.294922	0.541016	0.00107173
0.697266	0.439453	-0.00117994
0.302734	0.560547	0.00117994
0.708984	0.470703	-0.00124366
0.291016	0.529297	0.00124366
0.693359	0.431641	-0.00113518
0.306641	0.568359	0.00113518
0.587891	0.345703	-0.000527079
0.412109	0.654297	0.000527079
0.470703	0.357422	0.000101159
0.529297	0.642578	-0.000101158
0.478516	0.353516	5.00807e-05
0.521484	0.646484	-5.00805e-05
0.458984	0.365234	0.000712045
0.541016	0.634766	-0.000712044
0.572266	0.341797	-0.000906501
0.427734	0.658203	0.000906501
0.498047	0.345703	-0.000556034
0.501953	0.654297	0.000556034
0.513672	0.341797	-0.000836619
0.486328	0.658203	0.000836619
0.576172	0.595703	-0.000994585
0.423828	0.404297	0.000994585
0.556641	0.498047	-0.000842047
0.443359	0.501953	0.000842047
0.576172	0.517578	-0.00219205
0.423828	0.482422	0.00219205
0.580078	0.587891	-0.000818261
0.419922	0.412109	0.000818261
0.583984	0.576172	-0.000959437
0.416016	0.423828	0.000959437
0.583984	0.533203	-0.00132175
0.416016	0.466797	0.00132175
0.142578	0.0957031	0.00252703
0.857422	0.904297	-0.00252705
0.0878906	0.224609	0.00339028
0.912109	0.775391	-0.00339028
0.0800781	0.275391	0.00351184
0.919922	0.724609	-0.00351184
0.0761719	0.498047	0.00351649
0.923828	0.501953	-0.00351649
0.138672	0.744141	0.00265662
0.861328	0.255859	-0.00265662
0.169922	0.783203	0.00205514
0.830078	0.216797	-0.00205514
0.173828	0.787109	0.00206958
0.826172	0.212891	-0.00206958
0.576172	0.857422	0.00305911
0.423828	0.142578	-0.00305911
0.408203	0.869141	0.00329015
0.591797	0.130859	-0.00329015
0.482422	0.869141	0.00326633
0.517578	0.130859	-0.00326633
0.662109	0.830078	0.00265507
0.337891	0.169922	-0.00265507
0.677734	0.822266	0.00246974
0.322266	0.177734	-0.00246974
0.708984	0.802734	0.00216748
0.291016	0.197266	-0.00216748
0.732422	0.783203	0.0019013
0.267578	0.216797	-0.0019013
0.736328	0.779297	0.00178008
0.263672	0.220703	-0.00178008
0.740234	0.775391	0.00179333
0.259766	0.224609	-0.00179333
0.798828	0.677734	0.00257385
0.201172	0.322266	-0.00257385
0.802734	0.666016	0.00276807
0.197266	0.333984	-0.00276807
0.810547	0.634766	0.00280645
0.189453	0.365234	-0.00280645
0.783203	0.369141	0.00222628
0.216797	0.630859	-0.00222628
0.810547	0.451172	0.00271008
0.189453	0.548828	-0.00271008
0.787109	0.376953	0.00246694
0.212891	0.623047	-0.00246694
0.779297	0.361328	0.00225574
0.220703	0.638672	-0.00225574
0.767578	0.341797	0.0019339
0.232422	0.658203	-0.0019339
0.818359	0.509766	0.00280078
0.181641	0.490234	-0.00280078
0.607422	0.236328	0.00258986
0.392578	0.763672	-0.00258986
0.470703	0.236328	0.00243435
0.529297	0.763672	-0.00243435
0.583984	0.232422	0.00260239
0.416016	0.767578	-0.00260239
0.494141	0.232422	0.00250583
0.505859	0.767578	-0.00250583
0.701172	0.630859	-0.00177316
0.298828	0.369141	0.00177316
0.701172	0.447266	-0.0016017
0.298828	0.552734	0.0016017
0.689453	0.423828	-0.00148255
0.310547	0.576172	0.00148255
0.681641	0.412109	-0.00114331
0.318359	0.587891	0.00114331
0.716797	0.572266	-0.00196433
0.283203	0.427734	0.00196433
0.716797	0.505859	-0.00180694
0.283203	0.494141	0.00180694
0.712891	0.482422	-0.00209298
0.287109	0.517578	0.00209298
0.638672	0.369141	-0.00079511
0.361328	0.630859	0.00079511
0.626953	0.361328	-0.00112443
0.373047	0.638672	0.00112443
0.619141	0.357422	-0.000846592
0.380859	0.642578	0.000846592
0.611328	0.353516	-0.00103322
0.388672	0.646484	0.00103322
0.462891	0.361328	-0.000422829
0.537109	0.638672	0.000422829
0.486328	0.349609	-0.000554074
0.513672	0.650391	0.000554074
0.576172	0.341797	-0.00163046
0.423828	0.658203	0.00163046
0.548828	0.494141	0.000111919
0.451172	0.505859	-0.000111919
0.572266	0.603516	-0.000400938
0.427734	0.396484	0.000400938
0.580078	0.521484	-0.000711089
0.419922	0.478516	0.000711089
0.583984	0.580078	0.000149311
0.416016	0.419922	-0.00014931
0.583984	0.529297	-0.000149546
0.416016	0.470703	0.000149547
0.587891	0.548828	-2.46876e-05
0.587891	0.552734	-0.000155068
0.587891	0.556641	-9.65681e-05
0.587891	0.560547	0.000145353
0.412109	0.439453	-0.000145353
0.412109	0.443359	9.65683e-05
0.412109	0.447266	0.000155068
0.412109	0.451172	2.46878e-05
0.587891	0.544922	0.000298812
0.412109	0.455078	-0.000298811
0.212891	0.0449219	0.00333498
0.787109	0.955078	-0.00333494
0.162109	0.0761719	0.00262974
0.837891	0.923828	-0.00262967
0.146484	0.755859	0.00260859
0.853516	0.244141	-0.00260859
0.166016	0.779297	0.0021814
0.833984	0.220703	-0.0021814
0.177734	0.791016	0.00222532
0.822266	0.208984	-0.00222532
0.251953	0.837891	0.0030298
0.748047	0.162109	-0.0030298
0.556641	0.861328	0.00334512
0.443359	0.138672	-0.00334512
0.529297	0.865234	0.00333954
0.470703	0.134766	-0.00333954
0.744141	0.771484	0.00194163
0.255859	0.228516	-0.00194163
0.728516	0.787109	0.00215562
0.271484	0.212891	-0.00215562
0.763672	0.748047	0.00239727
0.236328	0.251953	-0.00239727
0.771484	0.736328	0.00244425
0.228516	0.263672	-0.00244425
0.794922	0.689453	0.0028511
0.205078	0.310547	-0.0028511
0.814453	0.615234	0.00320857
0.185547	0.384766	-0.00320857
0.759766	0.330078	0.00210422
0.240234	0.669922	-0.00210422
0.814453	0.470703	0.00316869
0.185547	0.529297	-0.00316869
0.818359	0.580078	0.00307884
0.181641	0.419922	-0.00307884
0.818359	0.505859	0.00308083
0.181641	0.494141	-0.00308083
0.697266	0.271484	0.00230446
0.302734	0.728516	-0.00230446
0.380859	0.271484	0.00192836
0.619141	0.728516	-0.00192836
0.427734	0.248047	0.00264009
0.572266	0.751953	-0.00264009
0.439453	0.244141	0.002595
0.560547	0.755859	-0.002595
0.369141	0.279297	0.00197722
0.630859	0.720703	-0.00197722
0.677734	0.673828	-0.00194847
0.322266	0.326172	0.00194847
0.685547	0.662109	-0.00196677
0.314453	0.337891	0.00196677
0.712891	0.595703	-0.00232397
0.287109	0.404297	0.00232397
0.708984	0.466797	-0.00235593
0.291016	0.533203	0.00235593
0.666016	0.392578	-0.00110284
0.333984	0.607422	0.00110284
0.662109	0.388672	-0.000972993
0.337891	0.611328	0.000972993
0.658203	0.384766	-0.00102458
0.341797	0.615234	0.00102458
0.716797	0.576172	-0.00251353
0.283203	0.423828	0.00251353
0.669922	0.396484	-0.00141286
0.330078	0.603516	0.00141286
0.654297	0.380859	-0.00125866
0.345703	0.619141	0.00125866
0.716797	0.501953	-0.0023389
0.283203	0.498047	0.0023389
0.603516	0.349609	-0.00168008
0.396484	0.650391	0.00168008
0.591797	0.345703	-0.00161093
0.408203	0.654297	0.00161093
0.447266	0.373047	-0.000278674
0.552734	0.626953	0.000278674
0.443359	0.376953	-3.26256e-05
0.556641	0.623047	3.26258e-05
0.439453	0.380859	-5.41694e-05
0.560547	0.619141	5.41697e-05
0.509766	0.341797	-0.0015689
0.490234	0.658203	0.0015689
0.494141	0.345703	-0.0016837
0.505859	0.654297	0.0016837
0.451172	0.369141	-0.00078367
0.548828	0.630859	0.00078367
0.435547	0.384766	-0.000349979
0.564453	0.615234	0.000349979
0.576172	0.599609	0.000900208
0.423828	0.400391	-0.000900207
0.580078	0.591797	0.000767491
0.419922	0.408203	-0.000767491
0.564453	0.501953	-0.000179469
0.435547	0.498047	0.000179469
0.568359	0.505859	-0.000722991
0.431641	0.494141	0.000722991
0.572266	0.509766	-0.000658707
0.427734	0.490234	0.000658707
0.576172	0.513672	-1.64593e-05
0.423828	0.486328	1.64594e-05
0.587891	0.541016	0.000818953
0.587891	0.564453	0.000564666
0.587891	0.568359	0.00115534
0.412109	0.431641	-0.00115534
0.412109	0.435547	-0.000564665
0.412109	0.458984	-0.000818953
0.189453	0.0566406	0.00315595
0.810547	0.943359	-0.00315601
0.0917969	0.205078	0.00361574
0.908203	0.794922	-0.00361574
0.0761719	0.314453	0.00373559
0.923828	0.685547	-0.00373559
0.0917969	0.619141	0.0035528
0.908203	0.380859	-0.0035528
0.107422	0.677734	0.00343079
0.892578	0.322266	-0.00343079
0.162109	0.775391	0.0024478
0.837891	0.224609	-0.0024478
0.181641	0.794922	0.00252284
0.818359	0.205078	-0.00252284
0.201172	0.810547	0.00284502
0.798828	0.189453	-0.00284502
0.298828	0.853516	0.00338539
0.701172	0.146484	-0.00338539
0.361328	0.865234	0.00348918
0.638672	0.134766	-0.00348918
0.404297	0.869141	0.00350544
0.595703	0.130859	-0.00350544
0.486328	0.869141	0.00347627
0.513672	0.130859	-0.00347627
0.654297	0.833984	0.00311376
0.345703	0.166016	-0.00311376
0.685547	0.818359	0.0027687
0.314453	0.181641	-0.0027687
0.748047	0.767578	0.00222474
0.251953	0.232422	-0.00222474
0.791016	0.384766	0.00296761
0.208984	0.615234	-0.00296761
0.806641	0.431641	0.00320788
0.193359	0.568359	-0.00320788
0.775391	0.353516	0.00256522
0.224609	0.646484	-0.00256522
0.818359	0.583984	0.00339346
0.181641	0.416016	-0.00339346
0.740234	0.306641	0.00213022
0.259766	0.693359	-0.00213022
0.736328	0.302734	0.00207562
0.263672	0.697266	-0.00207562
0.732422	0.298828	0.00215838
0.267578	0.701172	-0.00215838
0.818359	0.501953	0.00339244
0.181641	0.498047	-0.00339244
0.708984	0.279297	0.00233267
0.291016	0.720703	-0.00233267
0.650391	0.248047	0.00293087
0.349609	0.751953	-0.00293087
0.638672	0.244141	0.00284707
0.361328	0.755859	-0.00284707
0.400391	0.259766	0.00261055
0.599609	0.740234	-0.00261055
0.408203	0.255859	0.00277544
0.591797	0.744141	-0.00277544
0.587891	0.232422	0.00313083
0.412109	0.767578	-0.00313083
0.451172	0.240234	0.0030769
0.548828	0.759766	-0.0030769
0.345703	0.298828	0.00202927
0.654297	0.701172	-0.00202927
0.658203	0.697266	-0.00202211
0.341797	0.302734	0.00202211
0.490234	0.232422	0.00302209
0.509766	0.767578	-0.00302209
0.705078	0.623047	-0.00260708
0.294922	0.376953	0.00260708
0.708984	0.611328	-0.0025984
0.291016	0.388672	0.0025984
0.705078	0.455078	-0.00239048
0.294922	0.544922	0.00239048
0.685547	0.416016	-0.00223069
0.314453	0.583984	0.00223069
0.673828	0.400391	-0.0018997
0.326172	0.599609	0.0018997
0.650391	0.376953	-0.0016768
0.349609	0.623047	0.0016768
0.716797	0.498047	-0.00293114
0.283203	0.501953	0.00293114
0.634766	0.365234	-0.00186486
0.365234	0.634766	0.00186486
0.474609	0.509766	-0.00296587
0.525391	0.490234	0.00296587
0.470703	0.509766	-0.00251762
0.529297	0.490234	0.00251762
0.533203	0.490234	0.00228445
0.466797	0.509766	-0.00228445
0.474609	0.353516	-0.00161045
0.525391	0.646484	0.00161045
0.580078	0.341797	-0.00244061
0.419922	0.658203	0.00244061
0.466797	0.357422	-0.00178461
0.533203	0.642578	0.00178462
0.482422	0.349609	-0.00199208
0.517578	0.650391	0.00199208
0.455078	0.365234	-0.0015386
0.544922	0.634766	0.0015386
0.431641	0.388672	-0.000923681
0.568359	0.611328	0.000923682
0.537109	0.490234	0.00229003
0.462891	0.509766	-0.00229003
0.505859	0.341797	-0.00239365
0.494141	0.658203	0.00239365
0.533203	0.337891	-0.00247595
0.537109	0.337891	-0.00230464
0.541016	0.337891	-0.00222372
0.544922	0.337891	-0.00223298
0.548828	0.337891	-0.00233196
0.552734	0.337891	-0.0025199
0.447266	0.662109	0.0025199
0.451172	0.662109	0.00233196
0.455078	0.662109	0.00223298
0.458984	0.662109	0.00222372
0.462891	0.662109	0.00230464
0.466797	0.662109	0.00247595
0.552734	0.494141	0.0012731
0.447266	0.505859	-0.0012731
0.529297	0.337891	-0.00273779
0.470703	0.662109	0.00273779
0.560547	0.498047	0.000974593
0.439453	0.501953	-0.000974593
0.583984	0.583984	0.0014062
0.416016	0.416016	-0.0014062
0.580078	0.517578	0.00115585
0.419922	0.482422	-0.00115585
0.583984	0.525391	0.00122678
0.416016	0.474609	-0.00122678
0.587891	0.537109	0.00153637
0.587891	0.572266	0.001911
0.412109	0.427734	-0.001911
0.412109	0.462891	-0.00153637
0.107422	0.154297	0.00346417
0.892578	0.845703	-0.00346416
0.0957031	0.189453	0.00363876
0.904297	0.810547	-0.00363876
0.0761719	0.501953	0.00378991
0.923828	0.498047	-0.00378991
0.0800781	0.544922	0.00377991
0.919922	0.455078	-0.00377991
0.0878906	0.599609	0.00372301
0.912109	0.400391	-0.00372301
0.103516	0.666016	0.00360334
0.896484	0.333984	-0.00360334
0.123047	0.716797	0.00336001
0.876953	0.283203	-0.00336001
0.126953	0.724609	0.00329427
0.873047	0.275391	-0.00329427
0.212891	0.818359	0.00300986
0.787109	0.181641	-0.00300986
0.314453	0.857422	0.00360074
0.685547	0.142578	-0.00360074
0.333984	0.861328	0.00367641
0.666016	0.138672	-0.00367641
0.400391	0.869141	0.00374298
0.599609	0.130859	-0.00374298
0.595703	0.853516	0.00353003
0.404297	0.146484	-0.00353003
0.623047	0.845703	0.00338248
0.376953	0.154297	-0.00338248
0.634766	0.841797	0.00338733
0.365234	0.158203	-0.00338733
0.490234	0.869141	0.00370761
0.509766	0.130859	-0.00370761
0.724609	0.791016	0.00254115
0.275391	0.208984	-0.00254115
0.751953	0.763672	0.00264171
0.248047	0.236328	-0.0026417
0.783203	0.716797	0.00312587
0.216797	0.283203	-0.00312587
0.787109	0.708984	0.00323762
0.212891	0.291016	-0.00323762
0.806641	0.654297	0.00340643
0.193359	0.345703	-0.00340643
0.810547	0.638672	0.00361414
0.189453	0.361328	-0.00361414
0.810547	0.447266	0.00349577
0.189453	0.552734	-0.00349577
0.798828	0.404297	0.00342994
0.201172	0.595703	-0.00342994
0.744141	0.310547	0.0023214
0.255859	0.689453	-0.0023214
0.728516	0.294922	0.00237916
0.271484	0.705078	-0.00237916
0.677734	0.259766	0.00297502
0.322266	0.740234	-0.00297502
0.669922	0.255859	0.0031227
0.330078	0.744141	-0.0031227
0.685547	0.263672	0.00313505
0.314453	0.736328	-0.00313505
0.626953	0.240234	0.00329591
0.373047	0.759766	-0.00329591
0.611328	0.236328	0.00339863
0.388672	0.763672	-0.00339863
0.392578	0.263672	0.00275692
0.607422	0.736328	-0.00275692
0.349609	0.294922	0.00218729
0.650391	0.705078	-0.00218729
0.466797	0.236328	0.00322702
0.533203	0.763672	-0.00322702
0.416016	0.251953	0.00323944
0.583984	0.748047	-0.00323944
0.662109	0.693359	-0.00216669
0.337891	0.306641	0.00216669
0.353516	0.291016	0.00249394
0.646484	0.708984	-0.00249394
0.666016	0.689453	-0.00246287
0.333984	0.310547	0.00246287
0.693359	0.650391	-0.00294936
0.306641	0.349609	0.00294936
0.697266	0.642578	-0.00294243
0.302734	0.357422	0.00294243
0.537109	0.228516	0.00361588
0.541016	0.228516	0.00362026
0.458984	0.771484	-0.00362027
0.462891	0.771484	-0.00361588
0.712891	0.599609	-0.00324402
0.287109	0.400391	0.00324402
0.697266	0.435547	-0.00286313
0.302734	0.564453	0.00286313
0.716797	0.580078	-0.00312305
0.283203	0.419922	0.00312305
0.677734	0.404297	-0.00255868
0.322266	0.595703	0.00255868
0.712891	0.478516	-0.00300199
0.287109	0.521484	0.00300199
0.646484	0.373047	-0.00227895
0.353516	0.626953	0.00227895
0.623047	0.357422	-0.00265538
0.376953	0.642578	0.00265538
0.615234	0.353516	-0.00265693
0.384766	0.646484	0.00265693
0.595703	0.345703	-0.00277796
0.404297	0.654297	0.00277796
0.490234	0.345703	-0.00290438
0.509766	0.654297	0.00290438
0.572266	0.607422	0.0017765
0.427734	0.392578	-0.0017765
0.556641	0.337891	-0.00279608
0.443359	0.662109	0.00279608
0.541016	0.490234	0.00255325
0.458984	0.509766	-0.00255325
0.458984	0.361328	-0.00253369
0.541016	0.638672	0.00253369
0.560547	0.337891	-0.00316016
0.439453	0.662109	0.00316016
0.525391	0.337891	-0.00309044
0.474609	0.662109	0.00309044
0.580078	0.595703	0.0024808
0.419922	0.404297	-0.0024808
0.544922	0.490234	0.0030865
0.455078	0.509766	-0.0030865
0.583984	0.587891	0.00280369
0.416016	0.412109	-0.00280369
0.587891	0.576172	0.00282539
0.412109	0.423828	-0.00282539
0.587891	0.533203	0.00245103
0.412109	0.466797	-0.00245103
0.291016	0.0214844	0.00380275
0.708984	0.978516	-0.00380276
0.232422	0.0371094	0.00365787
0.767578	0.962891	-0.00365781
0.0839844	0.244141	0.00387494
0.916016	0.755859	-0.00387494
0.0839844	0.576172	0.00386499
0.916016	0.423828	-0.00386499
0.111328	0.689453	0.00362527
0.888672	0.310547	-0.00362527
0.158203	0.771484	0.00285333
0.841797	0.228516	-0.00285333
0.185547	0.798828	0.00296173
0.814453	0.201172	-0.00296173
0.271484	0.845703	0.00359361
0.728516	0.154297	-0.00359361
0.533203	0.865234	0.00381812
0.466797	0.134766	-0.00381812
0.705078	0.806641	0.00312524
0.294922	0.193359	-0.00312524
0.779297	0.724609	0.00329996
0.220703	0.275391	-0.00329996
0.814453	0.619141	0.0038296
0.185547	0.380859	-0.0038296
0.802734	0.416016	0.00359276
0.197266	0.583984	-0.00359276
0.771484	0.345703	0.00316536
0.228516	0.654297	-0.00316536
0.818359	0.587891	0.00374079
0.181641	0.412109	-0.00374079
0.763672	0.333984	0.00302401
0.236328	0.666016	-0.00302401
0.748047	0.314453	0.00264826
0.251953	0.685547	-0.00264826
0.814453	0.466797	0.00377533
0.185547	0.533203	-0.00377533
0.818359	0.498047	0.00373576
0.181641	0.501953	-0.00373576
0.724609	0.291016	0.00273824
0.275391	0.708984	-0.00273824
0.662109	0.251953	0.00356978
0.337891	0.748047	-0.00356978
0.373047	0.275391	0.0029347
0.626953	0.724609	-0.0029347
0.591797	0.232422	0.00370425
0.408203	0.767578	-0.00370425
0.384766	0.267578	0.00322655
0.615234	0.732422	-0.00322655
0.357422	0.287109	0.00294673
0.642578	0.712891	-0.00294673
0.486328	0.232422	0.00358248
0.513672	0.767578	-0.00358248
0.669922	0.685547	-0.00291014
0.330078	0.314453	0.00291014
0.681641	0.669922	-0.0029282
0.318359	0.330078	0.0029282
0.689453	0.658203	-0.00331862
0.310547	0.341797	0.00331862
0.525391	0.228516	0.00385901
0.529297	0.228516	0.00373526
0.533203	0.228516	0.00365422
0.544922	0.228516	0.00366736
0.548828	0.228516	0.00375718
0.552734	0.228516	0.00388974
0.447266	0.771484	-0.00388974
0.451172	0.771484	-0.00375718
0.455078	0.771484	-0.00366736
0.466797	0.771484	-0.00365422
0.470703	0.771484	-0.00373526
0.474609	0.771484	-0.00385901
0.701172	0.634766	-0.00328981
0.298828	0.365234	0.00328981
0.693359	0.427734	-0.00297242
0.306641	0.572266	0.00297242
0.701172	0.443359	-0.00313338
0.298828	0.556641	0.00313338
0.708984	0.462891	-0.0035303
0.291016	0.537109	0.0035303
0.716797	0.583984	-0.00379303
0.283203	0.416016	0.00379303
0.716797	0.494141	-0.00358399
0.283203	0.505859	0.00358399
0.478516	0.509766	-0.00360282
0.521484	0.490234	0.00360282
0.642578	0.369141	-0.00306339
0.357422	0.630859	0.00306339
0.630859	0.361328	-0.00311356
0.369141	0.638672	0.00311356
0.720703	0.529297	-0.00379898
0.720703	0.533203	-0.00369104
0.720703	0.537109	-0.00364222
0.720703	0.541016	-0.00365243
0.720703	0.544922	-0.00372173
0.720703	0.548828	-0.00385023
0.279297	0.451172	0.00385023
0.279297	0.455078	0.00372173
0.279297	0.458984	0.00365243
0.279297	0.462891	0.00364222
0.279297	0.466797	0.00369104
0.279297	0.470703	0.00379898
0.607422	0.349609	-0.0031163
0.392578	0.650391	0.0031163
0.583984	0.341797	-0.00333614
0.416016	0.658203	0.00333614
0.470703	0.353516	-0.00336133
0.529297	0.646484	0.00336133
0.478516	0.349609	-0.00352152
0.521484	0.650391	0.00352152
0.501953	0.341797	-0.00331162
0.498047	0.658203	0.00331162
0.564453	0.337891	-0.00361192
0.435547	0.662109	0.00361192
0.521484	0.337891	-0.00353424
0.478516	0.662109	0.00353424
0.576172	0.603516	0.0029077
0.423828	0.396484	-0.0029077
0.556641	0.494141	0.00271055
0.443359	0.505859	-0.00271055
0.568359	0.501953	0.00222299
0.431641	0.498047	-0.00222299
0.572266	0.505859	0.00199851
0.427734	0.494141	-0.00199851
0.564453	0.498047	0.00302809
0.435547	0.501953	-0.00302809
0.576172	0.509766	0.00233968
0.423828	0.490234	-0.00233968
0.583984	0.521484	0.0028022
0.416016	0.478516	-0.0028022
0.580078	0.513672	0.00321205
0.419922	0.486328	-0.00321205
0.587891	0.529297	0.00356213
0.412109	0.470703	-0.00356213
0.591797	0.548828	0.00388633
0.591797	0.552734	0.00376239
0.591797	0.556641	0.00381877
0.408203	0.443359	-0.00381877
0.408203	0.447266	-0.00376239
0.408203	0.451172	-0.00388633
