0.498047	0.498047	0.00246591
0.498047	0.501953	-0.00124541
0.501953	0.498047	0.00124541
0.501953	0.501953	-0.00246591
0.408203	0.00976562	-0.00108041
0.591797	0.990234	0.00108036
0.404297	0.00976562	-0.000696691
0.595703	0.990234	0.00069665
0.400391	0.00976562	-0.000311788
0.599609	0.990234	0.000311759
0.423828	0.00585938	0.00108094
0.576172	0.994141	-0.00108107
0.396484	0.00976562	8.26795e-05
0.603516	0.990234	-8.27029e-05
0.392578	0.00976562	0.00049616
0.607422	0.990234	-0.000496176
0.419922	0.00585938	0.0015915
0.580078	0.994141	-0.00159155
0.388672	0.00976562	0.00092662
0.611328	0.990234	-0.000926633
0.416016	0.00585938	0.00200474
0.583984	0.994141	-0.00200479
0.361328	0.0136719	0.000346039
0.638672	0.986328	-0.000346039
0.384766	0.00976562	0.0013664
0.615234	0.990234	-0.00136641
0.357422	0.0136719	0.000858701
0.642578	0.986328	-0.000858701
0.412109	0.00585938	0.0024014
0.587891	0.994141	-0.00240145
0.380859	0.00976562	0.00181463
0.619141	0.990234	-0.00181464
0.353516	0.0136719	0.00138291
0.646484	0.986328	-0.00138291
0.408203	0.00585938	0.00279073
0.591797	0.994141	-0.00279078
0.376953	0.00976562	0.00227546
0.623047	0.990234	-0.00227546
0.349609	0.0136719	0.00191743
0.650391	0.986328	-0.00191743
0.322266	0.0175781	0.00207735
0.677734	0.982422	-0.00207735
0.373047	0.00976562	0.00274869
0.626953	0.990234	-0.0027487
0.345703	0.0136719	0.00246206
0.654297	0.986328	-0.00246205
0.404297	0.00585938	0.00317479
0.595703	0.994141	-0.00317484
0.318359	0.0175781	0.00271634
0.681641	0.982422	-0.00271634
0.341797	0.0136719	0.00301136
0.658203	0.986328	-0.00301136
0.369141	0.00976562	0.00322809
0.630859	0.990234	-0.00322809
0.400391	0.00585938	0.00355887
0.599609	0.994141	-0.0035589
0.314453	0.0175781	0.0033627
0.685547	0.982422	-0.0033627
0.337891	0.0136719	0.00356296
0.662109	0.986328	-0.00356296
0.365234	0.00976562	0.00371105
0.634766	0.990234	-0.00371105
0.291016	0.0214844	0.00380337
0.708984	0.978516	-0.00380338
0.427734	0.00195312	0.0015741
0.572266	0.998047	-0.00157537
0.294922	0.0214844	0.00304141
0.705078	0.978516	-0.00304142
0.326172	0.0175781	0.00145292
0.673828	0.982422	-0.00145292
0.365234	0.0136719	-0.000149333
0.634766	0.986328	0.000149331
0.412109	0.00976562	-0.00146884
0.587891	0.990234	0.00146879
0.298828	0.0214844	0.00229357
0.701172	0.978516	-0.00229357
0.330078	0.0175781	0.000848673
0.669922	0.982422	-0.000848672
0.275391	0.0253906	0.00328824
0.724609	0.974609	-0.00328825
0.369141	0.0136719	-0.000632969
0.630859	0.986328	0.000632965
0.302734	0.0214844	0.00156293
0.697266	0.978516	-0.00156294
0.333984	0.0175781	0.000268218
0.666016	0.982422	-0.000268217
0.416016	0.00976562	-0.00186405
0.583984	0.990234	0.001864
0.279297	0.0253906	0.00242479
0.720703	0.974609	-0.00242481
0.373047	0.0136719	-0.00111285
0.626953	0.986328	0.00111285
0.259766	0.0292969	0.00324018
0.740234	0.970703	-0.00324018
0.306641	0.0214844	0.000855292
0.693359	0.978516	-0.000855296
0.337891	0.0175781	-0.000290127
0.662109	0.982422	0.000290129
0.283203	0.0253906	0.00158598
0.716797	0.974609	-0.001586
0.263672	0.0292969	0.00225812
0.736328	0.970703	-0.00225813
0.376953	0.0136719	-0.00158736
0.623047	0.986328	0.00158735
0.310547	0.0214844	0.000177379
0.689453	0.978516	-0.000177382
0.232422	0.0371094	0.00364857
0.767578	0.962891	-0.00364851
0.419922	0.00976562	-0.00227304
0.580078	0.990234	0.00227299
0.248047	0.0332031	0.00262909
0.751953	0.966797	-0.00262907
0.341797	0.0175781	-0.000841905
0.658203	0.982422	0.000841906
0.287109	0.0253906	0.000772704
0.712891	0.974609	-0.000772716
0.267578	0.0292969	0.0013061
0.732422	0.970703	-0.00130611
0.314453	0.0214844	-0.000476821
0.685547	0.978516	0.00047682
0.236328	0.0371094	0.00240142
0.763672	0.962891	-0.00240137
0.380859	0.0136719	-0.00205037
0.619141	0.986328	0.00205036
0.251953	0.0332031	0.0015433
0.748047	0.966797	-0.00154329
0.212891	0.0449219	0.00332646
0.787109	0.955078	-0.00332641
0.291016	0.0253906	-1.41946e-05
0.708984	0.974609	1.41842e-05
0.345703	0.0175781	-0.00139139
0.654297	0.982422	0.00139139
0.775391	0.958984	-0.00261093
0.224609	0.0410156	0.002611
0.271484	0.0292969	0.000384943
0.728516	0.970703	-0.000384953
0.318359	0.0214844	-0.00112387
0.681641	0.978516	0.00112387
0.205078	0.0488281	0.00294036
0.794922	0.951172	-0.00294035
0.240234	0.0371094	0.00119349
0.759766	0.962891	-0.00119344
0.255859	0.0332031	0.000492511
0.744141	0.966797	-0.000492503
0.0761719	0.314453	0.00367308
0.923828	0.685547	-0.00367308
0.384766	0.0136719	-0.00249987
0.615234	0.986328	0.00249986
0.294922	0.0253906	-0.000779579
0.705078	0.974609	0.00077957
0.0761719	0.318359	0.00339512
0.923828	0.681641	-0.00339512
0.197266	0.0527344	0.002871
0.802734	0.947266	-0.00287104
0.216797	0.0449219	0.00182434
0.783203	0.955078	-0.00182429
0.0839844	0.244141	0.00379657
0.916016	0.755859	-0.00379657
0.0761719	0.501953	0.00377501
0.923828	0.498047	-0.00377501
0.228516	0.0410156	0.00126597
0.771484	0.958984	-0.0012659
0.0800781	0.275391	0.00344638
0.919922	0.724609	-0.00344638
0.189453	0.0566406	0.00314668
0.810547	0.943359	-0.00314674
0.349609	0.0175781	-0.00193695
0.650391	0.982422	0.00193695
0.0761719	0.322266	0.00313139
0.923828	0.677734	-0.00313139
0.0761719	0.498047	0.00350267
0.923828	0.501953	-0.00350267
0.275391	0.0292969	-0.000507915
0.724609	0.970703	0.000507903
0.0761719	0.326172	0.00288137
0.923828	0.673828	-0.00288137
0.0761719	0.494141	0.00324264
0.923828	0.505859	-0.00324264
0.0800781	0.544922	0.00377559
0.919922	0.455078	-0.00377559
0.427734	0.00585938	-0.000275372
0.423828	0.00976562	-0.00274892
0.576172	0.990234	0.00274883
0.572266	0.994141	0.000274567
0.0800781	0.279297	0.00301055
0.919922	0.720703	-0.00301055
0.0839844	0.248047	0.00320145
0.916016	0.751953	-0.00320145
0.0878906	0.224609	0.0033178
0.912109	0.775391	-0.0033178
0.0917969	0.205078	0.00354119
0.908203	0.794922	-0.00354119
0.0761719	0.330078	0.00264458
0.923828	0.669922	-0.00264458
0.0761719	0.490234	0.00299463
0.923828	0.509766	-0.00299463
0.0957031	0.189453	0.00356788
0.904297	0.810547	-0.00356788
0.0800781	0.541016	0.00335256
0.919922	0.458984	-0.00335256
0.0761719	0.333984	0.00242069
0.923828	0.666016	-0.00242069
0.0761719	0.486328	0.00275846
0.923828	0.513672	-0.00275846
0.0800781	0.283203	0.00259141
0.919922	0.716797	-0.00259141
0.322266	0.0214844	-0.00176423
0.677734	0.978516	0.00176423
0.0839844	0.251953	0.00262721
0.916016	0.748047	-0.00262721
0.0761719	0.482422	0.00253426
0.923828	0.517578	-0.00253426
0.0761719	0.337891	0.00220945
0.923828	0.662109	-0.00220945
0.0800781	0.537109	0.00294396
0.919922	0.462891	-0.00294396
0.244141	0.0371094	2.41205e-05
0.755859	0.962891	-2.40864e-05
0.208984	0.0488281	0.00131647
0.791016	0.951172	-0.00131645
0.0839844	0.572266	0.00331154
0.916016	0.427734	-0.00331154
0.0878906	0.599609	0.00373486
0.912109	0.400391	-0.00373486
0.0878906	0.228516	0.00260105
0.912109	0.771484	-0.00260105
0.0761719	0.478516	0.00232227
0.923828	0.521484	-0.00232227
0.259766	0.0332031	-0.000526524
0.740234	0.966797	0.000526526
0.0800781	0.287109	0.00218896
0.919922	0.712891	-0.00218896
0.0761719	0.341797	0.00201063
0.923828	0.658203	-0.00201063
0.107422	0.154297	0.00342633
0.892578	0.845703	-0.00342632
0.177734	0.0644531	0.00263325
0.822266	0.935547	-0.00263327
0.0917969	0.208984	0.00268026
0.908203	0.791016	-0.00268026
0.0996094	0.177734	0.00308172
0.900391	0.822266	-0.00308172
0.0761719	0.345703	0.00182405
0.923828	0.654297	-0.00182405
0.0761719	0.474609	0.00212252
0.923828	0.525391	-0.00212252
0.0800781	0.533203	0.00254938
0.919922	0.466797	-0.00254938
0.298828	0.0253906	-0.00153016
0.701172	0.974609	0.00153016
0.0839844	0.255859	0.00207374
0.916016	0.744141	-0.00207373
0.103516	0.166016	0.00301456
0.896484	0.833984	-0.00301456
0.0761719	0.470703	0.00193473
0.923828	0.529297	-0.00193473
0.0839844	0.568359	0.0027744
0.916016	0.431641	-0.0027744
0.0917969	0.619141	0.00357875
0.908203	0.380859	-0.00357875
0.0800781	0.291016	0.00180304
0.919922	0.708984	-0.00180304
0.0761719	0.349609	0.00164959
0.923828	0.650391	-0.00164959
0.0957031	0.193359	0.00256888
0.904297	0.806641	-0.00256889
0.0878906	0.595703	0.0030639
0.912109	0.404297	-0.0030639
0.0761719	0.466797	0.00175852
0.923828	0.533203	-0.00175852
0.0800781	0.529297	0.00216877
0.919922	0.470703	-0.00216877
0.232422	0.0410156	-3.61423e-05
0.767578	0.958984	3.6204e-05
0.220703	0.0449219	0.000369988
0.779297	0.955078	-0.000369923
0.201172	0.0527344	0.00111506
0.798828	0.947266	-0.00111508
0.0761719	0.353516	0.00148722
0.923828	0.646484	-0.00148722
0.185547	0.0605469	0.00174929
0.814453	0.939453	-0.00174934
0.0878906	0.232422	0.00190915
0.912109	0.767578	-0.00190914
0.0761719	0.462891	0.00159363
0.923828	0.537109	-0.00159363
0.111328	0.146484	0.00281563
0.888672	0.853516	-0.00281561
0.0761719	0.357422	0.0013369
0.923828	0.642578	-0.0013369
0.0839844	0.564453	0.00225443
0.916016	0.435547	-0.00225443
0.353516	0.0175781	-0.00247321
0.646484	0.982422	0.00247321
0.193359	0.0566406	0.00125119
0.806641	0.943359	-0.00125124
0.0800781	0.294922	0.00143325
0.919922	0.705078	-0.00143325
0.0761719	0.458984	0.00144004
0.923828	0.541016	-0.00144004
0.0800781	0.525391	0.00180233
0.919922	0.474609	-0.00180233
0.388672	0.0136719	-0.00293996
0.611328	0.986328	0.00293995
0.279297	0.0292969	-0.00137684
0.720703	0.970703	0.00137683
0.162109	0.0761719	0.00262187
0.837891	0.923828	-0.0026218
0.0839844	0.259766	0.00154033
0.916016	0.740234	-0.00154033
0.0917969	0.212891	0.00184779
0.908203	0.787109	-0.00184779
0.0761719	0.361328	0.00119868
0.923828	0.638672	-0.00119868
0.0917969	0.615234	0.00279625
0.908203	0.384766	-0.00279625
0.0957031	0.634766	0.00313425
0.904297	0.365234	-0.00313425
0.0761719	0.455078	0.00129782
0.923828	0.544922	-0.00129782
0.0878906	0.591797	0.00241326
0.912109	0.408203	-0.00241326
0.123047	0.123047	0.0028362
0.876953	0.876953	-0.00283619
0.0761719	0.365234	0.00107272
0.923828	0.634766	-0.00107272
0.103516	0.666016	0.00365342
0.896484	0.333984	-0.00365342
0.115234	0.138672	0.00249553
0.884766	0.861328	-0.0024955
0.0996094	0.181641	0.0019631
0.900391	0.818359	-0.00196311
0.0761719	0.451172	0.00116693
0.923828	0.548828	-0.00116693
0.0800781	0.298828	0.00107908
0.919922	0.701172	-0.00107908
0.119141	0.130859	0.00249505
0.880859	0.869141	-0.00249502
0.0761719	0.369141	0.000959169
0.923828	0.630859	-0.000959169
0.0761719	0.447266	0.00104728
0.923828	0.552734	-0.00104728
0.0800781	0.521484	0.00145008
0.919922	0.478516	-0.00145008
0.0839844	0.560547	0.00175125
0.916016	0.439453	-0.00175125
0.0996094	0.650391	0.00313844
0.900391	0.349609	-0.00313844
0.0957031	0.197266	0.00160408
0.904297	0.802734	-0.00160408
0.0761719	0.373047	0.000857915
0.923828	0.626953	-0.000857915
0.0878906	0.236328	0.00124161
0.912109	0.763672	-0.00124161
0.107422	0.158203	0.00202604
0.892578	0.841797	-0.00202603
0.0761719	0.376953	0.000768514
0.923828	0.623047	-0.000768514
0.0761719	0.443359	0.000938708
0.923828	0.556641	-0.000938708
0.107422	0.677734	0.00348142
0.892578	0.322266	-0.00348142
0.173828	0.0683594	0.001635
0.826172	0.931641	-0.001635
0.0839844	0.263672	0.00102673
0.916016	0.736328	-0.00102673
0.103516	0.169922	0.00176221
0.896484	0.830078	-0.00176221
0.0761719	0.439453	0.000840962
0.923828	0.560547	-0.000840962
0.158203	0.0800781	0.00224066
0.841797	0.919922	-0.00224057
0.130859	0.111328	0.00243339
0.869141	0.888672	-0.00243342
0.0800781	0.302734	0.000740114
0.919922	0.697266	-0.000740114
0.0761719	0.380859	0.000690443
0.923828	0.619141	-0.000690443
0.0761719	0.435547	0.000753803
0.923828	0.564453	-0.000753803
0.0800781	0.517578	0.00111174
0.919922	0.482422	-0.00111174
0.0878906	0.587891	0.00178234
0.912109	0.412109	-0.00178234
0.0917969	0.611328	0.00203624
0.908203	0.388672	-0.00203624
0.142578	0.0957031	0.00255325
0.857422	0.904297	-0.00255327
0.0761719	0.384766	0.000623393
0.923828	0.615234	-0.000623393
0.0761719	0.388672	0.000567321
0.923828	0.611328	-0.000567322
0.0761719	0.431641	0.00067717
0.923828	0.568359	-0.00067717
0.0957031	0.630859	0.00225162
0.904297	0.369141	-0.00225162
0.326172	0.0214844	-0.00239197
0.673828	0.978516	0.00239197
0.0761719	0.392578	0.000522273
0.923828	0.607422	-0.000522273
0.0761719	0.427734	0.000611309
0.923828	0.572266	-0.00061131
0.0761719	0.423828	0.000556643
0.923828	0.576172	-0.000556643
0.0839844	0.556641	0.00126448
0.916016	0.443359	-0.00126448
0.431641	0.00195312	-0.0022481
0.568359	0.998047	0.00224673
0.0917969	0.216797	0.00104376
0.908203	0.783203	-0.00104376
0.0761719	0.396484	0.000488234
0.923828	0.603516	-0.000488235
0.0761719	0.400391	0.00046515
0.923828	0.599609	-0.00046515
0.0761719	0.404297	0.000452973
0.923828	0.595703	-0.000452974
0.0761719	0.419922	0.000513461
0.923828	0.580078	-0.000513461
0.0761719	0.408203	0.000451668
0.923828	0.591797	-0.000451668
0.0761719	0.416016	0.000481739
0.923828	0.583984	-0.000481739
0.0761719	0.412109	0.000461223
0.923828	0.587891	-0.000461223
0.248047	0.0371094	-0.00110844
0.751953	0.962891	0.00110846
0.0800781	0.513672	0.000787013
0.919922	0.486328	-0.000787013
0.103516	0.662109	0.00253405
0.896484	0.337891	-0.00253405
0.400391	0.869141	0.00370839
0.599609	0.130859	-0.00370839
0.212891	0.0488281	-0.00025711
0.787109	0.951172	0.00025715
0.154297	0.0839844	0.0020423
0.845703	0.916016	-0.00204222
0.146484	0.0917969	0.00220017
0.853516	0.908203	-0.00220016
0.0800781	0.306641	0.00041602
0.919922	0.693359	-0.00041602
0.0839844	0.267578	0.000532971
0.916016	0.732422	-0.000532971
0.0996094	0.646484	0.0021447
0.900391	0.353516	-0.0021447
0.490234	0.869141	0.00371804
0.509766	0.130859	-0.00371804
0.263672	0.0332031	-0.00151656
0.736328	0.966797	0.00151656
0.0878906	0.240234	0.000597855
0.912109	0.759766	-0.000597854
0.404297	0.869141	0.00347851
0.595703	0.130859	-0.00347851
0.150391	0.0878906	0.00202833
0.849609	0.912109	-0.00202828
0.0878906	0.583984	0.00117058
0.912109	0.416016	-0.00117058
0.123047	0.716797	0.00339679
0.876953	0.283203	-0.00339679
0.333984	0.861328	0.00360773
0.666016	0.138672	-0.00360773
0.361328	0.865234	0.00343327
0.638672	0.134766	-0.00343327
0.408203	0.869141	0.00326979
0.591797	0.130859	-0.00326979
0.533203	0.865234	0.0038387
0.466797	0.134766	-0.0038387
0.486328	0.869141	0.00348678
0.513672	0.130859	-0.00348678
0.111328	0.150391	0.00129742
0.888672	0.849609	-0.0012974
0.0996094	0.185547	0.000881183
0.900391	0.814453	-0.000881187
0.0800781	0.509766	0.000475607
0.919922	0.490234	-0.000475607
0.0839844	0.552734	0.000793813
0.916016	0.447266	-0.000793813
0.0917969	0.607422	0.00129819
0.908203	0.392578	-0.00129819
0.115234	0.697266	0.00281165
0.884766	0.302734	-0.00281165
0.314453	0.857422	0.00353067
0.685547	0.142578	-0.00353067
0.482422	0.869141	0.00327695
0.517578	0.130859	-0.00327695
0.302734	0.0253906	-0.00226478
0.697266	0.974609	0.00226477
0.0800781	0.310547	0.000106658
0.919922	0.689453	-0.000106658
0.0957031	0.201172	0.000672855
0.904297	0.798828	-0.000672856
0.107422	0.673828	0.00225759
0.892578	0.326172	-0.00225759
0.412109	0.869141	0.00308202
0.587891	0.130859	-0.00308202
0.126953	0.119141	0.00148709
0.873047	0.880859	-0.00148709
0.0957031	0.626953	0.0013935
0.904297	0.373047	-0.0013935
0.111328	0.685547	0.00233849
0.888672	0.314453	-0.00233849
0.126953	0.724609	0.00332676
0.873047	0.275391	-0.00332676
0.365234	0.865234	0.00296685
0.634766	0.134766	-0.00296685
0.416016	0.869141	0.00291527
0.583984	0.130859	-0.00291527
0.529297	0.865234	0.00336053
0.470703	0.134766	-0.00336053
0.478516	0.869141	0.00308852
0.521484	0.130859	-0.00308852
0.181641	0.0644531	0.000498434
0.818359	0.935547	-0.000498469
0.0839844	0.271484	5.85053e-05
0.916016	0.728516	-5.85052e-05
0.298828	0.853516	0.00331891
0.701172	0.146484	-0.00331891
0.419922	0.869141	0.00276975
0.580078	0.130859	-0.00276975
0.474609	0.869141	0.00292152
0.525391	0.130859	-0.00292152
0.134766	0.107422	0.00147722
0.865234	0.892578	-0.00147726
0.0917969	0.220703	0.000267644
0.908203	0.779297	-0.000267642
0.0800781	0.505859	0.000177244
0.919922	0.494141	-0.000177244
0.271484	0.845703	0.00352459
0.728516	0.154297	-0.00352459
0.337891	0.861328	0.00295597
0.662109	0.138672	-0.00295597
0.556641	0.861328	0.00337116
0.443359	0.138672	-0.00337116
0.423828	0.869141	0.00264561
0.576172	0.130859	-0.00264561
0.470703	0.869141	0.00277596
0.529297	0.130859	-0.00277596
0.169922	0.0722656	0.000801737
0.830078	0.927734	-0.000801709
0.0800781	0.314453	-0.000187922
0.919922	0.685547	0.000187922
0.103516	0.173828	0.000552347
0.896484	0.826172	-0.00055235
0.107422	0.162109	0.0006713
0.892578	0.837891	-0.000671296
0.0839844	0.548828	0.000338986
0.916016	0.451172	-0.000338986
0.0878906	0.580078	0.000577503
0.912109	0.419922	-0.000577503
0.525391	0.865234	0.002906
0.474609	0.134766	-0.002906
0.427734	0.869141	0.00254273
0.572266	0.130859	-0.00254273
0.466797	0.869141	0.00265164
0.533203	0.130859	-0.00265164
0.236328	0.0410156	-0.00129739
0.763672	0.958984	0.00129745
0.224609	0.0449219	-0.00103784
0.775391	0.955078	0.00103791
0.0878906	0.244141	-2.34202e-05
0.912109	0.755859	2.34211e-05
0.115234	0.142578	0.000854933
0.884766	0.857422	-0.000854908
0.103516	0.658203	0.0014452
0.896484	0.341797	-0.0014452
0.318359	0.857422	0.00272655
0.681641	0.142578	-0.00272655
0.369141	0.865234	0.00252487
0.630859	0.134766	-0.00252487
0.431641	0.869141	0.00246084
0.568359	0.130859	-0.00246084
0.595703	0.853516	0.00356299
0.404297	0.146484	-0.00356299
0.462891	0.869141	0.00254825
0.537109	0.130859	-0.00254825
0.435547	0.869141	0.00239965
0.564453	0.130859	-0.00239965
0.458984	0.869141	0.00246545
0.541016	0.130859	-0.00246545
0.205078	0.0527344	-0.00058723
0.794922	0.947266	0.000587227
0.123047	0.126953	0.000923893
0.876953	0.873047	-0.000923873
0.0800781	0.501953	-0.000108314
0.919922	0.498047	0.000108314
0.0996094	0.642578	0.00117845
0.900391	0.357422	-0.00117845
0.119141	0.705078	0.00216372
0.880859	0.294922	-0.00216372
0.439453	0.869141	0.00235905
0.560547	0.130859	-0.00235905
0.455078	0.869141	0.00240306
0.544922	0.130859	-0.00240306
0.443359	0.869141	0.00233906
0.556641	0.130859	-0.00233906
0.451172	0.869141	0.00236112
0.548828	0.130859	-0.00236112
0.447266	0.869141	0.00233975
0.552734	0.130859	-0.00233975
0.283203	0.0292969	-0.00222158
0.716797	0.970703	0.00222156
0.119141	0.134766	0.000720265
0.880859	0.865234	-0.000720237
0.0917969	0.603516	0.000581792
0.908203	0.396484	-0.000581792
0.341797	0.861328	0.00233111
0.658203	0.138672	-0.00233111
0.576172	0.857422	0.00308832
0.423828	0.142578	-0.00308832
0.521484	0.865234	0.00247474
0.478516	0.134766	-0.00247474
0.552734	0.861328	0.00274049
0.447266	0.138672	-0.00274049
0.189453	0.0605469	-0.00023542
0.810547	0.939453	0.000235366
0.0800781	0.318359	-0.000467737
0.919922	0.681641	0.000467737
0.0839844	0.275391	-0.000397591
0.916016	0.724609	0.000397591
0.251953	0.837891	0.00297818
0.748047	0.162109	-0.00297818
0.287109	0.849609	0.00262852
0.712891	0.150391	-0.00262852
0.373047	0.865234	0.0021071
0.626953	0.134766	-0.0021071
0.357422	0.0175781	-0.00299874
0.642578	0.982422	0.00299874
0.0800781	0.498047	-0.00038123
0.919922	0.501953	0.00038123
0.0839844	0.544922	-0.000100341
0.916016	0.455078	0.000100341
0.0957031	0.623047	0.000559656
0.904297	0.376953	-0.000559657
0.302734	0.853516	0.00238214
0.697266	0.146484	-0.00238214
0.623047	0.845703	0.00341688
0.376953	0.154297	-0.00341688
0.197266	0.0566406	-0.000589304
0.802734	0.943359	0.000589262
0.0878906	0.576172	2.72419e-06
0.912109	0.423828	-2.72429e-06
0.107422	0.669922	0.00106637
0.892578	0.330078	-0.00106637
0.138672	0.744141	0.0026774
0.861328	0.255859	-0.0026774
0.517578	0.865234	0.00206652
0.482422	0.134766	-0.00206652
0.634766	0.841797	0.00342136
0.365234	0.158203	-0.00342136
0.0957031	0.205078	-0.000226505
0.904297	0.794922	0.000226505
0.0800781	0.322266	-0.000733075
0.919922	0.677734	0.000733075
0.0996094	0.189453	-0.000164554
0.900391	0.810547	0.000164551
0.115234	0.693359	0.00138907
0.884766	0.306641	-0.00138907
0.123047	0.712891	0.00174601
0.876953	0.287109	-0.00174601
0.263672	0.841797	0.00242573
0.736328	0.158203	-0.00242573
0.275391	0.845703	0.00231843
0.724609	0.154297	-0.00231843
0.322266	0.857422	0.00195199
0.677734	0.142578	-0.00195199
0.376953	0.865234	0.00171344
0.623047	0.134766	-0.00171344
0.548828	0.861328	0.00213552
0.451172	0.138672	-0.00213552
0.591797	0.853516	0.00264143
0.408203	0.146484	-0.00264143
0.138672	0.103516	0.000683834
0.861328	0.896484	-0.000683877
0.0917969	0.224609	-0.000481235
0.908203	0.775391	0.000481236
0.0800781	0.494141	-0.000641724
0.919922	0.505859	0.000641724
0.111328	0.681641	0.00103634
0.888672	0.318359	-0.00103634
0.146484	0.755859	0.00262301
0.853516	0.244141	-0.00262301
0.212891	0.818359	0.00298048
0.787109	0.181641	-0.00298048
0.345703	0.861328	0.00173277
0.654297	0.138672	-0.00173277
0.572266	0.857422	0.00231947
0.427734	0.142578	-0.00231947
0.607422	0.849609	0.0027358
0.392578	0.150391	-0.0027358
0.0878906	0.248047	-0.000623094
0.912109	0.751953	0.000623094
0.134766	0.736328	0.00202461
0.865234	0.263672	-0.00202461
0.158203	0.771484	0.00285965
0.841797	0.228516	-0.00285965
0.244141	0.833984	0.00243679
0.755859	0.166016	-0.00243679
0.513672	0.865234	0.00168114
0.486328	0.134766	-0.00168114
0.814453	0.619141	0.00378875
0.185547	0.380859	-0.00378875
0.818359	0.587891	0.00371043
0.181641	0.412109	-0.00371043
0.166016	0.0761719	0.000140931
0.833984	0.923828	-0.000140874
0.0839844	0.279297	-0.000836155
0.916016	0.720703	0.000836155
0.0839844	0.541016	-0.000524586
0.916016	0.458984	0.000524586
0.0917969	0.599609	-0.000113195
0.908203	0.400391	0.000113195
0.0996094	0.638672	0.000239126
0.900391	0.361328	-0.000239126
0.126953	0.720703	0.00157283
0.873047	0.279297	-0.00157283
0.130859	0.728516	0.00166189
0.869141	0.271484	-0.00166189
0.185547	0.798828	0.00294949
0.814453	0.201172	-0.00294949
0.201172	0.810547	0.00282299
0.798828	0.189453	-0.00282299
0.380859	0.865234	0.0013437
0.619141	0.134766	-0.0013437
0.654297	0.833984	0.00314532
0.345703	0.166016	-0.00314532
0.810547	0.638672	0.00357002
0.189453	0.361328	-0.00357002
0.818359	0.498047	0.00374343
0.181641	0.501953	-0.00374343
0.818359	0.583984	0.00337073
0.181641	0.416016	-0.00337073
0.392578	0.0136719	-0.00337115
0.607422	0.986328	0.00337114
0.130859	0.115234	0.000282231
0.869141	0.884766	-0.000282252
0.0800781	0.326172	-0.000984489
0.919922	0.673828	0.000984489
0.111328	0.154297	-0.000172127
0.888672	0.845703	0.000172139
0.0800781	0.490234	-0.000890108
0.919922	0.509766	0.000890108
0.103516	0.654297	0.000386377
0.896484	0.345703	-0.000386377
0.220703	0.822266	0.00241162
0.779297	0.177734	-0.00241162
0.236328	0.830078	0.00215272
0.763672	0.169922	-0.00215272
0.291016	0.849609	0.00157878
0.708984	0.150391	-0.00157878
0.306641	0.853516	0.00147718
0.693359	0.146484	-0.00147718
0.544922	0.861328	0.001556
0.455078	0.138672	-0.001556
0.509766	0.865234	0.00131827
0.490234	0.134766	-0.00131827
0.814453	0.466797	0.00379692
0.185547	0.533203	-0.00379692
0.818359	0.501953	0.00340013
0.181641	0.498047	-0.00340013
0.0878906	0.572266	-0.000554062
0.912109	0.427734	0.000554062
0.228516	0.826172	0.00213972
0.771484	0.173828	-0.00213972
0.326172	0.857422	0.00120705
0.673828	0.142578	-0.00120705
0.349609	0.861328	0.00116085
0.650391	0.138672	-0.00116085
0.384766	0.865234	0.000997583
0.615234	0.134766	-0.000997583
0.568359	0.857422	0.00157833
0.431641	0.142578	-0.00157833
0.587891	0.853516	0.00175053
0.412109	0.146484	-0.00175053
0.619141	0.845703	0.0022521
0.380859	0.154297	-0.0022521
0.806641	0.654297	0.00336706
0.193359	0.345703	-0.00336706
0.814453	0.615234	0.00318205
0.185547	0.384766	-0.00318205
0.818359	0.580078	0.00306275
0.181641	0.419922	-0.00306275
0.330078	0.0214844	-0.00299993
0.669922	0.978516	0.00299993
0.0957031	0.619141	-0.000250189
0.904297	0.380859	0.000250189
0.162109	0.775391	0.00245409
0.837891	0.224609	-0.00245409
0.181641	0.794922	0.00251732
0.818359	0.205078	-0.00251732
0.642578	0.837891	0.00242802
0.357422	0.162109	-0.00242802
0.662109	0.830078	0.00268384
0.337891	0.169922	-0.00268384
0.810547	0.447266	0.00352458
0.189453	0.552734	-0.00352458
0.818359	0.576172	0.00278621
0.181641	0.423828	-0.00278621
0.818359	0.505859	0.00308849
0.181641	0.494141	-0.00308849
0.251953	0.0371094	-0.00220495
0.748047	0.962891	0.00220497
0.103516	0.177734	-0.000617069
0.896484	0.822266	0.000617065
0.0800781	0.330078	-0.00122252
0.919922	0.669922	0.00122252
0.0800781	0.486328	-0.00112659
0.919922	0.513672	0.00112659
0.0839844	0.537109	-0.000934224
0.916016	0.462891	0.000934224
0.119141	0.701172	0.000649148
0.880859	0.298828	-0.000649149
0.255859	0.837891	0.00154415
0.744141	0.162109	-0.00154415
0.505859	0.865234	0.000977638
0.494141	0.134766	-0.000977638
0.603516	0.849609	0.00171284
0.396484	0.150391	-0.00171284
0.630859	0.841797	0.00213867
0.369141	0.158203	-0.00213867
0.810547	0.634766	0.00278072
0.189453	0.365234	-0.00278072
0.814453	0.470703	0.00318993
0.185547	0.529297	-0.00318993
0.802734	0.416016	0.00362928
0.197266	0.583984	-0.00362928
0.818359	0.509766	0.00280843
0.181641	0.490234	-0.00280843
0.177734	0.0683594	-0.000596016
0.822266	0.931641	0.000596003
0.142578	0.0996094	5.94209e-05
0.857422	0.900391	-5.94507e-05
0.0839844	0.283203	-0.00125761
0.916016	0.716797	0.00125761
0.107422	0.166016	-0.000640027
0.892578	0.833984	0.000640028
0.142578	0.748047	0.00147651
0.857422	0.251953	-0.00147651
0.150391	0.759766	0.0017412
0.849609	0.240234	-0.0017412
0.166016	0.779297	0.00218589
0.833984	0.220703	-0.00218589
0.279297	0.845703	0.00114843
0.720703	0.154297	-0.00114843
0.388672	0.865234	0.000674823
0.611328	0.134766	-0.000674823
0.541016	0.861328	0.00100171
0.458984	0.138672	-0.00100171
0.669922	0.826172	0.00246446
0.330078	0.173828	-0.00246446
0.685547	0.818359	0.00280203
0.314453	0.181641	-0.00280203
0.787109	0.708984	0.00321794
0.212891	0.291016	-0.00321794
0.814453	0.611328	0.00260798
0.185547	0.388672	-0.00260798
0.806641	0.431641	0.00323962
0.193359	0.568359	-0.00323962
0.818359	0.572266	0.00254073
0.181641	0.427734	-0.00254073
0.818359	0.513672	0.00256005
0.181641	0.486328	-0.00256005
0.267578	0.0332031	-0.00247666
0.732422	0.966797	0.00247666
0.0878906	0.251953	-0.00120118
0.912109	0.748047	0.00120118
0.0917969	0.595703	-0.000787192
0.908203	0.404297	0.000787191
0.107422	0.666016	-9.28476e-05
0.892578	0.333984	9.28475e-05
0.177734	0.791016	0.00222351
0.822266	0.208984	-0.00222351
0.197266	0.806641	0.00191308
0.802734	0.193359	-0.00191308
0.208984	0.814453	0.00174803
0.791016	0.185547	-0.00174803
0.267578	0.841797	0.00112751
0.732422	0.158203	-0.00112751
0.353516	0.861328	0.000614742
0.646484	0.138672	-0.000614741
0.501953	0.865234	0.000659008
0.498047	0.134766	-0.000659008
0.677734	0.822266	0.00250041
0.322266	0.177734	-0.00250041
0.705078	0.806641	0.00315693
0.294922	0.193359	-0.00315693
0.779297	0.724609	0.0032802
0.220703	0.275391	-0.0032802
0.783203	0.716797	0.00311001
0.216797	0.283203	-0.00311001
0.794922	0.689453	0.00283224
0.205078	0.310547	-0.00283224
0.802734	0.666016	0.00274529
0.197266	0.333984	-0.00274528
0.798828	0.404297	0.00346778
0.201172	0.595703	-0.00346778
0.814453	0.474609	0.0026166
0.185547	0.525391	-0.0026166
0.818359	0.568359	0.00232599
0.181641	0.431641	-0.00232599
0.818359	0.517578	0.00234334
0.181641	0.482422	-0.00234334
0.0917969	0.228516	-0.00120361
0.908203	0.771484	0.00120362
0.0957031	0.208984	-0.00109528
0.904297	0.791016	0.00109528
0.0800781	0.333984	-0.00144752
0.919922	0.666016	0.00144752
0.0800781	0.482422	-0.00135108
0.919922	0.517578	0.00135108
0.169922	0.783203	0.00205635
0.830078	0.216797	-0.00205635
0.173828	0.787109	0.00206899
0.826172	0.212891	-0.00206899
0.310547	0.853516	0.00060319
0.689453	0.146484	-0.00060319
0.330078	0.857422	0.000491551
0.669922	0.142578	-0.000491551
0.392578	0.865234	0.0003752
0.607422	0.134766	-0.0003752
0.564453	0.857422	0.000864504
0.435547	0.142578	-0.000864504
0.798828	0.677734	0.00255815
0.201172	0.322266	-0.00255815
0.806641	0.650391	0.00241845
0.193359	0.349609	-0.00241844
0.810547	0.451172	0.0027373
0.189453	0.548828	-0.0027373
0.818359	0.564453	0.00214193
0.181641	0.435547	-0.00214193
0.818359	0.521484	0.00215792
0.181641	0.478516	-0.00215792
0.216797	0.0488281	-0.00178064
0.783203	0.951172	0.00178069
0.162109	0.0800781	-0.000338802
0.837891	0.919922	0.000338881
0.126953	0.123047	-0.000515641
0.873047	0.876953	0.000515648
0.115234	0.146484	-0.000735463
0.884766	0.853516	0.000735484
0.0878906	0.568359	-0.00109318
0.912109	0.431641	0.00109318
0.115234	0.689453	3.52158e-06
0.884766	0.310547	-3.52164e-06
0.509766	0.494141	0.00262436
0.490234	0.505859	-0.00262436
0.294922	0.849609	0.000562373
0.705078	0.150391	-0.000562373
0.583984	0.853516	0.000889774
0.416016	0.146484	-0.000889773
0.537109	0.861328	0.000472391
0.462891	0.138672	-0.000472391
0.498047	0.865234	0.0003622
0.501953	0.134766	-0.0003622
0.615234	0.845703	0.00112164
0.384766	0.154297	-0.00112164
0.650391	0.833984	0.00164693
0.349609	0.166016	-0.00164693
0.810547	0.630859	0.00202695
0.189453	0.369141	-0.00202695
0.814453	0.607422	0.00206667
0.185547	0.392578	-0.00206667
0.818359	0.560547	0.00198874
0.181641	0.439453	-0.00198874
0.818359	0.556641	0.00186661
0.181641	0.443359	-0.00186661
0.818359	0.525391	0.00200321
0.181641	0.474609	-0.0020032
0.552734	0.228516	0.00386419
0.447266	0.771484	-0.00386419
0.494141	0.501953	-4.2095e-05
0.505859	0.498047	4.2095e-05
0.306641	0.0253906	-0.00297758
0.693359	0.974609	0.00297757
0.0996094	0.193359	-0.00117416
0.900391	0.806641	0.00117416
0.0800781	0.337891	-0.00165975
0.919922	0.662109	0.00165975
0.0800781	0.478516	-0.00156333
0.919922	0.521484	0.00156333
0.0839844	0.533203	-0.00132972
0.916016	0.466797	0.00132972
0.0996094	0.634766	-0.000673966
0.900391	0.365234	0.000673966
0.111328	0.677734	-0.000231322
0.888672	0.322266	0.000231322
0.123047	0.708984	0.000135687
0.876953	0.291016	-0.000135687
0.248047	0.833984	0.000899254
0.751953	0.166016	-0.000899254
0.396484	0.865234	9.84373e-05
0.603516	0.134766	-9.84371e-05
0.802734	0.419922	0.00252492
0.197266	0.580078	-0.00252492
0.791016	0.384766	0.00300213
0.208984	0.615234	-0.00300213
0.814453	0.478516	0.00207646
0.185547	0.521484	-0.00207646
0.818359	0.552734	0.00177561
0.181641	0.447266	-0.00177561
0.818359	0.529297	0.00187881
0.181641	0.470703	-0.00187881
0.818359	0.548828	0.00171562
0.181641	0.451172	-0.00171562
0.818359	0.533203	0.0017847
0.181641	0.466797	-0.0017847
0.818359	0.544922	0.00168655
0.181641	0.455078	-0.00168655
0.818359	0.537109	0.00172113
0.181641	0.462891	-0.00172113
0.818359	0.541016	0.00168838
0.181641	0.458984	-0.00168838
0.591797	0.232422	0.00366485
0.408203	0.767578	-0.00366485
0.548828	0.228516	0.00373608
0.451172	0.771484	-0.00373608
0.525391	0.228516	0.00384577
0.474609	0.771484	-0.00384577
0.544922	0.228516	0.00364988
0.455078	0.771484	-0.00364988
0.529297	0.228516	0.00372183
0.470703	0.771484	-0.00372183
0.541016	0.228516	0.00360526
0.458984	0.771484	-0.00360526
0.533203	0.228516	0.00364079
0.466797	0.771484	-0.00364079
0.537109	0.228516	0.00360214
0.462891	0.771484	-0.00360214
0.0839844	0.287109	-0.00166206
0.916016	0.712891	0.00166206
0.103516	0.650391	-0.000642879
0.896484	0.349609	0.000642879
0.138672	0.740234	0.000637178
0.861328	0.259766	-0.000637178
0.216797	0.818359	0.000989993
0.783203	0.181641	-0.000989993
0.357422	0.861328	9.37341e-05
0.642578	0.138672	-9.37339e-05
0.494141	0.865234	8.70708e-05
0.505859	0.134766	-8.70706e-05
0.599609	0.849609	0.000721956
0.400391	0.150391	-0.000721955
0.697266	0.810547	0.00211701
0.302734	0.189453	-0.00211701
0.791016	0.697266	0.00209703
0.208984	0.302734	-0.00209703
0.806641	0.435547	0.00229915
0.193359	0.564453	-0.00229915
0.814453	0.603516	0.00155863
0.185547	0.396484	-0.00155862
0.810547	0.455078	0.00198575
0.189453	0.544922	-0.00198575
0.611328	0.236328	0.0033625
0.388672	0.763672	-0.0033625
0.146484	0.0957031	-0.000390204
0.853516	0.904297	0.000390201
0.0957031	0.615234	-0.00103668
0.904297	0.384766	0.00103668
0.154297	0.763672	0.000988643
0.845703	0.236328	-0.000988643
0.193359	0.802734	0.00113312
0.806641	0.197266	-0.00113312
0.400391	0.865234	-0.000155904
0.599609	0.134766	0.000155904
0.560547	0.857422	0.000177649
0.439453	0.142578	-0.000177649
0.490234	0.865234	-0.000166426
0.509766	0.134766	0.000166426
0.626953	0.841797	0.000892789
0.373047	0.158203	-0.000892789
0.638672	0.837891	0.00105878
0.361328	0.162109	-0.00105878
0.708984	0.802734	0.00219753
0.291016	0.197266	-0.00219753
0.724609	0.791016	0.00256387
0.275391	0.208984	-0.00256387
0.751953	0.763672	0.0026441
0.248047	0.236328	-0.0026441
0.763672	0.748047	0.00239237
0.236328	0.251953	-0.00239237
0.771484	0.736328	0.00243623
0.228516	0.263672	-0.00243623
0.802734	0.662109	0.00166887
0.197266	0.337891	-0.00166887
0.806641	0.646484	0.00150674
0.193359	0.353516	-0.00150674
0.798828	0.408203	0.00223159
0.201172	0.591797	-0.00223159
0.794922	0.396484	0.00238188
0.205078	0.603516	-0.00238188
0.814453	0.482422	0.00156912
0.185547	0.517578	-0.00156912
0.662109	0.251953	0.00353433
0.337891	0.748047	-0.00353433
0.626953	0.240234	0.00325923
0.373047	0.759766	-0.00325923
0.587891	0.232422	0.00310354
0.412109	0.767578	-0.00310354
0.486328	0.232422	0.0036057
0.513672	0.767578	-0.0036057
0.123047	0.130859	-0.000933808
0.876953	0.869141	0.000933832
0.119141	0.138672	-0.0010002
0.880859	0.861328	0.00100022
0.0878906	0.255859	-0.0017579
0.912109	0.744141	0.0017579
0.0800781	0.341797	-0.00185949
0.919922	0.658203	0.00185949
0.0800781	0.474609	-0.00176325
0.919922	0.525391	0.00176325
0.126953	0.716797	-0.000138844
0.873047	0.283203	0.000138844
0.240234	0.830078	0.000507375
0.759766	0.169922	-0.000507375
0.333984	0.857422	-0.000195324
0.666016	0.142578	0.000195324
0.533203	0.861328	-3.22804e-05
0.466797	0.138672	3.22806e-05
0.658203	0.830078	0.00108987
0.341797	0.169922	-0.00108987
0.810547	0.626953	0.0013086
0.189453	0.373047	-0.0013086
0.787109	0.376953	0.00249935
0.212891	0.623047	-0.00249935
0.771484	0.345703	0.00321697
0.228516	0.654297	-0.00321697
0.158203	0.0839844	-0.000632837
0.841797	0.916016	0.00063292
0.134766	0.111328	-0.000769427
0.865234	0.888672	0.000769391
0.0839844	0.529297	-0.00171126
0.916016	0.470703	0.00171126
0.0878906	0.564453	-0.001615
0.912109	0.435547	0.001615
0.0917969	0.591797	-0.00144074
0.908203	0.408203	0.00144074
0.130859	0.724609	-0.000155802
0.869141	0.275391	0.000155802
0.134766	0.732422	9.80043e-05
0.865234	0.267578	-9.80043e-05
0.146484	0.751953	0.000395987
0.853516	0.248047	-0.000395987
0.224609	0.822266	0.000539008
0.775391	0.177734	-0.000539008
0.205078	0.810547	0.000635516
0.794922	0.189453	-0.000635516
0.232422	0.826172	0.000382332
0.767578	0.173828	-0.000382331
0.259766	0.837891	0.000150888
0.740234	0.162109	-0.000150888
0.283203	0.845703	1.56087e-05
0.716797	0.154297	-1.56086e-05
0.314453	0.853516	-0.000240316
0.685547	0.146484	0.000240317
0.361328	0.861328	-0.000402352
0.638672	0.138672	0.000402352
0.404297	0.865234	-0.000388375
0.595703	0.134766	0.000388375
0.580078	0.853516	5.86726e-05
0.419922	0.146484	-5.86725e-05
0.486328	0.865234	-0.000398296
0.513672	0.134766	0.000398297
0.689453	0.814453	0.00136773
0.310547	0.185547	-0.00136773
0.728516	0.787109	0.00217688
0.271484	0.212891	-0.00217688
0.748047	0.767578	0.00223359
0.251953	0.232422	-0.00223359
0.775391	0.728516	0.00179511
0.224609	0.271484	-0.00179511
0.787109	0.705078	0.00161341
0.212891	0.294922	-0.00161341
0.794922	0.685547	0.00148063
0.205078	0.314453	-0.00148063
0.798828	0.673828	0.00134732
0.201172	0.326172	-0.00134732
0.814453	0.599609	0.00108393
0.185547	0.400391	-0.00108393
0.810547	0.458984	0.00126971
0.189453	0.541016	-0.00126971
0.775391	0.353516	0.00261018
0.224609	0.646484	-0.00261018
0.763672	0.333984	0.00307898
0.236328	0.666016	-0.00307898
0.814453	0.486328	0.0010943
0.185547	0.513672	-0.0010943
0.685547	0.263672	0.00312993
0.314453	0.736328	-0.00312993
0.669922	0.255859	0.00310195
0.330078	0.744141	-0.00310195
0.650391	0.248047	0.00290508
0.349609	0.751953	-0.00290508
0.638672	0.244141	0.00281932
0.361328	0.755859	-0.00281932
0.607422	0.236328	0.00256874
0.392578	0.763672	-0.00256874
0.466797	0.236328	0.00326559
0.533203	0.763672	-0.00326559
0.583984	0.232422	0.00258535
0.416016	0.767578	-0.00258535
0.490234	0.232422	0.00304351
0.509766	0.767578	-0.00304351
0.240234	0.0410156	-0.00251845
0.759766	0.958984	0.0025185
0.150391	0.0917969	-0.000658961
0.849609	0.908203	0.000658995
0.0800781	0.345703	-0.00204695
0.919922	0.654297	0.00204695
0.0800781	0.470703	-0.00195106
0.919922	0.529297	0.00195106
0.271484	0.841797	-0.000132279
0.728516	0.158203	0.000132279
0.408203	0.865234	-0.000599444
0.591797	0.134766	0.000599444
0.482422	0.865234	-0.000608584
0.517578	0.134766	0.000608584
0.666016	0.826172	0.000770679
0.333984	0.173828	-0.000770679
0.779297	0.720703	0.00145189
0.220703	0.279297	-0.00145189
0.783203	0.712891	0.00139419
0.216797	0.287109	-0.00139419
0.806641	0.439453	0.00139597
0.193359	0.560547	-0.00139597
0.802734	0.423828	0.00146022
0.197266	0.576172	-0.00146022
0.783203	0.369141	0.00225985
0.216797	0.630859	-0.00225985
0.779297	0.361328	0.00229382
0.220703	0.638672	-0.00229382
0.677734	0.259766	0.00296605
0.322266	0.740234	-0.00296605
0.451172	0.240234	0.00312291
0.548828	0.759766	-0.00312291
0.494141	0.232422	0.00252568
0.505859	0.767578	-0.00252568
0.771484	0.955078	0.00239981
0.228516	0.0449219	-0.00239974
0.185547	0.0644531	-0.00157914
0.814453	0.935547	0.00157909
0.154297	0.0878906	-0.000740366
0.845703	0.912109	0.000740433
0.0917969	0.232422	-0.00190031
0.908203	0.767578	0.00190031
0.0839844	0.291016	-0.00204976
0.916016	0.708984	0.00204976
0.158203	0.767578	0.000370135
0.841797	0.232422	-0.000370135
0.298828	0.849609	-0.000419563
0.701172	0.150391	0.000419564
0.412109	0.865234	-0.000789346
0.587891	0.134766	0.000789347
0.529297	0.861328	-0.000512664
0.470703	0.138672	0.000512664
0.556641	0.857422	-0.000482619
0.443359	0.142578	0.000482619
0.611328	0.845703	2.48526e-05
0.388672	0.154297	-2.48524e-05
0.673828	0.822266	0.000703106
0.326172	0.177734	-0.000703106
0.681641	0.818359	0.000899268
0.318359	0.181641	-0.000899267
0.732422	0.783203	0.00192131
0.267578	0.216797	-0.00192131
0.744141	0.771484	0.00195513
0.255859	0.228516	-0.00195513
0.810547	0.623047	0.000625353
0.189453	0.376953	-0.000625353
0.814453	0.595703	0.000642244
0.185547	0.404297	-0.000642244
0.814453	0.490234	0.000651891
0.185547	0.509766	-0.000651891
0.623047	0.240234	0.00227292
0.376953	0.759766	-0.00227292
0.416016	0.251953	0.00328876
0.583984	0.748047	-0.00328876
0.580078	0.232422	0.00211026
0.419922	0.767578	-0.00211026
0.470703	0.236328	0.00247206
0.529297	0.763672	-0.00247206
0.287109	0.0292969	-0.00304057
0.712891	0.970703	0.00304056
0.111328	0.158203	-0.00159244
0.888672	0.841797	0.00159245
0.0957031	0.212891	-0.00193448
0.904297	0.787109	0.00193448
0.103516	0.181641	-0.00174791
0.896484	0.818359	0.0017479
0.0800781	0.466797	-0.00212719
0.919922	0.533203	0.00212719
0.107422	0.662109	-0.00122074
0.892578	0.337891	0.00122074
0.119141	0.697266	-0.000826347
0.880859	0.302734	0.000826347
0.189453	0.798828	0.000486876
0.810547	0.201172	-0.000486876
0.365234	0.861328	-0.000873367
0.634766	0.138672	0.000873367
0.595703	0.849609	-0.000237293
0.404297	0.150391	0.000237293
0.478516	0.865234	-0.000797334
0.521484	0.134766	0.000797334
0.646484	0.833984	0.00018759
0.353516	0.166016	-0.00018759
0.712891	0.798828	0.00135957
0.287109	0.201172	-0.00135957
0.701172	0.806641	0.000970374
0.298828	0.193359	-0.000970373
0.736328	0.779297	0.00179888
0.263672	0.220703	-0.00179888
0.740234	0.775391	0.00181017
0.259766	0.224609	-0.00181017
0.759766	0.751953	0.00152309
0.240234	0.248047	-0.00152309
0.767578	0.740234	0.00124841
0.232422	0.259766	-0.00124841
0.806641	0.642578	0.000632581
0.193359	0.357422	-0.000632581
0.802734	0.658203	0.000631447
0.197266	0.341797	-0.000631446
0.791016	0.388672	0.00152824
0.208984	0.611328	-0.00152824
0.798828	0.412109	0.00103602
0.201172	0.587891	-0.00103602
0.748047	0.314453	0.002694
0.251953	0.685547	-0.002694
0.724609	0.291016	0.00276095
0.275391	0.708984	-0.00276095
0.658203	0.251953	0.00206916
0.341797	0.748047	-0.00206916
0.603516	0.236328	0.00181931
0.396484	0.763672	-0.00181931
0.427734	0.248047	0.00268801
0.572266	0.751953	-0.00268801
0.439453	0.244141	0.00264291
0.560547	0.755859	-0.00264291
0.498047	0.232422	0.00205206
0.501953	0.767578	-0.00205206
0.716797	0.583984	-0.00377
0.283203	0.416016	0.00377
0.720703	0.548828	-0.00384311
0.279297	0.451172	0.00384311
0.720703	0.544922	-0.00371815
0.279297	0.455078	0.00371815
0.720703	0.529297	-0.00380279
0.279297	0.470703	0.00380279
0.720703	0.541016	-0.00365184
0.279297	0.458984	0.00365184
0.720703	0.537109	-0.00364397
0.279297	0.462891	0.00364397
0.720703	0.533203	-0.00369427
0.279297	0.466797	0.00369427
0.208984	0.0527344	-0.00223578
0.791016	0.947266	0.0022358
0.0800781	0.349609	-0.00222224
0.919922	0.650391	0.00222224
0.0839844	0.525391	-0.00207864
0.916016	0.474609	0.00207864
0.0996094	0.630859	-0.00156175
0.900391	0.369141	0.00156175
0.337891	0.857422	-0.000853858
0.662109	0.142578	0.000853858
0.416016	0.865234	-0.000958039
0.583984	0.134766	0.000958039
0.474609	0.865234	-0.000964531
0.525391	0.134766	0.000964532
0.791016	0.693359	0.000641614
0.208984	0.306641	-0.000641613
0.513672	0.494141	0.00155907
0.486328	0.505859	-0.00155907
0.814453	0.591797	0.000233158
0.185547	0.408203	-0.000233158
0.810547	0.462891	0.000588897
0.189453	0.537109	-0.000588897
0.794922	0.400391	0.00105064
0.205078	0.599609	-0.00105064
0.806641	0.443359	0.00052962
0.193359	0.556641	-0.000529619
0.767578	0.341797	0.00198508
0.232422	0.658203	-0.00198508
0.759766	0.330078	0.00215819
0.240234	0.669922	-0.00215819
0.814453	0.494141	0.00024191
0.185547	0.505859	-0.00024191
0.697266	0.271484	0.00231562
0.302734	0.728516	-0.00231562
0.708984	0.279297	0.00235073
0.291016	0.720703	-0.00235073
0.634766	0.244141	0.00167672
0.365234	0.755859	-0.00167672
0.408203	0.255859	0.00282289
0.591797	0.744141	-0.00282289
0.384766	0.267578	0.0032718
0.615234	0.732422	-0.0032718
0.576172	0.232422	0.00167815
0.423828	0.767578	-0.00167815
0.455078	0.240234	0.00213332
0.544922	0.759766	-0.00213332
0.501953	0.232422	0.00162233
0.498047	0.767578	-0.00162233
0.173828	0.0722656	-0.00152631
0.826172	0.927734	0.00152632
0.107422	0.169922	-0.00190806
0.892578	0.830078	0.00190806
0.0800781	0.462891	-0.00229192
0.919922	0.537109	0.00229192
0.0957031	0.611328	-0.00180065
0.904297	0.388672	0.00180065
0.103516	0.646484	-0.00164343
0.896484	0.353516	0.00164343
0.251953	0.833984	-0.000595645
0.748047	0.166016	0.000595645
0.419922	0.865234	-0.00110531
0.580078	0.134766	0.00110532
0.525391	0.861328	-0.000969184
0.474609	0.138672	0.000969184
0.576172	0.853516	-0.000743364
0.423828	0.146484	0.000743365
0.623047	0.841797	-0.000317078
0.376953	0.158203	0.000317078
0.470703	0.865234	-0.00111017
0.529297	0.134766	0.00111017
0.634766	0.837891	-0.000272934
0.365234	0.162109	0.000272935
0.810547	0.619141	-2.32971e-05
0.189453	0.380859	2.32973e-05
0.802734	0.427734	0.000434645
0.197266	0.572266	-0.000434645
0.744141	0.310547	0.00236575
0.255859	0.689453	-0.00236575
0.728516	0.294922	0.00240807
0.271484	0.705078	-0.00240807
0.646484	0.248047	0.00160327
0.353516	0.751953	-0.00160327
0.619141	0.240234	0.00133209
0.380859	0.759766	-0.00133209
0.400391	0.259766	0.00265646
0.599609	0.740234	-0.00265646
0.392578	0.263672	0.00280239
0.607422	0.736328	-0.00280239
0.373047	0.275391	0.0029752
0.626953	0.724609	-0.0029752
0.474609	0.236328	0.00172391
0.525391	0.763672	-0.00172391
0.572266	0.232422	0.00128889
0.427734	0.767578	-0.00128889
0.689453	0.658203	-0.0033095
0.310547	0.341797	0.0033095
0.701172	0.634766	-0.00326459
0.298828	0.365234	0.00326459
0.712891	0.599609	-0.00321789
0.287109	0.400391	0.00321789
0.716797	0.580078	-0.00311364
0.283203	0.419922	0.00311364
0.716797	0.494141	-0.00360526
0.283203	0.505859	0.00360526
0.0878906	0.259766	-0.0022941
0.912109	0.740234	0.0022941
0.0800781	0.353516	-0.00238541
0.919922	0.646484	0.00238541
0.0996094	0.197266	-0.00214816
0.900391	0.802734	0.00214816
0.0878906	0.560547	-0.00211991
0.912109	0.439453	0.00211991
0.0917969	0.587891	-0.00207442
0.908203	0.412109	0.00207442
0.111328	0.673828	-0.0014655
0.888672	0.326172	0.0014655
0.115234	0.685547	-0.00134613
0.884766	0.314453	0.00134613
0.142578	0.744141	-0.00063506
0.857422	0.255859	0.00063506
0.162109	0.771484	-0.000109314
0.837891	0.228516	0.000109314
0.185547	0.794922	-2.24188e-05
0.814453	0.205078	2.24188e-05
0.212891	0.814453	-0.000318411
0.787109	0.185547	0.000318411
0.318359	0.853516	-0.00105301
0.681641	0.146484	0.00105301
0.369141	0.861328	-0.0013193
0.630859	0.138672	0.0013193
0.423828	0.865234	-0.00123105
0.576172	0.134766	0.00123105
0.552734	0.857422	-0.0011167
0.447266	0.142578	0.0011167
0.427734	0.865234	-0.00133536
0.572266	0.134766	0.00133537
0.466797	0.865234	-0.00123441
0.533203	0.134766	0.00123441
0.462891	0.865234	-0.00133756
0.537109	0.134766	0.00133756
0.716797	0.794922	0.000646111
0.283203	0.205078	-0.000646111
0.755859	0.755859	0.000780428
0.244141	0.244141	-0.000780427
0.794922	0.681641	0.000170783
0.205078	0.318359	-0.000170782
0.798828	0.669922	0.000176802
0.201172	0.330078	-0.000176802
0.787109	0.380859	0.000920547
0.212891	0.619141	-0.000920547
0.814453	0.587891	-0.000143512
0.185547	0.412109	0.000143512
0.771484	0.349609	0.00119407
0.228516	0.650391	-0.00119407
0.810547	0.466797	-5.70288e-05
0.189453	0.533203	5.70289e-05
0.814453	0.498047	-0.000135643
0.185547	0.501953	0.000135643
0.740234	0.306641	0.00217284
0.259766	0.693359	-0.00217284
0.736328	0.302734	0.00211523
0.263672	0.697266	-0.00211523
0.732422	0.298828	0.00219317
0.267578	0.701172	-0.00219317
0.689453	0.267578	0.00164952
0.310547	0.732422	-0.00164952
0.666016	0.255859	0.00151549
0.333984	0.744141	-0.00151549
0.599609	0.236328	0.00111496
0.400391	0.763672	-0.00111496
0.419922	0.251953	0.00181317
0.580078	0.748047	-0.00181317
0.357422	0.287109	0.00298591
0.642578	0.712891	-0.00298591
0.568359	0.232422	0.000942501
0.431641	0.767578	-0.000942501
0.505859	0.232422	0.00123625
0.494141	0.767578	-0.00123625
0.693359	0.650391	-0.00294184
0.306641	0.349609	0.00294184
0.697266	0.642578	-0.00292994
0.302734	0.357422	0.00292994
0.708984	0.611328	-0.00257717
0.291016	0.388672	0.00257717
0.521484	0.490234	0.00360364
0.478516	0.509766	-0.00360364
0.708984	0.462891	-0.00356183
0.291016	0.537109	0.00356183
0.716797	0.576172	-0.00251505
0.283203	0.423828	0.00251505
0.716797	0.498047	-0.00295422
0.283203	0.501953	0.00295422
0.361328	0.0175781	-0.00351287
0.638672	0.982422	0.00351287
0.193359	0.0605469	-0.00216327
0.806641	0.939453	0.00216322
0.0839844	0.294922	-0.00242116
0.916016	0.705078	0.00242116
0.0800781	0.357422	-0.00253648
0.919922	0.642578	0.00253648
0.0800781	0.458984	-0.00244532
0.919922	0.541016	0.00244532
0.150391	0.755859	-0.000559303
0.849609	0.244141	0.000559303
0.201172	0.806641	-0.000351845
0.798828	0.193359	0.000351846
0.287109	0.845703	-0.00108026
0.712891	0.154297	0.00108026
0.431641	0.865234	-0.00141857
0.568359	0.134766	0.00141857
0.435547	0.865234	-0.00148095
0.564453	0.134766	0.00148095
0.458984	0.865234	-0.00141997
0.541016	0.134766	0.00141997
0.455078	0.865234	-0.00148184
0.544922	0.134766	0.00148184
0.654297	0.830078	-0.000463871
0.345703	0.169922	0.000463872
0.693359	0.810547	4.05233e-05
0.306641	0.189453	-4.05231e-05
0.771484	0.732422	0.000418139
0.228516	0.267578	-0.000418139
0.787109	0.701172	5.13385e-05
0.212891	0.298828	-5.13383e-05
0.806641	0.638672	-0.000204091
0.193359	0.361328	0.000204091
0.783203	0.373047	0.00057256
0.216797	0.626953	-0.00057256
0.814453	0.583984	-0.00048783
0.185547	0.416016	0.00048783
0.755859	0.326172	0.00136235
0.244141	0.673828	-0.00136235
0.712891	0.283203	0.00152028
0.287109	0.716797	-0.00152028
0.681641	0.263672	0.00130072
0.318359	0.736328	-0.00130072
0.673828	0.259766	0.00125747
0.326172	0.740234	-0.00125747
0.443359	0.244141	0.00149698
0.556641	0.755859	-0.00149698
0.458984	0.240234	0.00119116
0.541016	0.759766	-0.00119116
0.431641	0.248047	0.00138087
0.568359	0.751953	-0.00138087
0.478516	0.236328	0.00102095
0.521484	0.763672	-0.00102095
0.669922	0.685547	-0.002927
0.330078	0.314453	0.00292699
0.564453	0.232422	0.000639156
0.435547	0.767578	-0.000639156
0.681641	0.669922	-0.00293388
0.318359	0.330078	0.00293388
0.509766	0.232422	0.000893819
0.490234	0.767578	-0.000893819
0.705078	0.623047	-0.00258783
0.294922	0.376953	0.00258783
0.712891	0.595703	-0.00231679
0.287109	0.404297	0.00231679
0.712891	0.478516	-0.00303047
0.287109	0.521484	0.00303047
0.201172	0.0566406	-0.00237386
0.798828	0.943359	0.00237383
0.0800781	0.455078	-0.00258735
0.919922	0.544922	0.00258735
0.0839844	0.521484	-0.00243169
0.916016	0.478516	0.00243169
0.123047	0.705078	-0.00143503
0.876953	0.294922	0.00143503
0.302734	0.849609	-0.00136662
0.697266	0.150391	0.00136662
0.341797	0.857422	-0.0014844
0.658203	0.142578	0.0014844
0.521484	0.861328	-0.00140226
0.478516	0.138672	0.00140226
0.591797	0.849609	-0.00116535
0.408203	0.150391	0.00116535
0.607422	0.845703	-0.00103882
0.392578	0.154297	0.00103882
0.439453	0.865234	-0.00152264
0.560547	0.134766	0.00152264
0.443359	0.865234	-0.00154359
0.556641	0.134766	0.00154359
0.451172	0.865234	-0.00152314
0.548828	0.134766	0.00152314
0.447266	0.865234	-0.00154375
0.552734	0.134766	0.00154375
0.802734	0.654297	-0.0003674
0.197266	0.345703	0.0003674
0.810547	0.615234	-0.000637704
0.189453	0.384766	0.000637704
0.798828	0.416016	-0.000119218
0.201172	0.583984	0.000119218
0.806641	0.447266	-0.000300258
0.193359	0.552734	0.000300258
0.791016	0.392578	9.75066e-05
0.208984	0.607422	-9.75065e-05
0.779297	0.365234	0.000496058
0.220703	0.634766	-0.000496058
0.775391	0.357422	0.000700292
0.224609	0.642578	-0.000700292
0.763672	0.337891	0.000871882
0.236328	0.662109	-0.000871882
0.814453	0.501953	-0.000480917
0.185547	0.498047	0.000480917
0.701172	0.275391	0.00115285
0.298828	0.724609	-0.00115285
0.630859	0.244141	0.000581278
0.369141	0.755859	-0.000581278
0.595703	0.236328	0.000455777
0.404297	0.763672	-0.000455777
0.380859	0.271484	0.00197099
0.619141	0.728516	-0.00197099
0.353516	0.291016	0.00253333
0.646484	0.708984	-0.00253333
0.513672	0.232422	0.000595122
0.486328	0.767578	-0.000595122
0.560547	0.232422	0.000379027
0.439453	0.767578	-0.000379027
0.701172	0.443359	-0.00317382
0.298828	0.556641	0.00317382
0.716797	0.572266	-0.00197501
0.283203	0.427734	0.00197501
0.716797	0.501953	-0.00236414
0.283203	0.498047	0.00236414
0.138672	0.107422	-0.00165927
0.861328	0.892578	0.00165922
0.130859	0.119141	-0.00181184
0.869141	0.880859	0.00181183
0.0800781	0.361328	-0.0026754
0.919922	0.638672	0.0026754
0.166016	0.775391	-0.000449044
0.833984	0.224609	0.000449044
0.181641	0.791016	-0.000391977
0.818359	0.208984	0.000391977
0.220703	0.818359	-0.000955718
0.779297	0.181641	0.000955718
0.244141	0.830078	-0.00109458
0.755859	0.169922	0.00109458
0.263672	0.837891	-0.0012017
0.736328	0.162109	0.0012017
0.275391	0.841797	-0.00135326
0.724609	0.158203	0.00135326
0.373047	0.861328	-0.00174054
0.626953	0.138672	0.00174054
0.705078	0.802734	-5.85437e-05
0.294922	0.197266	5.85439e-05
0.720703	0.791016	6.01501e-05
0.279297	0.208984	-6.015e-05
0.751953	0.759766	0.00016683
0.248047	0.240234	-0.00016683
0.763672	0.744141	0.000180081
0.236328	0.255859	-0.000180081
0.775391	0.724609	-0.000105359
0.224609	0.275391	0.00010536
0.783203	0.708984	-0.000278433
0.216797	0.291016	0.000278433
0.794922	0.404297	-0.00023915
0.205078	0.595703	0.00023915
0.814453	0.580078	-0.000799903
0.185547	0.419922	0.000799903
0.810547	0.470703	-0.000668475
0.189453	0.529297	0.000668475
0.814453	0.505859	-0.000794192
0.185547	0.494141	0.000794192
0.654297	0.251953	0.000651193
0.345703	0.748047	-0.000651193
0.642578	0.248047	0.000347892
0.357422	0.751953	-0.000347892
0.615234	0.240234	0.000436614
0.384766	0.759766	-0.000436614
0.412109	0.255859	0.00122646
0.587891	0.744141	-0.00122646
0.369141	0.279297	0.00201701
0.630859	0.720703	-0.00201701
0.666016	0.689453	-0.00248656
0.333984	0.310547	0.00248656
0.349609	0.294922	0.00222509
0.650391	0.705078	-0.00222509
0.482422	0.236328	0.000363101
0.517578	0.763672	-0.000363101
0.517578	0.232422	0.000340135
0.482422	0.767578	-0.000340136
0.556641	0.232422	0.000162127
0.443359	0.767578	-0.000162127
0.685547	0.662109	-0.00198007
0.314453	0.337891	0.00198007
0.701172	0.630859	-0.00177104
0.298828	0.369141	0.00177104
0.708984	0.607422	-0.00148019
0.291016	0.392578	0.00148019
0.712891	0.591797	-0.00147379
0.287109	0.408203	0.00147379
0.693359	0.427734	-0.00301106
0.306641	0.572266	0.00301106
0.697266	0.435547	-0.00290409
0.302734	0.564453	0.00290409
0.708984	0.466797	-0.0023882
0.291016	0.533203	0.0023882
0.705078	0.455078	-0.00242719
0.294922	0.544922	0.00242719
0.712891	0.482422	-0.00212307
0.287109	0.517578	0.00212307
0.716797	0.568359	-0.00149376
0.283203	0.431641	0.00149376
0.716797	0.505859	-0.00183439
0.283203	0.494141	0.00183439
0.474609	0.509766	-0.00296683
0.525391	0.490234	0.00296683
0.564453	0.337891	-0.00359912
0.435547	0.662109	0.00359912
0.0917969	0.236328	-0.00257185
0.908203	0.763672	0.00257185
0.0800781	0.451172	-0.002718
0.919922	0.548828	0.002718
0.490234	0.501953	0.0011181
0.509766	0.498047	-0.0011181
0.138672	0.736328	-0.00135922
0.861328	0.263672	0.00135922
0.169922	0.779297	-0.000649491
0.830078	0.220703	0.000649491
0.177734	0.787109	-0.000620864
0.822266	0.212891	0.000620864
0.572266	0.853516	-0.00151698
0.427734	0.146484	0.00151698
0.517578	0.861328	-0.00181217
0.482422	0.138672	0.00181217
0.548828	0.857422	-0.00172492
0.451172	0.142578	0.00172492
0.662109	0.826172	-0.000881984
0.337891	0.173828	0.000881984
0.685547	0.814453	-0.000600253
0.314453	0.185547	0.000600253
0.779297	0.716797	-0.000333777
0.220703	0.283203	0.000333777
0.806641	0.634766	-0.00100341
0.193359	0.365234	0.00100341
0.802734	0.431641	-0.000552341
0.197266	0.568359	0.000552341
0.814453	0.576172	-0.00108005
0.185547	0.423828	0.00108005
0.751953	0.322266	0.000695574
0.248047	0.677734	-0.000695574
0.814453	0.509766	-0.00107563
0.185547	0.490234	0.00107563
0.716797	0.287109	0.00082049
0.283203	0.712891	-0.00082049
0.388672	0.267578	0.00129939
0.611328	0.732422	-0.0012994
0.404297	0.259766	0.000937159
0.595703	0.740234	-0.000937159
0.396484	0.263672	0.000957078
0.603516	0.736328	-0.000957078
0.662109	0.693359	-0.00219536
0.337891	0.306641	0.00219536
0.517578	0.494141	0.000597368
0.482422	0.505859	-0.000597368
0.591797	0.236328	-0.00015856
0.408203	0.763672	0.00015856
0.447266	0.244141	0.000399222
0.552734	0.755859	-0.000399222
0.462891	0.240234	0.000296073
0.537109	0.759766	-0.000296073
0.654297	0.701172	-0.00206445
0.345703	0.298828	0.00206445
0.658203	0.697266	-0.00205438
0.341797	0.302734	0.00205438
0.677734	0.673828	-0.00196823
0.322266	0.326172	0.00196823
0.552734	0.232422	-1.1698e-05
0.447266	0.767578	1.16978e-05
0.521484	0.232422	0.000128741
0.478516	0.767578	-0.000128742
0.548828	0.232422	-0.000142716
0.451172	0.767578	0.000142716
0.525391	0.232422	-3.90995e-05
0.474609	0.767578	3.90994e-05
0.705078	0.619141	-0.00129323
0.294922	0.380859	0.00129323
0.716797	0.564453	-0.00107114
0.283203	0.435547	0.00107114
0.716797	0.509766	-0.00136454
0.283203	0.490234	0.00136454
0.630859	0.361328	-0.00312874
0.369141	0.638672	0.00312874
0.607422	0.349609	-0.0031195
0.392578	0.650391	0.0031195
0.583984	0.341797	-0.0033255
0.416016	0.658203	0.0033255
0.560547	0.337891	-0.0031543
0.439453	0.662109	0.0031543
0.521484	0.337891	-0.00354119
0.478516	0.662109	0.00354119
0.115234	0.150391	-0.00227508
0.884766	0.849609	0.0022751
0.0839844	0.298828	-0.00277664
0.916016	0.701172	0.00277664
0.0800781	0.365234	-0.002802
0.919922	0.634766	0.002802
0.0800781	0.447266	-0.00283738
0.919922	0.552734	0.00283738
0.0839844	0.517578	-0.00277063
0.916016	0.482422	0.00277063
0.0878906	0.556641	-0.00260824
0.912109	0.443359	0.00260824
0.0996094	0.626953	-0.00242515
0.900391	0.373047	0.00242515
0.126953	0.712891	-0.00180889
0.873047	0.287109	0.00180889
0.173828	0.783203	-0.000707473
0.826172	0.216797	0.000707473
0.228516	0.822266	-0.0012887
0.771484	0.177734	0.0012887
0.236328	0.826172	-0.00133041
0.763672	0.173828	0.00133041
0.322266	0.853516	-0.00183469
0.677734	0.146484	0.00183469
0.619141	0.841797	-0.00149186
0.380859	0.158203	0.00149186
0.642578	0.833984	-0.00123354
0.357422	0.166016	0.00123354
0.669922	0.822266	-0.00105244
0.330078	0.177734	0.00105244
0.677734	0.818359	-0.000961823
0.322266	0.181641	0.000961823
0.791016	0.689453	-0.000771662
0.208984	0.310547	0.000771663
0.798828	0.666016	-0.000953587
0.201172	0.333984	0.000953588
0.810547	0.611328	-0.00121845
0.189453	0.388672	0.00121845
0.814453	0.572266	-0.00132872
0.185547	0.427734	0.00132872
0.693359	0.271484	0.000284778
0.306641	0.728516	-0.000284778
0.662109	0.255859	-2.29419e-05
0.337891	0.744141	2.29419e-05
0.423828	0.251953	0.000388016
0.576172	0.748047	-0.000388016
0.435547	0.248047	0.000122979
0.564453	0.751953	-0.000122979
0.365234	0.283203	0.00119917
0.634766	0.716797	-0.00119917
0.689453	0.654297	-0.00139043
0.310547	0.345703	0.00139043
0.486328	0.236328	-0.000249708
0.513672	0.763672	0.000249708
0.544922	0.232422	-0.000231264
0.455078	0.767578	0.000231264
0.529297	0.232422	-0.000163358
0.470703	0.767578	0.000163358
0.541016	0.232422	-0.000277684
0.458984	0.767578	0.000277684
0.693359	0.646484	-0.0011652
0.306641	0.353516	0.0011652
0.697266	0.638672	-0.00129454
0.302734	0.361328	0.00129454
0.533203	0.232422	-0.00024419
0.466797	0.767578	0.00024419
0.537109	0.232422	-0.000282095
0.462891	0.767578	0.000282095
0.685547	0.416016	-0.0022665
0.314453	0.583984	0.0022665
0.677734	0.404297	-0.00258945
0.322266	0.595703	0.00258945
0.701172	0.447266	-0.00164207
0.298828	0.552734	0.00164207
0.708984	0.470703	-0.00127736
0.291016	0.529297	0.00127736
0.712891	0.486328	-0.00127677
0.287109	0.513672	0.00127677
0.642578	0.369141	-0.00308076
0.357422	0.630859	0.00308076
0.716797	0.560547	-0.000706864
0.283203	0.439453	0.000706864
0.716797	0.513672	-0.000954648
0.283203	0.486328	0.000954648
0.623047	0.357422	-0.00267403
0.376953	0.642578	0.00267403
0.615234	0.353516	-0.00267024
0.384766	0.646484	0.00267024
0.595703	0.345703	-0.00277939
0.404297	0.654297	0.00277939
0.470703	0.509766	-0.00251859
0.529297	0.490234	0.00251859
0.580078	0.341797	-0.00244203
0.419922	0.658203	0.00244203
0.556641	0.337891	-0.00279566
0.443359	0.662109	0.00279566
0.501953	0.341797	-0.00332891
0.498047	0.658203	0.00332891
0.552734	0.337891	-0.00252378
0.447266	0.662109	0.00252378
0.525391	0.337891	-0.00309887
0.474609	0.662109	0.00309887
0.529297	0.337891	-0.00274758
0.470703	0.662109	0.00274758
0.0878906	0.263672	-0.00280998
0.912109	0.736328	0.00280998
0.0957031	0.216797	-0.00274398
0.904297	0.783203	0.00274398
0.0800781	0.369141	-0.00291615
0.919922	0.630859	0.00291615
0.0917969	0.583984	-0.00268876
0.908203	0.416016	0.00268876
0.0957031	0.607422	-0.00254266
0.904297	0.392578	0.00254266
0.107422	0.658203	-0.00231819
0.892578	0.341797	0.00231819
0.134766	0.728516	-0.00178559
0.865234	0.271484	0.00178559
0.197266	0.802734	-0.0012093
0.802734	0.197266	0.0012093
0.345703	0.857422	-0.00208755
0.654297	0.142578	0.00208755
0.376953	0.861328	-0.00213729
0.623047	0.138672	0.00213729
0.630859	0.837891	-0.00156778
0.369141	0.162109	0.00156778
0.724609	0.787109	-0.000395765
0.275391	0.212891	0.000395766
0.748047	0.763672	-0.000316434
0.251953	0.236328	0.000316434
0.794922	0.677734	-0.00109752
0.205078	0.322266	0.00109752
0.802734	0.650391	-0.00132793
0.197266	0.349609	0.00132793
0.806641	0.451172	-0.00109395
0.193359	0.548828	0.00109395
0.787109	0.384766	-0.000614223
0.212891	0.615234	0.000614223
0.767578	0.345703	-0.000108461
0.232422	0.654297	0.000108461
0.810547	0.474609	-0.0012459
0.189453	0.525391	0.0012459
0.759766	0.333984	-0.000119931
0.240234	0.666016	0.000119931
0.814453	0.513672	-0.00132515
0.185547	0.486328	0.00132515
0.814453	0.568359	-0.00154631
0.185547	0.431641	0.00154631
0.748047	0.318359	0.000161386
0.251953	0.681641	-0.000161386
0.720703	0.291016	0.00025458
0.279297	0.708984	-0.00025458
0.705078	0.279297	0.000116477
0.294922	0.720703	-0.000116477
0.626953	0.244141	-0.000467137
0.373047	0.755859	0.000467136
0.611328	0.240234	-0.000413897
0.388672	0.759766	0.000413896
0.376953	0.275391	0.00079879
0.623047	0.724609	-0.00079879
0.673828	0.677734	-0.00114703
0.326172	0.322266	0.00114703
0.708984	0.603516	-0.000442553
0.291016	0.396484	0.000442553
0.712891	0.587891	-0.000688682
0.287109	0.412109	0.000688682
0.705078	0.458984	-0.00110789
0.294922	0.541016	0.00110789
0.716797	0.556641	-0.000400935
0.283203	0.443359	0.000400935
0.646484	0.373047	-0.00230245
0.353516	0.626953	0.00230245
0.716797	0.517578	-0.000605
0.283203	0.482422	0.000605
0.478516	0.349609	-0.00353692
0.521484	0.650391	0.00353692
0.470703	0.353516	-0.00337787
0.529297	0.646484	0.00337787
0.490234	0.345703	-0.00292343
0.509766	0.654297	0.00292343
0.548828	0.337891	-0.00233911
0.451172	0.662109	0.00233911
0.533203	0.337891	-0.00248686
0.466797	0.662109	0.00248686
0.544922	0.337891	-0.00224239
0.455078	0.662109	0.00224239
0.541016	0.337891	-0.0022345
0.458984	0.662109	0.0022345
0.537109	0.337891	-0.00231595
0.462891	0.662109	0.00231595
0.333984	0.0214844	-0.00358399
0.666016	0.978516	0.00358399
0.255859	0.0371094	-0.00326527
0.744141	0.962891	0.00326528
0.0800781	0.373047	-0.00301797
0.919922	0.626953	0.00301797
0.0800781	0.443359	-0.00294564
0.919922	0.556641	0.00294564
0.119141	0.693359	-0.00226378
0.880859	0.306641	0.00226378
0.130859	0.720703	-0.00193134
0.869141	0.279297	0.00193134
0.154297	0.759766	-0.00138556
0.845703	0.240234	0.00138556
0.208984	0.810547	-0.00150671
0.791016	0.189453	0.00150671
0.513672	0.861328	-0.00219907
0.486328	0.138672	0.00219907
0.587891	0.849609	-0.0020627
0.412109	0.150391	0.0020627
0.708984	0.798828	-0.000966433
0.291016	0.201172	0.000966433
0.759766	0.748047	-0.000764465
0.240234	0.251953	0.000764465
0.767578	0.736328	-0.000844508
0.232422	0.263672	0.000844508
0.798828	0.419922	-0.0012344
0.201172	0.580078	0.0012344
0.814453	0.517578	-0.00154273
0.185547	0.482422	0.00154273
0.814453	0.564453	-0.00173291
0.185547	0.435547	0.00173291
0.814453	0.521484	-0.00172865
0.185547	0.478516	0.00172865
0.685547	0.267578	-0.00025619
0.314453	0.732422	0.000256189
0.669922	0.259766	-0.000403849
0.330078	0.740234	0.000403849
0.677734	0.263672	-0.000482582
0.322266	0.736328	0.000482582
0.650391	0.251953	-0.000719055
0.349609	0.748047	0.000719055
0.587891	0.236328	-0.000728476
0.412109	0.763672	0.000728476
0.416016	0.255859	-0.000319878
0.583984	0.744141	0.000319878
0.361328	0.287109	0.000524705
0.638672	0.712891	-0.000524706
0.466797	0.240234	-0.000552368
0.533203	0.759766	0.000552368
0.451172	0.244141	-0.000650345
0.548828	0.755859	0.000650345
0.681641	0.666016	-0.000786917
0.318359	0.333984	0.000786916
0.490234	0.236328	-0.000817564
0.509766	0.763672	0.000817563
0.701172	0.626953	-0.000334592
0.298828	0.373047	0.000334592
0.689453	0.423828	-0.00152024
0.310547	0.576172	0.00152024
0.697266	0.439453	-0.00122151
0.302734	0.560547	0.00122151
0.693359	0.431641	-0.00117579
0.306641	0.568359	0.00117579
0.673828	0.400391	-0.00193024
0.326172	0.599609	0.00193024
0.712891	0.490234	-0.000491646
0.287109	0.509766	0.000491646
0.716797	0.552734	-0.000153721
0.283203	0.447266	0.000153721
0.634766	0.365234	-0.0018948
0.365234	0.634766	0.0018948
0.716797	0.548828	3.42471e-05
0.283203	0.451172	-3.42473e-05
0.716797	0.521484	-0.000315834
0.283203	0.478516	0.000315834
0.716797	0.525391	-8.71172e-05
0.283203	0.474609	8.71171e-05
0.603516	0.349609	-0.00170062
0.396484	0.650391	0.00170062
0.591797	0.345703	-0.00162666
0.408203	0.654297	0.00162666
0.576172	0.341797	-0.00164191
0.423828	0.658203	0.00164191
0.505859	0.341797	-0.00241543
0.494141	0.658203	0.00241543
0.466797	0.509766	-0.00228513
0.533203	0.490234	0.00228513
0.103516	0.185547	-0.00283969
0.896484	0.814453	0.00283968
0.0800781	0.376953	-0.00310791
0.919922	0.623047	0.00310791
0.0800781	0.439453	-0.00304302
0.919922	0.560547	0.00304302
0.103516	0.642578	-0.00261658
0.896484	0.357422	0.00261658
0.146484	0.748047	-0.00178822
0.853516	0.251953	0.00178822
0.255859	0.833984	-0.00204775
0.744141	0.166016	0.00204775
0.291016	0.845703	-0.00214029
0.708984	0.154297	0.0021403
0.306641	0.849609	-0.00227964
0.693359	0.150391	0.00227964
0.544922	0.857422	-0.00230749
0.455078	0.142578	0.00230749
0.568359	0.853516	-0.00226277
0.431641	0.146484	0.00226277
0.603516	0.845703	-0.00206994
0.396484	0.154297	0.00206994
0.697266	0.806641	-0.00117506
0.302734	0.193359	0.00117506
0.728516	0.783203	-0.000719686
0.271484	0.216797	0.000719686
0.744141	0.767578	-0.000667267
0.255859	0.232422	0.000667267
0.787109	0.697266	-0.0014673
0.212891	0.302734	0.0014673
0.806641	0.630859	-0.0017657
0.193359	0.369141	0.0017657
0.810547	0.607422	-0.00176566
0.189453	0.392578	0.00176566
0.802734	0.435547	-0.00150125
0.197266	0.564453	0.00150125
0.791016	0.396484	-0.00129071
0.208984	0.603516	0.00129071
0.783203	0.376953	-0.00107026
0.216797	0.623047	0.00107026
0.794922	0.408203	-0.00148812
0.205078	0.591797	0.00148812
0.771484	0.353516	-0.000785135
0.228516	0.646484	0.000785135
0.810547	0.478516	-0.00178975
0.189453	0.521484	0.00178975
0.744141	0.314453	-0.000237679
0.255859	0.685547	0.000237679
0.814453	0.560547	-0.00188838
0.185547	0.439453	0.00188838
0.814453	0.525391	-0.00188351
0.185547	0.474609	0.00188351
0.724609	0.294922	-0.000174314
0.275391	0.705078	0.000174314
0.638672	0.248047	-0.00086043
0.361328	0.751953	0.00086043
0.607422	0.240234	-0.00121935
0.392578	0.759766	0.00121935
0.384766	0.271484	-7.93336e-05
0.615234	0.728516	7.93334e-05
0.583984	0.236328	-0.00125427
0.416016	0.763672	0.00125427
0.669922	0.681641	-0.000473668
0.330078	0.318359	0.000473668
0.705078	0.615234	-5.64294e-05
0.294922	0.384766	5.64293e-05
0.521484	0.494141	-0.000231906
0.478516	0.505859	0.000231907
0.712891	0.583984	3.84942e-05
0.287109	0.416016	-3.84943e-05
0.681641	0.412109	-0.00117984
0.318359	0.587891	0.00117984
0.669922	0.396484	-0.00144377
0.330078	0.603516	0.00144377
0.708984	0.474609	-0.000229646
0.291016	0.525391	0.000229646
0.650391	0.376953	-0.00170355
0.349609	0.623047	0.00170355
0.716797	0.544922	0.00016258
0.283203	0.455078	-0.00016258
0.626953	0.361328	-0.00116123
0.373047	0.638672	0.00116123
0.716797	0.529297	8.15126e-05
0.283203	0.470703	-8.15127e-05
0.716797	0.541016	0.000231244
0.283203	0.458984	-0.000231244
0.716797	0.533203	0.000190588
0.283203	0.466797	-0.000190589
0.716797	0.537109	0.000240492
0.283203	0.462891	-0.000240492
0.611328	0.353516	-0.00106507
0.388672	0.646484	0.00106507
0.572266	0.341797	-0.000926239
0.427734	0.658203	0.000926239
0.458984	0.361328	-0.00255645
0.541016	0.638672	0.00255645
0.482422	0.349609	-0.00201322
0.517578	0.650391	0.00201322
0.494141	0.345703	-0.00170825
0.505859	0.654297	0.00170825
0.509766	0.341797	-0.00159374
0.490234	0.658203	0.00159374
0.462891	0.509766	-0.00229006
0.537109	0.490234	0.00229006
0.458984	0.509766	-0.00255232
0.541016	0.490234	0.00255232
0.591797	0.556641	0.0038045
0.408203	0.443359	-0.0038045
0.455078	0.509766	-0.00308454
0.544922	0.490234	0.00308454
0.591797	0.552734	0.00375048
0.408203	0.447266	-0.00375048
0.591797	0.548828	0.0038752
0.408203	0.451172	-0.0038752
0.271484	0.0332031	-0.00340514
0.728516	0.966797	0.00340513
0.169922	0.0761719	-0.00228564
0.830078	0.923828	0.00228568
0.126953	0.126953	-0.00245979
0.873047	0.873047	0.0024598
0.119141	0.142578	-0.00266465
0.880859	0.857422	0.00266467
0.0839844	0.302734	-0.0031166
0.916016	0.697266	0.0031166
0.0800781	0.380859	-0.00318651
0.919922	0.619141	0.00318651
0.0800781	0.435547	-0.00312978
0.919922	0.564453	0.00312978
0.0839844	0.513672	-0.00309579
0.916016	0.486328	0.00309579
0.0878906	0.552734	-0.00308029
0.912109	0.447266	0.00308029
0.111328	0.669922	-0.00266718
0.888672	0.330078	0.00266718
0.380859	0.861328	-0.00250973
0.619141	0.138672	0.00250973
0.509766	0.861328	-0.00256317
0.490234	0.138672	0.00256317
0.650391	0.830078	-0.00197829
0.349609	0.169922	0.00197829
0.732422	0.779297	-0.000909557
0.267578	0.220703	0.000909557
0.740234	0.771484	-0.000883361
0.259766	0.228516	0.000883361
0.806641	0.455078	-0.00185164
0.193359	0.544922	0.00185164
0.779297	0.369141	-0.00125735
0.220703	0.630859	0.00125735
0.775391	0.361328	-0.00116539
0.224609	0.638672	0.00116539
0.814453	0.556641	-0.00201251
0.185547	0.443359	0.00201251
0.740234	0.310547	-0.000500053
0.259766	0.689453	0.000500053
0.814453	0.552734	-0.00210527
0.185547	0.447266	0.00210527
0.814453	0.529297	-0.00200775
0.185547	0.470703	0.00200775
0.728516	0.298828	-0.000463684
0.271484	0.701172	0.000463684
0.814453	0.548828	-0.00216678
0.185547	0.451172	0.00216678
0.814453	0.533203	-0.00210147
0.185547	0.466797	0.00210147
0.708984	0.283203	-0.000791059
0.291016	0.716797	0.000791059
0.814453	0.537109	-0.00216443
0.185547	0.462891	0.00216443
0.408203	0.259766	-0.000731957
0.591797	0.740234	0.000731957
0.427734	0.251953	-0.000986671
0.572266	0.748047	0.000986671
0.392578	0.267578	-0.000623687
0.607422	0.732422	0.000623687
0.373047	0.279297	-0.000239703
0.626953	0.720703	0.000239703
0.439453	0.248047	-0.00108601
0.560547	0.751953	0.00108601
0.357422	0.291016	-5.148e-06
0.642578	0.708984	5.14783e-06
0.470703	0.240234	-0.00135455
0.529297	0.759766	0.00135455
0.494141	0.236328	-0.00134049
0.505859	0.763672	0.00134049
0.685547	0.658203	2.81354e-05
0.314453	0.341797	-2.81356e-05
0.697266	0.634766	0.000284767
0.302734	0.365234	-0.000284767
0.708984	0.599609	0.000535322
0.291016	0.400391	-0.000535322
0.701172	0.451172	-0.000172949
0.298828	0.548828	0.000172949
0.712891	0.580078	0.000707273
0.287109	0.419922	-0.000707273
0.705078	0.462891	0.000148599
0.294922	0.537109	-0.000148599
0.666016	0.392578	-0.00113378
0.333984	0.607422	0.00113378
0.654297	0.380859	-0.00128687
0.345703	0.619141	0.00128687
0.712891	0.494141	0.000231621
0.287109	0.505859	-0.000231621
0.658203	0.384766	-0.00105357
0.341797	0.615234	0.00105357
0.638672	0.369141	-0.000834168
0.361328	0.630859	0.000834168
0.619141	0.357422	-0.000884543
0.380859	0.642578	0.000884543
0.587891	0.345703	-0.000554568
0.412109	0.654297	0.000554569
0.466797	0.357422	-0.00180729
0.533203	0.642578	0.00180729
0.474609	0.353516	-0.00163243
0.525391	0.646484	0.00163243
0.513672	0.341797	-0.0008643
0.486328	0.658203	0.0008643
0.576172	0.603516	0.00291603
0.423828	0.396484	-0.00291603
0.580078	0.595703	0.00249082
0.419922	0.404297	-0.00249082
0.583984	0.587891	0.00280736
0.416016	0.412109	-0.00280736
0.587891	0.576172	0.00282271
0.412109	0.423828	-0.00282271
0.587891	0.529297	0.00355478
0.412109	0.470703	-0.00355478
0.0996094	0.201172	-0.00308625
0.900391	0.798828	0.00308625
0.0800781	0.384766	-0.00325408
0.919922	0.615234	0.00325408
0.0800781	0.431641	-0.003206
0.919922	0.568359	0.003206
0.0800781	0.427734	-0.00327144
0.919922	0.572266	0.00327144
0.115234	0.681641	-0.00266087
0.884766	0.318359	0.00266087
0.279297	0.841797	-0.00253505
0.720703	0.158203	0.00253505
0.326172	0.853516	-0.00258535
0.673828	0.146484	0.00258535
0.349609	0.857422	-0.00266337
0.650391	0.142578	0.00266337
0.736328	0.775391	-0.000964147
0.263672	0.224609	0.000964147
0.771484	0.728516	-0.00155469
0.228516	0.271484	0.00155469
0.783203	0.705078	-0.00190563
0.216797	0.294922	0.00190563
0.798828	0.662109	-0.0020429
0.201172	0.337891	0.0020429
0.810547	0.603516	-0.00227889
0.189453	0.396484	0.00227889
0.755859	0.330078	-0.000987434
0.244141	0.669922	0.000987434
0.763672	0.341797	-0.00129328
0.236328	0.658203	0.00129328
0.736328	0.306641	-0.000625292
0.263672	0.693359	0.000625292
0.732422	0.302734	-0.00061347
0.267578	0.697266	0.00061347
0.814453	0.544922	-0.00219714
0.185547	0.455078	0.00219714
0.814453	0.541016	-0.00219636
0.185547	0.458984	0.00219636
0.697266	0.275391	-0.000957402
0.302734	0.724609	0.000957402
0.658203	0.255859	-0.00151153
0.341797	0.744141	0.00151153
0.623047	0.244141	-0.0014682
0.376953	0.755859	0.0014682
0.400391	0.263672	-0.000837858
0.599609	0.736328	0.000837858
0.580078	0.236328	-0.00173608
0.419922	0.763672	0.00173608
0.666016	0.685547	5.00359e-05
0.333984	0.314453	-5.00361e-05
0.677734	0.669922	0.000265844
0.322266	0.330078	-0.000265844
0.689453	0.650391	0.000474445
0.310547	0.349609	-0.000474445
0.693359	0.642578	0.000556514
0.306641	0.357422	-0.000556514
0.685547	0.419922	-0.000181087
0.314453	0.580078	0.000181087
0.662109	0.388672	-0.00100298
0.337891	0.611328	0.00100298
0.677734	0.408203	-0.000256364
0.322266	0.591797	0.000256364
0.697266	0.443359	0.000399661
0.302734	0.556641	-0.000399661
0.708984	0.478516	0.000754874
0.291016	0.521484	-0.000754874
0.712891	0.498047	0.000892462
0.287109	0.501953	-0.000892462
0.599609	0.349609	-0.000358619
0.400391	0.650391	0.000358619
0.568359	0.341797	-0.000295906
0.431641	0.658203	0.000295906
0.455078	0.365234	-0.00156646
0.544922	0.634766	0.00156646
0.498047	0.345703	-0.000585483
0.501953	0.654297	0.000585483
0.486328	0.349609	-0.000580592
0.513672	0.650391	0.000580592
0.517578	0.341797	-0.000227026
0.482422	0.658203	0.000227026
0.587891	0.572266	0.00191495
0.412109	0.427734	-0.00191495
0.580078	0.513672	0.00321272
0.419922	0.486328	-0.00321272
0.583984	0.521484	0.00280265
0.416016	0.478516	-0.00280265
0.564453	0.498047	0.00302883
0.435547	0.501953	-0.00302883
0.556641	0.494141	0.00271026
0.443359	0.505859	-0.00271026
0.587891	0.533203	0.00244925
0.412109	0.466797	-0.00244925
0.142578	0.103516	-0.00238053
0.857422	0.896484	0.00238049
0.123047	0.134766	-0.00273557
0.876953	0.865234	0.0027356
0.0917969	0.240234	-0.00321836
0.908203	0.759766	0.00321836
0.111328	0.162109	-0.00296293
0.888672	0.837891	0.00296294
0.0878906	0.267578	-0.0033053
0.912109	0.732422	0.0033053
0.0800781	0.388672	-0.00331066
0.919922	0.611328	0.00331066
0.0800781	0.392578	-0.00335621
0.919922	0.607422	0.00335621
0.0800781	0.423828	-0.00332568
0.919922	0.576172	0.00332568
0.193359	0.798828	-0.00193284
0.806641	0.201172	0.00193284
0.267578	0.837891	-0.00251381
0.732422	0.162109	0.00251381
0.384766	0.861328	-0.00285814
0.615234	0.138672	0.00285814
0.541016	0.857422	-0.0028646
0.458984	0.142578	0.0028646
0.505859	0.861328	-0.00290478
0.494141	0.138672	0.00290478
0.615234	0.841797	-0.00263241
0.384766	0.158203	0.00263241
0.689453	0.810547	-0.00199454
0.310547	0.189453	0.00199454
0.712891	0.794922	-0.00175012
0.287109	0.205078	0.00175012
0.755859	0.751953	-0.00158186
0.244141	0.248047	0.00158186
0.775391	0.720703	-0.00195997
0.224609	0.279297	0.00195997
0.779297	0.712891	-0.00207373
0.220703	0.287109	0.00207373
0.791016	0.685547	-0.00214077
0.208984	0.314453	0.00214077
0.794922	0.673828	-0.00232276
0.205078	0.326172	0.00232276
0.802734	0.646484	-0.00224956
0.197266	0.353516	0.00224956
0.513672	0.498047	-0.00220828
0.486328	0.501953	0.00220828
0.806641	0.626953	-0.00249107
0.193359	0.373047	0.00249108
0.798828	0.423828	-0.00230979
0.201172	0.576172	0.00230979
0.810547	0.482422	-0.00230039
0.189453	0.517578	0.00230039
0.603516	0.240234	-0.00197901
0.396484	0.759766	0.00197901
0.455078	0.244141	-0.00165173
0.544922	0.755859	0.00165173
0.353516	0.294922	-0.00038967
0.646484	0.705078	0.00038967
0.662109	0.689453	0.000422831
0.337891	0.310547	-0.000422831
0.498047	0.236328	-0.00181856
0.501953	0.763672	0.00181856
0.349609	0.298828	-0.000626351
0.650391	0.701172	0.000626351
0.701172	0.623047	0.00104284
0.298828	0.376953	-0.00104284
0.705078	0.611328	0.00112101
0.294922	0.388672	-0.00112101
0.689453	0.427734	0.000409986
0.310547	0.572266	-0.000409986
0.708984	0.595703	0.00145294
0.291016	0.404297	-0.00145294
0.693359	0.435547	0.000598351
0.306641	0.564453	-0.000598351
0.712891	0.576172	0.0013169
0.287109	0.423828	-0.0013169
0.525391	0.494141	-0.000898357
0.474609	0.505859	0.000898358
0.642578	0.373047	4.91458e-05
0.357422	0.626953	-4.91457e-05
0.630859	0.365234	0.000182368
0.369141	0.634766	-0.000182368
0.607422	0.353516	0.000464447
0.392578	0.646484	-0.000464447
0.583984	0.345703	0.000435203
0.416016	0.654297	-0.000435203
0.564453	0.341797	0.000248158
0.435547	0.658203	-0.000248158
0.572266	0.607422	0.00179483
0.427734	0.392578	-0.00179483
0.521484	0.341797	0.000318081
0.478516	0.658203	-0.000318081
0.583984	0.583984	0.00141979
0.416016	0.416016	-0.00141979
0.587891	0.568359	0.00116401
0.412109	0.431641	-0.00116401
0.587891	0.537109	0.00154038
0.412109	0.462891	-0.00154038
0.552734	0.494141	0.00127368
0.447266	0.505859	-0.00127368
0.396484	0.0136719	-0.00378678
0.603516	0.986328	0.00378676
0.310547	0.0253906	-0.00366066
0.689453	0.974609	0.00366066
0.220703	0.0488281	-0.00325444
0.779297	0.951172	0.00325451
0.181641	0.0683594	-0.00276953
0.818359	0.931641	0.00276951
0.107422	0.173828	-0.00313025
0.892578	0.826172	0.00313025
0.0800781	0.396484	-0.00339075
0.919922	0.603516	0.00339075
0.0800781	0.419922	-0.00336843
0.919922	0.580078	0.00336843
0.0800781	0.400391	-0.00341433
0.919922	0.599609	0.00341433
0.0800781	0.404297	-0.003427
0.919922	0.595703	0.003427
0.0800781	0.408203	-0.0034288
0.919922	0.591797	0.0034288
0.0800781	0.416016	-0.0033997
0.919922	0.583984	0.0033997
0.0800781	0.412109	-0.00341974
0.919922	0.587891	0.00341974
0.0839844	0.509766	-0.00340747
0.916016	0.490234	0.00340747
0.0917969	0.580078	-0.00328422
0.908203	0.419922	0.00328421
0.0957031	0.603516	-0.00326291
0.904297	0.396484	0.00326291
0.158203	0.763672	-0.002079
0.841797	0.236328	0.002079
0.216797	0.814453	-0.00233702
0.783203	0.185547	0.00233702
0.248047	0.830078	-0.00265093
0.751953	0.169922	0.00265093
0.564453	0.853516	-0.00298111
0.435547	0.146484	0.00298111
0.583984	0.849609	-0.00292988
0.416016	0.150391	0.00292988
0.638672	0.833984	-0.00261718
0.361328	0.166016	0.00261718
0.658203	0.826172	-0.00249429
0.341797	0.173828	0.00249429
0.763672	0.740234	-0.00198724
0.236328	0.259766	0.00198724
0.787109	0.388672	-0.00210553
0.212891	0.611328	0.00210553
0.802734	0.439453	-0.00241258
0.197266	0.560547	0.00241258
0.810547	0.599609	-0.00275799
0.189453	0.400391	0.00275799
0.806641	0.458984	-0.00257349
0.193359	0.541016	0.00257349
0.712891	0.287109	-0.00156737
0.287109	0.712891	0.00156737
0.689453	0.271484	-0.00169773
0.310547	0.728516	0.00169773
0.666016	0.259766	-0.00201466
0.333984	0.740234	0.00201466
0.646484	0.251953	-0.0020397
0.353516	0.748047	0.0020397
0.634766	0.248047	-0.00201949
0.365234	0.751953	0.00201949
0.419922	0.255859	-0.00181582
0.580078	0.744141	0.00181582
0.380859	0.275391	-0.00133039
0.619141	0.724609	0.00133039
0.369141	0.283203	-0.00113869
0.630859	0.716797	0.00113869
0.576172	0.236328	-0.00217407
0.423828	0.763672	0.00217407
0.474609	0.240234	-0.00211071
0.525391	0.759766	0.00211071
0.654297	0.697266	0.000711599
0.345703	0.302734	-0.0007116
0.658203	0.693359	0.000643647
0.341797	0.306641	-0.000643647
0.501953	0.236328	-0.00225205
0.498047	0.763672	0.00225205
0.673828	0.673828	0.00117364
0.326172	0.326172	-0.00117364
0.681641	0.662109	0.00130868
0.318359	0.337891	-0.00130868
0.701172	0.455078	0.00123276
0.298828	0.544922	-0.00123276
0.673828	0.404297	0.000498445
0.326172	0.595703	-0.000498445
0.705078	0.466797	0.00134183
0.294922	0.533203	-0.00134183
0.712891	0.572266	0.00186662
0.287109	0.427734	-0.00186662
0.712891	0.501953	0.00149103
0.287109	0.498047	-0.00149103
0.708984	0.482422	0.00167652
0.291016	0.517578	-0.00167652
0.623047	0.361328	0.000738188
0.376953	0.638672	-0.000738188
0.615234	0.357422	0.000833022
0.384766	0.642578	-0.000833022
0.595703	0.349609	0.000903498
0.404297	0.650391	-0.000903498
0.462891	0.361328	-0.000450863
0.537109	0.638672	0.000450863
0.560547	0.341797	0.000704833
0.439453	0.658203	-0.000704833
0.478516	0.353516	2.32638e-05
0.521484	0.646484	-2.32636e-05
0.451172	0.369141	-0.000814878
0.548828	0.630859	0.000814878
0.470703	0.357422	7.39632e-05
0.529297	0.642578	-7.3963e-05
0.501953	0.345703	0.00044394
0.498047	0.654297	-0.00044394
0.556641	0.341797	0.00107311
0.443359	0.658203	-0.00107311
0.568359	0.611328	0.00094844
0.431641	0.388672	-0.000948439
0.525391	0.341797	0.000770404
0.474609	0.658203	-0.000770404
0.576172	0.599609	0.000922553
0.423828	0.400391	-0.000922553
0.580078	0.591797	0.000790027
0.419922	0.408203	-0.000790027
0.576172	0.509766	0.00234273
0.423828	0.490234	-0.00234273
0.583984	0.580078	0.000170843
0.416016	0.419922	-0.000170843
0.568359	0.501953	0.00222582
0.431641	0.498047	-0.00222582
0.587891	0.564453	0.000576751
0.412109	0.435547	-0.00057675
0.572266	0.505859	0.00200205
0.427734	0.494141	-0.00200205
0.580078	0.517578	0.00116313
0.419922	0.482422	-0.00116313
0.583984	0.525391	0.00123234
0.416016	0.474609	-0.00123233
0.560547	0.498047	0.000977762
0.439453	0.501953	-0.000977762
0.587891	0.541016	0.000828868
0.412109	0.458984	-0.000828868
0.548828	0.494141	0.000112801
0.451172	0.505859	-0.000112801
0.0839844	0.306641	-0.00344137
0.916016	0.693359	0.00344137
0.0996094	0.623047	-0.00326432
0.900391	0.376953	0.00326432
0.123047	0.701172	-0.00296675
0.876953	0.298828	0.00296675
0.142578	0.740234	-0.00270331
0.857422	0.259766	0.00270331
0.353516	0.857422	-0.00321237
0.646484	0.142578	0.00321237
0.388672	0.861328	-0.00318285
0.611328	0.138672	0.00318285
0.501953	0.861328	-0.00322415
0.498047	0.138672	0.00322415
0.599609	0.845703	-0.00306905
0.400391	0.154297	0.00306905
0.626953	0.837891	-0.00282616
0.373047	0.162109	0.00282616
0.681641	0.814453	-0.00252695
0.318359	0.185547	0.00252695
0.701172	0.802734	-0.00227413
0.298828	0.197266	0.00227413
0.794922	0.412109	-0.0026966
0.205078	0.587891	0.0026966
0.791016	0.400391	-0.00263712
0.208984	0.599609	0.00263712
0.810547	0.486328	-0.00277811
0.189453	0.513672	0.00277811
0.751953	0.326172	-0.00172662
0.248047	0.673828	0.00172662
0.767578	0.349609	-0.00215862
0.232422	0.650391	0.00215862
0.681641	0.267578	-0.00211296
0.318359	0.732422	0.00211296
0.673828	0.263672	-0.00221656
0.326172	0.736328	0.00221656
0.619141	0.244141	-0.00242118
0.380859	0.755859	0.00242118
0.431641	0.251953	-0.00231118
0.568359	0.748047	0.00231118
0.443359	0.248047	-0.00224629
0.556641	0.751953	0.00224629
0.572266	0.236328	-0.00256846
0.427734	0.763672	0.00256846
0.505859	0.236328	-0.00264127
0.494141	0.763672	0.00264127
0.697266	0.630859	0.00180518
0.302734	0.369141	-0.00180518
0.681641	0.416016	0.00100148
0.318359	0.583984	-0.00100148
0.669922	0.400391	0.00107997
0.330078	0.599609	-0.00107997
0.646484	0.376953	0.000751318
0.353516	0.623047	-0.000751318
0.712891	0.505859	0.00202805
0.287109	0.494141	-0.00202805
0.470703	0.505859	0.00137075
0.529297	0.494141	-0.00137075
0.580078	0.345703	0.00134067
0.419922	0.654297	-0.00134067
0.447266	0.373047	-0.0003106
0.552734	0.626953	0.0003106
0.490234	0.349609	0.000759385
0.509766	0.650391	-0.000759385
0.443359	0.376953	-6.38304e-05
0.556641	0.623047	6.38306e-05
0.552734	0.341797	0.00135246
0.447266	0.658203	-0.00135246
0.439453	0.380859	-8.44573e-05
0.560547	0.619141	8.44575e-05
0.435547	0.384766	-0.000378476
0.564453	0.615234	0.000378476
0.505859	0.345703	0.0013796
0.494141	0.654297	-0.0013796
0.548828	0.341797	0.00154252
0.451172	0.658203	-0.00154252
0.529297	0.341797	0.0011294
0.470703	0.658203	-0.0011294
0.533203	0.341797	0.00139544
0.466797	0.658203	-0.00139544
0.544922	0.341797	0.00164258
0.455078	0.658203	-0.00164258
0.537109	0.341797	0.0015694
0.462891	0.658203	-0.0015694
0.541016	0.341797	0.00165172
0.458984	0.658203	-0.00165172
0.587891	0.560547	0.000159782
0.412109	0.439453	-0.000159782
0.587891	0.544922	0.000313481
0.412109	0.455078	-0.000313481
0.455078	0.505859	0.000757214
0.544922	0.494141	-0.000757214
0.587891	0.556641	-8.04384e-05
0.412109	0.443359	8.04386e-05
0.583984	0.529297	-0.000139048
0.416016	0.470703	0.000139048
0.587891	0.552734	-0.000137974
0.412109	0.447266	0.000137974
0.587891	0.548828	-7.9025e-06
0.412109	0.451172	7.90269e-06
0.0878906	0.548828	-0.0035363
0.912109	0.451172	0.0035363
0.107422	0.654297	-0.00338581
0.892578	0.345703	0.00338581
0.205078	0.806641	-0.00256988
0.794922	0.193359	0.00256988
0.224609	0.818359	-0.00285274
0.775391	0.181641	0.00285274
0.294922	0.845703	-0.00316429
0.705078	0.154297	0.00316429
0.310547	0.849609	-0.00315933
0.689453	0.150391	0.00315933
0.330078	0.853516	-0.00330492
0.669922	0.146484	0.00330492
0.666016	0.822266	-0.0027668
0.333984	0.177734	0.0027668
0.673828	0.818359	-0.00278156
0.326172	0.181641	0.00278156
0.751953	0.755859	-0.00226935
0.248047	0.244141	0.00226935
0.783203	0.380859	-0.00266895
0.216797	0.619141	0.00266895
0.759766	0.337891	-0.0023569
0.240234	0.662109	0.0023569
0.701172	0.279297	-0.00207154
0.298828	0.720703	0.00207154
0.599609	0.240234	-0.00269202
0.400391	0.759766	0.00269202
0.412109	0.259766	-0.00235093
0.587891	0.740234	0.00235093
0.388672	0.271484	-0.00208118
0.611328	0.728516	0.00208118
0.458984	0.244141	-0.00260506
0.541016	0.755859	0.00260506
0.365234	0.287109	-0.00189373
0.634766	0.712891	0.00189373
0.478516	0.240234	-0.00282101
0.521484	0.759766	0.002821
0.568359	0.236328	-0.00291935
0.431641	0.763672	0.00291935
0.669922	0.677734	0.00193268
0.330078	0.322266	-0.00193268
0.685547	0.654297	0.00198088
0.314453	0.345703	-0.00198088
0.689453	0.646484	0.00228158
0.310547	0.353516	-0.00228158
0.693359	0.638672	0.00222017
0.306641	0.361328	-0.00222017
0.705078	0.607422	0.00223685
0.294922	0.392578	-0.00223685
0.701172	0.619141	0.00235928
0.298828	0.380859	-0.00235928
0.708984	0.591797	0.00230999
0.291016	0.408203	-0.00230999
0.685547	0.423828	0.0018455
0.314453	0.576172	-0.0018455
0.697266	0.447266	0.00195832
0.302734	0.552734	-0.00195832
0.712891	0.568359	0.0023562
0.287109	0.431641	-0.0023562
0.666016	0.396484	0.00148396
0.333984	0.603516	-0.00148396
0.705078	0.470703	0.00247114
0.294922	0.529297	-0.00247114
0.708984	0.486328	0.00253571
0.291016	0.513672	-0.00253571
0.650391	0.380859	0.00126937
0.349609	0.619141	-0.00126937
0.634766	0.369141	0.00135049
0.365234	0.630859	-0.00135049
0.712891	0.509766	0.00250409
0.287109	0.490234	-0.00250409
0.603516	0.353516	0.00191594
0.396484	0.646484	-0.00191594
0.591797	0.349609	0.00208314
0.408203	0.650391	-0.00208314
0.466797	0.505859	0.00161824
0.533203	0.494141	-0.00161824
0.576172	0.345703	0.00215992
0.423828	0.654297	-0.00215992
0.458984	0.365234	0.000678644
0.541016	0.634766	-0.000678644
0.482422	0.353516	0.00158681
0.517578	0.646484	-0.00158681
0.572266	0.603516	-0.000369633
0.427734	0.396484	0.000369633
0.462891	0.505859	0.0016125
0.537109	0.494141	-0.0016125
0.576172	0.595703	-0.000959224
0.423828	0.404297	0.000959224
0.580078	0.587891	-0.000785437
0.419922	0.412109	0.000785437
0.458984	0.505859	0.0013306
0.541016	0.494141	-0.0013306
0.583984	0.576172	-0.000931197
0.416016	0.423828	0.000931198
0.576172	0.513672	-6.86202e-06
0.423828	0.486328	6.86214e-06
0.580078	0.521484	-0.000697922
0.419922	0.478516	0.000697922
0.564453	0.501953	-0.000173295
0.435547	0.498047	0.000173295
0.556641	0.498047	-0.000837728
0.443359	0.501953	0.000837728
0.134766	0.115234	-0.00295738
0.865234	0.884766	0.00295735
0.0957031	0.220703	-0.00352377
0.904297	0.779297	0.00352377
0.150391	0.751953	-0.00281752
0.849609	0.248047	0.00281752
0.162109	0.767578	-0.00263388
0.837891	0.232422	0.00263388
0.189453	0.794922	-0.00251939
0.810547	0.205078	0.00251939
0.240234	0.826172	-0.00299543
0.759766	0.173828	0.00299543
0.232422	0.822266	-0.00306774
0.767578	0.177734	0.00306774
0.392578	0.861328	-0.00348415
0.607422	0.138672	0.00348415
0.537109	0.857422	-0.00339645
0.462891	0.142578	0.00339645
0.498047	0.861328	-0.00352148
0.501953	0.138672	0.00352148
0.716797	0.791016	-0.00240633
0.283203	0.208984	0.00240633
0.787109	0.693359	-0.00293921
0.212891	0.306641	0.00293921
0.798828	0.658203	-0.00308995
0.201172	0.341797	0.00308995
0.802734	0.642578	-0.00313131
0.197266	0.357422	0.00313131
0.806641	0.623047	-0.00317982
0.193359	0.376953	0.00317982
0.810547	0.595703	-0.0032034
0.189453	0.404297	0.0032034
0.806641	0.462891	-0.00325969
0.193359	0.537109	0.00325969
0.771484	0.357422	-0.00272057
0.228516	0.642578	0.00272057
0.810547	0.490234	-0.00322305
0.189453	0.509766	0.00322305
0.802734	0.443359	-0.00328677
0.197266	0.556641	0.00328677
0.779297	0.373047	-0.00296661
0.220703	0.626953	0.00296661
0.748047	0.322266	-0.00233328
0.251953	0.677734	0.00233328
0.716797	0.291016	-0.00220955
0.283203	0.708984	0.00220955
0.654297	0.255859	-0.00294783
0.345703	0.744141	0.00294783
0.404297	0.263672	-0.00258229
0.595703	0.736328	0.00258229
0.396484	0.267578	-0.00249665
0.603516	0.732422	0.00249665
0.376953	0.279297	-0.00244928
0.623047	0.720703	0.00244928
0.564453	0.236328	-0.00322665
0.435547	0.763672	0.00322665
0.509766	0.236328	-0.00298628
0.490234	0.763672	0.00298628
0.677734	0.666016	0.00244741
0.322266	0.333984	-0.00244741
0.689453	0.431641	0.00227874
0.310547	0.568359	-0.00227874
0.693359	0.439453	0.00231073
0.306641	0.560547	-0.00231073
0.677734	0.412109	0.00202178
0.322266	0.587891	-0.00202178
0.701172	0.458984	0.00257464
0.298828	0.541016	-0.00257464
0.662109	0.392578	0.001707
0.337891	0.607422	-0.001707
0.712891	0.564453	0.00278593
0.287109	0.435547	-0.00278593
0.654297	0.384766	0.00160119
0.345703	0.615234	-0.00160119
0.658203	0.388672	0.00174672
0.341797	0.611328	-0.00174672
0.712891	0.513672	0.00291914
0.287109	0.486328	-0.00291914
0.626953	0.365234	0.00219131
0.373047	0.634766	-0.00219131
0.611328	0.357422	0.00247382
0.388672	0.642578	-0.00247382
0.466797	0.361328	0.0015692
0.533203	0.638672	-0.0015692
0.474609	0.357422	0.00186559
0.525391	0.642578	-0.00186559
0.494141	0.349609	0.00200527
0.505859	0.650391	-0.00200527
0.455078	0.369141	0.00156961
0.544922	0.630859	-0.00156961
0.509766	0.345703	0.00222088
0.490234	0.654297	-0.00222088
0.568359	0.607422	-0.00138046
0.431641	0.392578	0.00138046
0.583984	0.572266	-0.00187816
0.416016	0.427734	0.00187816
0.572266	0.509766	-0.000649218
0.427734	0.490234	0.000649218
0.568359	0.505859	-0.00071468
0.431641	0.494141	0.00071468
0.583984	0.533203	-0.00130552
0.416016	0.466797	0.00130552
0.166016	0.0800781	-0.00286546
0.833984	0.919922	0.00286553
0.0839844	0.310547	-0.0037512
0.916016	0.689453	0.0037512
0.0839844	0.505859	-0.00370596
0.916016	0.494141	0.00370596
0.103516	0.638672	-0.00356279
0.896484	0.361328	0.00356279
0.560547	0.853516	-0.00367225
0.439453	0.146484	0.00367225
0.767578	0.732422	-0.00288936
0.232422	0.267578	0.00288936
0.798828	0.427734	-0.00334581
0.201172	0.572266	0.00334581
0.775391	0.365234	-0.00298698
0.224609	0.634766	0.00298698
0.810547	0.591797	-0.00361572
0.189453	0.408203	0.00361572
0.810547	0.494141	-0.00363517
0.189453	0.505859	0.00363517
0.517578	0.498047	-0.00319974
0.482422	0.501953	0.00319974
0.630859	0.248047	-0.00312784
0.369141	0.751953	0.00312784
0.642578	0.251953	-0.00330949
0.357422	0.748047	0.00330949
0.615234	0.244141	-0.00332631
0.384766	0.755859	0.00332631
0.595703	0.240234	-0.00335846
0.404297	0.759766	0.00335846
0.423828	0.255859	-0.00326108
0.576172	0.744141	0.00326108
0.361328	0.291016	-0.00250255
0.638672	0.708984	0.00250255
0.447266	0.248047	-0.00335789
0.552734	0.751953	0.00335789
0.482422	0.240234	-0.00348548
0.517578	0.759766	0.00348548
0.666016	0.681641	0.00254067
0.333984	0.318359	-0.00254067
0.560547	0.236328	-0.00349029
0.439453	0.763672	0.00349029
0.513672	0.236328	-0.00328699
0.486328	0.763672	0.00328699
0.517578	0.236328	-0.00354337
0.482422	0.763672	0.00354337
0.705078	0.603516	0.00329031
0.294922	0.396484	-0.00329031
0.708984	0.587891	0.00310695
0.291016	0.412109	-0.00310695
0.712891	0.560547	0.00315628
0.287109	0.439453	-0.00315628
0.708984	0.490234	0.00333247
0.291016	0.509766	-0.00333247
0.638672	0.373047	0.00233985
0.361328	0.626953	-0.00233985
0.712891	0.556641	0.00346741
0.287109	0.443359	-0.00346741
0.712891	0.517578	0.00327287
0.287109	0.482422	-0.00327287
0.619141	0.361328	0.00256552
0.380859	0.638672	-0.00256552
0.587891	0.349609	0.00317876
0.412109	0.650391	-0.00317876
0.572266	0.345703	0.00289201
0.427734	0.654297	-0.00289201
0.451172	0.373047	0.00221248
0.548828	0.626953	-0.00221248
0.513672	0.345703	0.0029672
0.486328	0.654297	-0.0029672
0.435547	0.388672	0.00210789
0.564453	0.611328	-0.00210789
0.572266	0.599609	-0.00242902
0.427734	0.400391	0.00242902
0.576172	0.591797	-0.00272058
0.423828	0.408203	0.00272058
0.580078	0.583984	-0.00222681
0.419922	0.416016	0.00222681
0.583984	0.568359	-0.00266219
0.416016	0.431641	0.00266219
0.576172	0.517578	-0.00217544
0.423828	0.482422	0.00217544
0.580078	0.525391	-0.00235864
0.419922	0.474609	0.00235864
0.560547	0.501953	-0.00236819
0.439453	0.498047	0.00236819
0.552734	0.498047	-0.00238764
0.447266	0.501953	0.00238764
0.583984	0.537109	-0.00226366
0.416016	0.462891	0.00226366
0.494141	0.498047	0.00367765
0.505859	0.501953	-0.00367765
0.244141	0.0410156	-0.00369958
0.755859	0.958984	0.00369962
0.146484	0.0996094	-0.00292748
0.853516	0.900391	0.00292746
0.0878906	0.271484	-0.00378069
0.912109	0.728516	0.00378069
0.0917969	0.576172	-0.00386117
0.908203	0.423828	0.00386117
0.119141	0.689453	-0.00366432
0.880859	0.310547	0.00366432
0.126953	0.708984	-0.0034385
0.873047	0.291016	0.0034385
0.138672	0.732422	-0.00331195
0.861328	0.267578	0.00331195
0.259766	0.833984	-0.00345428
0.740234	0.166016	0.00345428
0.283203	0.841797	-0.00367613
0.716797	0.158203	0.00367613
0.357422	0.857422	-0.00373553
0.642578	0.142578	0.00373553
0.396484	0.861328	-0.00376242
0.603516	0.138672	0.00376242
0.580078	0.849609	-0.00376724
0.419922	0.150391	0.00376724
0.494141	0.861328	-0.00379691
0.505859	0.138672	0.00379691
0.611328	0.841797	-0.00373941
0.388672	0.158203	0.00373941
0.646484	0.830078	-0.00345432
0.353516	0.169922	0.00345432
0.693359	0.806641	-0.00327915
0.306641	0.193359	0.00327915
0.720703	0.787109	-0.00293206
0.279297	0.212891	0.00293206
0.748047	0.759766	-0.0028256
0.251953	0.240234	0.0028256
0.759766	0.744141	-0.00300578
0.240234	0.255859	0.00300578
0.783203	0.701172	-0.00348411
0.216797	0.298828	0.00348411
0.791016	0.681641	-0.00346315
0.208984	0.318359	0.00346315
0.794922	0.669922	-0.00350356
0.205078	0.330078	0.00350356
0.787109	0.392578	-0.00355396
0.212891	0.607422	0.00355396
0.744141	0.318359	-0.00280422
0.255859	0.681641	0.00280422
0.720703	0.294922	-0.00271482
0.279297	0.705078	0.00271482
0.693359	0.275391	-0.00301674
0.306641	0.724609	0.00301674
0.705078	0.283203	-0.00305551
0.294922	0.716797	0.00305551
0.462891	0.244141	-0.00351057
0.537109	0.755859	0.00351057
0.435547	0.251953	-0.00358589
0.564453	0.748047	0.00358589
0.556641	0.236328	-0.00371031
0.443359	0.763672	0.00371031
0.521484	0.236328	-0.00375556
0.478516	0.763672	0.00375556
0.697266	0.626953	0.00326401
0.302734	0.373047	-0.00326401
0.701172	0.615234	0.00361419
0.298828	0.384766	-0.00361419
0.681641	0.419922	0.00312478
0.318359	0.580078	-0.00312478
0.673828	0.408203	0.00287355
0.326172	0.591797	-0.00287355
0.697266	0.451172	0.00345333
0.302734	0.548828	-0.00345333
0.705078	0.474609	0.00353597
0.294922	0.525391	-0.00353597
0.712891	0.552734	0.00371907
0.287109	0.447266	-0.00371907
0.712891	0.521484	0.00356503
0.287109	0.478516	-0.00356503
0.712891	0.525391	0.00379568
0.287109	0.474609	-0.00379568
0.599609	0.353516	0.00328672
0.400391	0.646484	-0.00328672
0.568359	0.345703	0.00353644
0.431641	0.654297	-0.00353644
0.462891	0.365234	0.00283998
0.537109	0.634766	-0.00283998
0.486328	0.353516	0.00305624
0.513672	0.646484	-0.00305624
0.498047	0.349609	0.00315579
0.501953	0.650391	-0.00315579
0.447266	0.376953	0.00259748
0.552734	0.623047	-0.00259748
0.443359	0.380859	0.00271349
0.556641	0.619141	-0.00271349
0.439453	0.384766	0.00255173
0.560547	0.615234	-0.00255173
0.517578	0.345703	0.00361858
0.482422	0.654297	-0.00361858
0.580078	0.580078	-0.00352508
0.419922	0.419922	0.00352508
0.583984	0.564453	-0.00327591
0.416016	0.435547	0.00327591
0.583984	0.541016	-0.00301255
0.416016	0.458984	0.00301255
0.548828	0.498047	-0.00364458
0.451172	0.501953	0.00364458
0.583984	0.560547	-0.00371226
0.416016	0.439453	0.00371226
0.583984	0.544922	-0.00355376
0.416016	0.455078	0.00355376
