0.498047	0.498047	0.00223996
0.498047	0.501953	0.00161592
0.501953	0.498047	-0.00161592
0.501953	0.501953	-0.00223996
0.423828	0.00976562	0.00317423
0.576172	0.990234	-0.00317423
0.427734	0.00976562	0.00246041
0.572266	0.990234	-0.00246041
0.400391	0.0136719	0.00377645
0.599609	0.986328	-0.00377644
0.404297	0.0136719	0.00302011
0.595703	0.986328	-0.0030201
0.435547	0.00195312	0.00342892
0.564453	0.998047	-0.00343071
0.408203	0.0136719	0.00226411
0.591797	0.986328	-0.00226411
0.412109	0.0136719	0.00151858
0.587891	0.986328	-0.00151857
0.431641	0.00976562	0.00174793
0.568359	0.990234	-0.00174794
0.384766	0.0175781	0.00308945
0.615234	0.982422	-0.00308946
0.416016	0.0136719	0.000789825
0.583984	0.986328	-0.000789824
0.388672	0.0175781	0.00228183
0.611328	0.982422	-0.00228184
0.365234	0.0214844	0.0035229
0.634766	0.978516	-0.00352291
0.419922	0.0136719	7.23297e-05
0.580078	0.986328	-7.23291e-05
0.392578	0.0175781	0.00148878
0.607422	0.982422	-0.00148879
0.369141	0.0214844	0.00264265
0.630859	0.978516	-0.00264267
0.349609	0.0253906	0.00342441
0.650391	0.974609	-0.00342436
0.396484	0.0175781	0.000718653
0.603516	0.982422	-0.000718654
0.423828	0.0136719	-0.000646093
0.576172	0.986328	0.00064609
0.373047	0.0214844	0.00177442
0.626953	0.978516	-0.00177444
0.333984	0.0292969	0.00366487
0.666016	0.970703	-0.00366478
0.353516	0.0253906	0.00247353
0.646484	0.974609	-0.0024735
0.435547	0.00976562	0.000984282
0.564453	0.990234	-0.000984103
0.439453	0.00585938	0.00126081
0.560547	0.994141	-0.00126469
0.439453	0.00195312	-0.000434646
0.560547	0.998047	0.00043284
0.400391	0.0175781	-3.70386e-05
0.599609	0.982422	3.70387e-05
0.376953	0.0214844	0.000927677
0.623047	0.978516	-0.000927695
0.337891	0.0292969	0.00263097
0.662109	0.970703	-0.00263088
0.427734	0.0136719	-0.00136127
0.572266	0.986328	0.00136127
0.357422	0.0253906	0.00153966
0.642578	0.974609	-0.00153965
0.322266	0.0332031	0.00317349
0.677734	0.966797	-0.00317347
0.380859	0.0214844	0.000102779
0.619141	0.978516	-0.000102794
0.404297	0.0175781	-0.000793976
0.595703	0.982422	0.000793977
0.341797	0.0292969	0.00161652
0.658203	0.970703	-0.00161644
0.361328	0.0253906	0.000627756
0.638672	0.974609	-0.000627756
0.310547	0.0371094	0.00296041
0.689453	0.962891	-0.00296048
0.326172	0.0332031	0.00206306
0.673828	0.966797	-0.00206301
0.298828	0.0410156	0.00306062
0.701172	0.958984	-0.00306065
0.287109	0.0449219	0.00351434
0.712891	0.955078	-0.00351426
0.431641	0.0136719	-0.00207306
0.568359	0.986328	0.00207305
0.384766	0.0214844	-0.000714165
0.615234	0.978516	0.000714153
0.345703	0.0292969	0.000624624
0.654297	0.970703	-0.000624556
0.314453	0.0371094	0.0017622
0.685547	0.962891	-0.00176225
0.408203	0.0175781	-0.00155087
0.591797	0.982422	0.00155088
0.365234	0.0253906	-0.000264757
0.634766	0.974609	0.000264747
0.330078	0.0332031	0.000977295
0.669922	0.966797	-0.000977222
0.498047	0.494141	0.00287062
0.501953	0.505859	-0.00287062
0.302734	0.0410156	0.00176447
0.697266	0.958984	-0.00176452
0.279297	0.0488281	0.00284733
0.720703	0.951172	-0.00284721
0.291016	0.0449219	0.00210842
0.708984	0.955078	-0.00210837
0.349609	0.0292969	-0.000346102
0.650391	0.970703	0.000346152
0.388672	0.0214844	-0.0015242
0.611328	0.978516	0.00152419
0.318359	0.0371094	0.000591103
0.681641	0.962891	-0.000591127
0.333984	0.0332031	-8.32404e-05
0.666016	0.966797	8.33292e-05
0.271484	0.0527344	0.0024133
0.728516	0.947266	-0.00241328
0.369141	0.0253906	-0.00114773
0.630859	0.974609	0.00114771
0.306641	0.0410156	0.000497702
0.693359	0.958984	-0.00049777
0.283203	0.0488281	0.00134922
0.716797	0.951172	-0.0013491
0.263672	0.0566406	0.00221936
0.736328	0.943359	-0.00221942
0.498047	0.490234	0.00352346
0.501953	0.509766	-0.00352346
0.412109	0.0175781	-0.00229971
0.587891	0.982422	0.00229972
0.294922	0.0449219	0.000734714
0.705078	0.955078	-0.0007347
0.240234	0.0683594	0.0031515
0.759766	0.931641	-0.00315145
0.255859	0.0605469	0.00226191
0.744141	0.939453	-0.00226196
0.751953	0.935547	-0.00256551
0.248047	0.0644531	0.00256553
0.353516	0.0292969	-0.00130135
0.646484	0.970703	0.00130139
0.322266	0.0371094	-0.000552649
0.677734	0.962891	0.000552658
0.228516	0.0761719	0.00299974
0.771484	0.923828	-0.00299973
0.119141	0.314453	0.0037987
0.880859	0.685547	-0.0037987
0.275391	0.0527344	0.000818071
0.724609	0.947266	-0.000818005
0.560547	0.990234	0.000449652
0.337891	0.0332031	-0.00112321
0.662109	0.966797	0.00112331
0.556641	0.994141	0.00232812
0.123047	0.283203	0.00342359
0.876953	0.716797	-0.00342359
0.119141	0.318359	0.00346385
0.880859	0.681641	-0.00346385
0.435547	0.0136719	-0.00281067
0.564453	0.986328	0.00281073
0.439453	0.00976562	-0.00044869
0.443359	0.00585938	-0.00233386
0.126953	0.259766	0.00320394
0.873047	0.740234	-0.00320394
0.119141	0.322266	0.00314925
0.880859	0.677734	-0.00314925
0.119141	0.458984	0.00363505
0.880859	0.541016	-0.00363505
0.392578	0.0214844	-0.00232143
0.607422	0.978516	0.00232142
0.373047	0.0253906	-0.00201979
0.626953	0.974609	0.00201978
0.236328	0.0722656	0.00191458
0.763672	0.927734	-0.00191454
0.154297	0.166016	0.00350941
0.845703	0.833984	-0.00350941
0.138672	0.208984	0.00323038
0.861328	0.791016	-0.00323038
0.130859	0.240234	0.00312925
0.869141	0.759766	-0.00312925
0.123047	0.287109	0.00290962
0.876953	0.712891	-0.00290962
0.119141	0.326172	0.00285461
0.880859	0.673828	-0.00285461
0.119141	0.455078	0.00332092
0.880859	0.544922	-0.00332092
0.310547	0.0410156	-0.000738354
0.689453	0.958984	0.000738284
0.287109	0.0488281	-0.000108071
0.712891	0.951172	0.000108168
0.267578	0.0566406	0.000527945
0.732422	0.943359	-0.000527983
0.224609	0.0800781	0.00209423
0.775391	0.919922	-0.00209424
0.158203	0.158203	0.00334576
0.841797	0.841797	-0.00334576
0.146484	0.185547	0.00324797
0.853516	0.814453	-0.00324797
0.142578	0.197266	0.00302476
0.857422	0.802734	-0.00302476
0.134766	0.224609	0.00288142
0.865234	0.775391	-0.00288142
0.119141	0.330078	0.00257933
0.880859	0.669922	-0.00257933
0.119141	0.451172	0.00302588
0.880859	0.548828	-0.00302588
0.123047	0.494141	0.00348221
0.876953	0.505859	-0.00348221
0.126953	0.521484	0.00371428
0.873047	0.478516	-0.00371428
0.501953	0.494141	-0.00098266
0.498047	0.505859	0.00098266
0.298828	0.0449219	-0.000604302
0.701172	0.955078	0.000604285
0.244141	0.0683594	0.00114464
0.755859	0.931641	-0.00114459
0.208984	0.0917969	0.00275346
0.791016	0.908203	-0.00275346
0.126953	0.263672	0.00253993
0.873047	0.736328	-0.00253993
0.123047	0.291016	0.00241888
0.876953	0.708984	-0.00241888
0.119141	0.333984	0.00232285
0.880859	0.666016	-0.00232285
0.119141	0.447266	0.00274904
0.880859	0.552734	-0.00274904
0.123047	0.490234	0.00298637
0.876953	0.509766	-0.00298637
0.259766	0.0605469	0.000473392
0.740234	0.939453	-0.000473452
0.251953	0.0644531	0.000670468
0.748047	0.935547	-0.000670469
0.205078	0.0957031	0.00249212
0.794922	0.904297	-0.00249212
0.130859	0.244141	0.0023272
0.869141	0.755859	-0.0023272
0.123047	0.294922	0.00195099
0.876953	0.705078	-0.00195099
0.119141	0.337891	0.00208516
0.880859	0.662109	-0.00208516
0.119141	0.443359	0.00248964
0.880859	0.556641	-0.00248964
0.126953	0.517578	0.0030664
0.873047	0.482422	-0.0030664
0.130859	0.541016	0.00346653
0.869141	0.458984	-0.00346653
0.193359	0.107422	0.00260184
0.806641	0.892578	-0.00260184
0.177734	0.126953	0.00254348
0.822266	0.873047	-0.00254348
0.169922	0.138672	0.00257345
0.830078	0.861328	-0.00257344
0.150391	0.177734	0.00245481
0.849609	0.822266	-0.00245481
0.138672	0.212891	0.00214673
0.861328	0.787109	-0.00214673
0.126953	0.267578	0.00190051
0.873047	0.732422	-0.00190051
0.119141	0.341797	0.00186665
0.880859	0.658203	-0.00186665
0.119141	0.345703	0.00166757
0.880859	0.654297	-0.00166757
0.119141	0.439453	0.00224738
0.880859	0.560547	-0.00224738
0.119141	0.435547	0.00202238
0.880859	0.564453	-0.00202238
0.123047	0.486328	0.0025131
0.876953	0.513672	-0.0025131
0.201172	0.0996094	0.00238094
0.798828	0.900391	-0.00238093
0.197266	0.103516	0.00241919
0.802734	0.896484	-0.00241918
0.146484	0.189453	0.00190828
0.853516	0.810547	-0.00190828
0.134766	0.228516	0.00195278
0.865234	0.771484	-0.00195278
0.142578	0.201172	0.00182079
0.857422	0.798828	-0.00182079
0.123047	0.298828	0.00150544
0.876953	0.701172	-0.00150544
0.119141	0.349609	0.00148756
0.880859	0.650391	-0.00148756
0.119141	0.431641	0.00181505
0.880859	0.568359	-0.00181505
0.123047	0.482422	0.00206195
0.876953	0.517578	-0.00206195
0.126953	0.513672	0.00243999
0.873047	0.486328	-0.00243999
0.130859	0.537109	0.00270199
0.869141	0.462891	-0.00270199
0.134766	0.556641	0.0029876
0.865234	0.443359	-0.0029876
0.142578	0.587891	0.00349328
0.857422	0.412109	-0.00349328
0.326172	0.0371094	-0.00167104
0.673828	0.962891	0.00167108
0.232422	0.0761719	0.000798978
0.767578	0.923828	-0.000798959
0.220703	0.0839844	0.00132042
0.779297	0.916016	-0.00132043
0.166016	0.146484	0.00195919
0.833984	0.853516	-0.00195919
0.154297	0.169922	0.00191646
0.845703	0.830078	-0.00191646
0.130859	0.248047	0.00155305
0.869141	0.751953	-0.00155305
0.126953	0.271484	0.00128596
0.873047	0.728516	-0.00128596
0.119141	0.353516	0.00132583
0.880859	0.646484	-0.00132583
0.119141	0.357422	0.0011817
0.880859	0.642578	-0.0011817
0.119141	0.427734	0.00162568
0.880859	0.572266	-0.00162568
0.119141	0.423828	0.00145417
0.880859	0.576172	-0.00145417
0.138672	0.572266	0.00297696
0.861328	0.427734	-0.00297696
0.146484	0.599609	0.00332713
0.853516	0.400391	-0.00332713
0.150391	0.611328	0.00352713
0.849609	0.388672	-0.00352713
0.357422	0.0292969	-0.00224021
0.642578	0.970703	0.00224022
0.279297	0.0527344	-0.00073613
0.720703	0.947266	0.000736232
0.501953	0.490234	-0.000324485
0.498047	0.509766	0.000324485
0.181641	0.123047	0.00169157
0.818359	0.876953	-0.00169156
0.162109	0.154297	0.00165032
0.837891	0.845703	-0.00165032
0.158203	0.162109	0.00164634
0.841797	0.837891	-0.00164634
0.123047	0.302734	0.00108187
0.876953	0.697266	-0.00108187
0.119141	0.361328	0.0010551
0.880859	0.638672	-0.0010551
0.119141	0.365234	0.000946484
0.880859	0.634766	-0.000946484
0.119141	0.419922	0.00129994
0.880859	0.580078	-0.00129994
0.123047	0.478516	0.00163121
0.876953	0.521484	-0.00163121
0.119141	0.416016	0.00116232
0.880859	0.583984	-0.00116232
0.119141	0.412109	0.001041
0.880859	0.587891	-0.001041
0.126953	0.509766	0.00183507
0.873047	0.490234	-0.00183507
0.130859	0.533203	0.00196173
0.869141	0.466797	-0.00196173
0.134766	0.552734	0.00211365
0.865234	0.447266	-0.00211365
0.158203	0.630859	0.00355589
0.841797	0.369141	-0.00355589
0.416016	0.0175781	-0.00303146
0.583984	0.982422	0.00303146
0.341797	0.0332031	-0.00214359
0.658203	0.966797	0.00214368
0.173828	0.134766	0.0013857
0.826172	0.865234	-0.0013857
0.138672	0.216797	0.00110178
0.861328	0.783203	-0.00110178
0.134766	0.232422	0.00105341
0.865234	0.767578	-0.00105341
0.130859	0.251953	0.000806201
0.869141	0.748047	-0.000806201
0.126953	0.275391	0.000695836
0.873047	0.724609	-0.000695836
0.123047	0.306641	0.000680216
0.876953	0.693359	-0.000680216
0.119141	0.369141	0.000856381
0.880859	0.630859	-0.000856381
0.119141	0.373047	0.000784965
0.880859	0.626953	-0.000784965
0.119141	0.376953	0.000731985
0.880859	0.623047	-0.000731985
0.119141	0.408203	0.000936254
0.880859	0.591797	-0.000936254
0.123047	0.474609	0.00121959
0.876953	0.525391	-0.00121959
0.119141	0.380859	0.000696883
0.880859	0.619141	-0.000696884
0.119141	0.384766	0.000679053
0.880859	0.615234	-0.000679053
0.119141	0.388672	0.000678132
0.880859	0.611328	-0.000678132
0.119141	0.404297	0.000848735
0.880859	0.595703	-0.000848736
0.119141	0.392578	0.00069419
0.880859	0.607422	-0.00069419
0.119141	0.400391	0.000779116
0.880859	0.599609	-0.000779116
0.119141	0.396484	0.000727676
0.880859	0.603516	-0.000727677
0.138672	0.568359	0.00198849
0.861328	0.431641	-0.00198849
0.142578	0.583984	0.002377
0.857422	0.416016	-0.002377
0.162109	0.638672	0.00321228
0.837891	0.361328	-0.00321228
0.240234	0.0722656	-0.00016483
0.759766	0.927734	0.000164876
0.216797	0.0878906	0.000682716
0.783203	0.912109	-0.000682722
0.150391	0.181641	0.00101788
0.849609	0.818359	-0.00101788
0.142578	0.205078	0.000652202
0.857422	0.794922	-0.000652202
0.123047	0.310547	0.000300281
0.876953	0.689453	-0.000300281
0.126953	0.505859	0.00125095
0.873047	0.494141	-0.00125095
0.123047	0.470703	0.000826687
0.876953	0.529297	-0.000826688
0.130859	0.529297	0.00124436
0.869141	0.470703	-0.00124436
0.146484	0.595703	0.00210528
0.853516	0.404297	-0.00210528
0.150391	0.607422	0.00219355
0.849609	0.392578	-0.00219355
0.154297	0.619141	0.00266576
0.845703	0.380859	-0.00266576
0.166016	0.646484	0.00310712
0.833984	0.353516	-0.00310712
0.169922	0.654297	0.00324837
0.830078	0.345703	-0.00324837
0.314453	0.0410156	-0.00194577
0.685547	0.958984	0.00194571
0.291016	0.0488281	-0.00152771
0.708984	0.951172	0.00152778
0.271484	0.0566406	-0.0011265
0.728516	0.943359	0.0011265
0.185547	0.119141	0.000986703
0.814453	0.880859	-0.000986703
0.501953	0.486328	0.000373949
0.498047	0.513672	-0.000373948
0.146484	0.193359	0.000608484
0.853516	0.806641	-0.000608484
0.126953	0.279297	0.000129582
0.873047	0.720703	-0.000129582
0.123047	0.466797	0.000452497
0.876953	0.533203	-0.000452497
0.126953	0.501953	0.000687473
0.873047	0.498047	-0.000687474
0.134766	0.548828	0.00126533
0.865234	0.451172	-0.00126533
0.369141	0.787109	0.00380873
0.630859	0.212891	-0.00380873
0.412109	0.791016	0.00385185
0.587891	0.208984	-0.00385185
0.416016	0.791016	0.003729
0.583984	0.208984	-0.003729
0.439453	0.791016	0.00375994
0.560547	0.208984	-0.00375994
0.376953	0.0253906	-0.00287196
0.623047	0.974609	0.00287194
0.302734	0.0449219	-0.00191137
0.697266	0.955078	0.00191132
0.228516	0.0800781	-0.00018565
0.771484	0.919922	0.000185653
0.169922	0.142578	0.000555124
0.830078	0.857422	-0.000555123
0.154297	0.173828	0.000367404
0.845703	0.826172	-0.000367404
0.138672	0.220703	9.56353e-05
0.861328	0.779297	-9.56354e-05
0.134766	0.236328	0.000183717
0.865234	0.763672	-0.000183717
0.130859	0.255859	8.58982e-05
0.869141	0.744141	-8.58983e-05
0.123047	0.314453	-5.84451e-05
0.876953	0.685547	5.84449e-05
0.123047	0.462891	9.72938e-05
0.876953	0.537109	-9.72939e-05
0.130859	0.525391	0.000549152
0.869141	0.474609	-0.000549152
0.142578	0.580078	0.00129057
0.857422	0.419922	-0.00129057
0.501953	0.482422	0.00112752
0.498047	0.517578	-0.00112752
0.138672	0.564453	0.00102872
0.861328	0.435547	-0.00102872
0.158203	0.626953	0.00201319
0.841797	0.373047	-0.00201319
0.181641	0.673828	0.00309715
0.818359	0.326172	-0.00309715
0.501953	0.478516	0.00195065
0.498047	0.521484	-0.00195065
0.287109	0.763672	0.00338388
0.712891	0.236328	-0.00338388
0.306641	0.771484	0.00345826
0.693359	0.228516	-0.00345826
0.318359	0.775391	0.00349035
0.681641	0.224609	-0.00349035
0.349609	0.783203	0.00334754
0.650391	0.216797	-0.00334754
0.373047	0.787109	0.00326413
0.626953	0.212891	-0.00326413
0.419922	0.791016	0.00364265
0.580078	0.208984	-0.00364265
0.423828	0.791016	0.00359279
0.576172	0.208984	-0.00359279
0.427734	0.791016	0.00357935
0.572266	0.208984	-0.00357935
0.435547	0.791016	0.0036625
0.564453	0.208984	-0.0036625
0.431641	0.791016	0.00360245
0.568359	0.208984	-0.00360245
0.396484	0.0214844	-0.00309594
0.603516	0.978516	0.00309594
0.263672	0.0605469	-0.00127597
0.736328	0.939453	0.0012759
0.255859	0.0644531	-0.00118256
0.744141	0.935547	0.00118253
0.248047	0.0683594	-0.000819103
0.751953	0.931641	0.000819137
0.212891	0.0917969	0.000193853
0.787109	0.908203	-0.000193854
0.189453	0.115234	0.00042307
0.810547	0.884766	-0.00042307
0.177734	0.130859	0.000321392
0.822266	0.869141	-0.000321391
0.166016	0.150391	6.52705e-05
0.833984	0.849609	-6.52707e-05
0.158203	0.166016	-1.11146e-05
0.841797	0.833984	1.11145e-05
0.126953	0.283203	-0.000412854
0.873047	0.716797	0.000412854
0.123047	0.318359	-0.000396348
0.876953	0.681641	0.000396348
0.123047	0.458984	-0.00023837
0.876953	0.541016	0.00023837
0.126953	0.498047	0.000145009
0.873047	0.501953	-0.000145009
0.134766	0.544922	0.000443241
0.865234	0.455078	-0.000443241
0.146484	0.591797	0.000916355
0.853516	0.408203	-0.000916355
0.154297	0.615234	0.00124804
0.845703	0.384766	-0.00124804
0.162109	0.634766	0.00157717
0.837891	0.365234	-0.00157717
0.177734	0.666016	0.00226806
0.822266	0.333984	-0.00226806
0.271484	0.755859	0.00311252
0.728516	0.244141	-0.00311252
0.279297	0.759766	0.00310339
0.720703	0.240234	-0.00310339
0.501953	0.474609	0.002857
0.498047	0.525391	-0.002857
0.333984	0.779297	0.00303165
0.666016	0.220703	-0.00303164
0.353516	0.783203	0.00259446
0.646484	0.216797	-0.00259446
0.376953	0.787109	0.00275994
0.623047	0.212891	-0.00275994
0.505859	0.783203	0.00358989
0.494141	0.216797	-0.00358989
0.482422	0.787109	0.00347297
0.517578	0.212891	-0.00347297
0.537109	0.775391	0.00371086
0.462891	0.224609	-0.00371085
0.478516	0.787109	0.00295692
0.521484	0.212891	-0.00295692
0.208984	0.0957031	-0.000144683
0.791016	0.904297	0.000144686
0.162109	0.158203	-0.000123699
0.837891	0.841797	0.000123698
0.150391	0.185547	-0.000378393
0.849609	0.814453	0.000378393
0.142578	0.208984	-0.000481456
0.857422	0.791016	0.000481456
0.134766	0.240234	-0.000655785
0.865234	0.759766	0.000655785
0.130859	0.259766	-0.000608781
0.869141	0.740234	0.000608781
0.123047	0.322266	-0.000713605
0.876953	0.677734	0.000713605
0.123047	0.455078	-0.000554198
0.876953	0.544922	0.000554198
0.126953	0.494141	-0.000375986
0.873047	0.505859	0.000375986
0.130859	0.521484	-0.000124147
0.869141	0.478516	0.000124147
0.138672	0.560547	9.64519e-05
0.861328	0.439453	-9.6452e-05
0.142578	0.576172	0.000233995
0.857422	0.423828	-0.000233996
0.150391	0.603516	0.000893652
0.849609	0.396484	-0.000893652
0.166016	0.642578	0.0013738
0.833984	0.357422	-0.0013738
0.169922	0.650391	0.00141659
0.830078	0.349609	-0.00141659
0.173828	0.658203	0.00171058
0.826172	0.341797	-0.00171058
0.193359	0.689453	0.00249032
0.806641	0.310547	-0.00249032
0.185547	0.677734	0.00199847
0.814453	0.322266	-0.00199847
0.240234	0.736328	0.00303763
0.759766	0.263672	-0.00303763
0.251953	0.744141	0.00281339
0.748047	0.255859	-0.00281339
0.298828	0.767578	0.00252224
0.701172	0.232422	-0.00252224
0.310547	0.771484	0.0021933
0.689453	0.228516	-0.0021933
0.322266	0.775391	0.00237368
0.677734	0.224609	-0.00237368
0.337891	0.779297	0.00210014
0.662109	0.220703	-0.00210014
0.380859	0.787109	0.00229647
0.619141	0.212891	-0.00229647
0.521484	0.779297	0.00326811
0.478516	0.220703	-0.00326811
0.548828	0.771484	0.00365431
0.451172	0.228516	-0.00365431
0.501953	0.783203	0.00282828
0.498047	0.216797	-0.00282828
0.474609	0.787109	0.00247898
0.525391	0.212891	-0.00247898
0.193359	0.111328	5.00588e-06
0.806641	0.888672	-5.00533e-06
0.146484	0.197266	-0.000649956
0.853516	0.802734	0.000649956
0.138672	0.224609	-0.000874468
0.861328	0.775391	0.000874467
0.126953	0.287109	-0.000931294
0.873047	0.712891	0.000931294
0.123047	0.326172	-0.00101053
0.876953	0.673828	0.00101053
0.123047	0.451172	-0.000850642
0.876953	0.548828	0.000850642
0.134766	0.541016	-0.00035236
0.865234	0.458984	0.00035236
0.158203	0.623047	0.000507051
0.841797	0.376953	-0.000507051
0.197266	0.693359	0.00181314
0.802734	0.306641	-0.00181314
0.236328	0.732422	0.00227682
0.763672	0.267578	-0.00227682
0.259766	0.748047	0.00201848
0.740234	0.251953	-0.00201848
0.291016	0.763672	0.00184922
0.708984	0.236328	-0.00184922
0.357422	0.783203	0.00188142
0.642578	0.216797	-0.00188142
0.384766	0.787109	0.00187347
0.615234	0.212891	-0.00187347
0.388672	0.787109	0.00149032
0.611328	0.212891	-0.00149032
0.568359	0.763672	0.00350598
0.431641	0.236328	-0.00350598
0.533203	0.775391	0.00259045
0.466797	0.224609	-0.00259045
0.517578	0.779297	0.00233301
0.482422	0.220703	-0.00233301
0.470703	0.787109	0.00203826
0.529297	0.212891	-0.00203826
0.498047	0.783203	0.00210674
0.501953	0.216797	-0.00210674
0.556641	0.767578	0.00267929
0.443359	0.232422	-0.00267929
0.576172	0.759766	0.00320047
0.423828	0.240234	-0.00320047
0.466797	0.787109	0.00163451
0.533203	0.212891	-0.00163451
0.330078	0.0371094	-0.00276399
0.669922	0.962891	0.00276405
0.236328	0.0761719	-0.00135598
0.763672	0.923828	0.00135601
0.224609	0.0839844	-0.00103558
0.775391	0.916016	0.00103558
0.205078	0.0996094	-0.000334055
0.794922	0.900391	0.000334059
0.201172	0.103516	-0.00036948
0.798828	0.896484	0.000369483
0.197266	0.107422	-0.00025732
0.802734	0.892578	0.000257322
0.181641	0.126953	-0.00061562
0.818359	0.873047	0.00061562
0.173828	0.138672	-0.000718191
0.826172	0.861328	0.000718191
0.130859	0.263672	-0.00127841
0.869141	0.736328	0.00127841
0.126953	0.291016	-0.00142583
0.873047	0.708984	0.00142583
0.123047	0.330078	-0.00128777
0.876953	0.669922	0.00128777
0.123047	0.447266	-0.00112863
0.876953	0.552734	0.00112863
0.126953	0.490234	-0.000874858
0.873047	0.509766	0.000874858
0.130859	0.517578	-0.000775799
0.869141	0.482422	0.000775799
0.146484	0.587891	-0.00024033
0.853516	0.412109	0.00024033
0.154297	0.611328	-0.000133561
0.845703	0.388672	0.000133561
0.181641	0.669922	0.000996107
0.818359	0.330078	-0.000996107
0.189453	0.681641	0.00101349
0.810547	0.318359	-0.00101349
0.232422	0.728516	0.00164228
0.767578	0.271484	-0.00164228
0.248047	0.740234	0.00172203
0.751953	0.259766	-0.00172203
0.267578	0.751953	0.00152877
0.732422	0.248047	-0.00152877
0.283203	0.759766	0.00145115
0.716797	0.240234	-0.00145115
0.275391	0.755859	0.00134225
0.724609	0.244141	-0.00134225
0.302734	0.767578	0.00114467
0.697266	0.232422	-0.00114467
0.326172	0.775391	0.00129968
0.673828	0.224609	-0.00129968
0.314453	0.771484	0.00097231
0.685547	0.228516	-0.00097231
0.341797	0.779297	0.00121
0.658203	0.220703	-0.00121
0.361328	0.783203	0.0012077
0.638672	0.216797	-0.0012077
0.392578	0.787109	0.00114622
0.607422	0.212891	-0.00114622
0.544922	0.771484	0.00238689
0.455078	0.228516	-0.00238689
0.583984	0.755859	0.00318766
0.416016	0.244141	-0.00318766
0.396484	0.787109	0.000840081
0.603516	0.212891	-0.000840081
0.513672	0.779297	0.00143936
0.486328	0.220703	-0.00143936
0.494141	0.783203	0.00142475
0.505859	0.216797	-0.00142475
0.462891	0.787109	0.00126842
0.537109	0.212891	-0.00126842
0.283203	0.0527344	-0.0022512
0.716797	0.947266	0.00225132
0.154297	0.177734	-0.00113462
0.845703	0.822266	0.00113462
0.134766	0.244141	-0.00146532
0.865234	0.755859	0.00146532
0.123047	0.333984	-0.00154597
0.876953	0.666016	0.00154597
0.123047	0.443359	-0.00138896
0.876953	0.556641	0.00138896
0.126953	0.486328	-0.0013509
0.873047	0.513672	0.0013509
0.123047	0.439453	-0.00163196
0.876953	0.560547	0.00163196
0.134766	0.537109	-0.001122
0.865234	0.462891	0.001122
0.138672	0.556641	-0.000809336
0.861328	0.443359	0.000809336
0.142578	0.572266	-0.000792296
0.857422	0.427734	0.000792296
0.150391	0.599609	-0.000372847
0.849609	0.400391	0.000372847
0.162109	0.630859	-1.94879e-05
0.837891	0.369141	1.94878e-05
0.177734	0.662109	0.000271129
0.822266	0.337891	-0.000271129
0.201172	0.697266	0.00126028
0.798828	0.302734	-0.00126028
0.228516	0.724609	0.00113657
0.771484	0.275391	-0.00113657
0.345703	0.779297	0.000361788
0.654297	0.220703	-0.000361788
0.365234	0.783203	0.000573568
0.634766	0.216797	-0.000573568
0.400391	0.787109	0.000570688
0.599609	0.212891	-0.000570688
0.529297	0.775391	0.00151358
0.470703	0.224609	-0.00151358
0.564453	0.763672	0.00196898
0.435547	0.236328	-0.00196898
0.603516	0.744141	0.00281904
0.396484	0.255859	-0.00281904
0.458984	0.787109	0.000940826
0.541016	0.212891	-0.000940826
0.541016	0.771484	0.00116366
0.458984	0.228516	-0.00116366
0.404297	0.787109	0.000337175
0.595703	0.212891	-0.000337174
0.552734	0.767578	0.00130491
0.447266	0.232422	-0.00130491
0.490234	0.783203	0.000782603
0.509766	0.216797	-0.000782603
0.615234	0.736328	0.00302464
0.384766	0.263672	-0.00302464
0.595703	0.748047	0.00204156
0.404297	0.251953	-0.00204156
0.455078	0.787109	0.000652012
0.544922	0.212891	-0.000652012
0.451172	0.787109	0.000401768
0.548828	0.212891	-0.000401768
0.677734	0.662109	0.00339728
0.322266	0.337891	-0.00339728
0.685547	0.642578	0.00306879
0.314453	0.357422	-0.00306879
0.689453	0.630859	0.00313306
0.310547	0.369141	-0.00313306
0.693359	0.615234	0.00305672
0.306641	0.384766	-0.00305672
0.494141	0.537109	-0.00250955
0.505859	0.462891	0.00250955
0.697266	0.595703	0.00367154
0.302734	0.404297	-0.00367154
0.697266	0.591797	0.00323988
0.302734	0.408203	-0.00323988
0.697266	0.587891	0.00287618
0.302734	0.412109	-0.00287618
0.697266	0.544922	0.00344776
0.302734	0.455078	-0.00344776
0.361328	0.0292969	-0.00315712
0.638672	0.970703	0.00315712
0.169922	0.146484	-0.00141142
0.830078	0.853516	0.00141142
0.158203	0.169922	-0.00162592
0.841797	0.830078	0.00162592
0.142578	0.212891	-0.00157792
0.857422	0.787109	0.00157792
0.150391	0.189453	-0.00173458
0.849609	0.810547	0.00173458
0.138672	0.228516	-0.00181171
0.861328	0.771484	0.00181171
0.130859	0.267578	-0.00192256
0.869141	0.732422	0.00192256
0.126953	0.294922	-0.00189689
0.873047	0.705078	0.00189689
0.123047	0.337891	-0.00178519
0.876953	0.662109	0.00178519
0.123047	0.341797	-0.00200505
0.876953	0.658203	0.00200505
0.130859	0.513672	-0.00140568
0.869141	0.486328	0.00140568
0.123047	0.435547	-0.00185755
0.876953	0.564453	0.00185755
0.126953	0.482422	-0.00180436
0.873047	0.517578	0.00180436
0.158203	0.619141	-0.000962281
0.841797	0.380859	0.000962281
0.166016	0.638672	-0.000319894
0.833984	0.361328	0.000319894
0.169922	0.646484	-0.000376335
0.830078	0.353516	0.000376335
0.173828	0.654297	-0.000182586
0.826172	0.345703	0.000182586
0.185547	0.673828	-0.000169006
0.814453	0.326172	0.000169006
0.205078	0.701172	0.000837251
0.794922	0.298828	-0.000837251
0.193359	0.685547	0.000146683
0.806641	0.314453	-0.000146683
0.208984	0.705078	0.000550356
0.791016	0.294922	-0.000550356
0.224609	0.720703	0.000760168
0.775391	0.279297	-0.000760168
0.244141	0.736328	0.000757672
0.755859	0.263672	-0.000757672
0.255859	0.744141	0.000731664
0.744141	0.255859	-0.000731664
0.294922	0.763672	0.000359174
0.705078	0.236328	-0.000359174
0.330078	0.775391	0.000268884
0.669922	0.224609	-0.000268884
0.318359	0.771484	-0.000205032
0.681641	0.228516	0.000205032
0.369141	0.783203	-2.01308e-05
0.630859	0.216797	2.0131e-05
0.509766	0.779297	0.000586805
0.490234	0.220703	-0.000586804
0.572266	0.759766	0.00154385
0.427734	0.240234	-0.00154385
0.408203	0.787109	0.00013933
0.591797	0.212891	-0.00013933
0.580078	0.755859	0.00141314
0.419922	0.244141	-0.00141314
0.525391	0.775391	0.000480383
0.474609	0.224609	-0.000480383
0.412109	0.787109	-2.2426e-05
0.587891	0.212891	2.24261e-05
0.486328	0.783203	0.00018095
0.513672	0.216797	-0.00018095
0.587891	0.751953	0.00157715
0.412109	0.248047	-0.00157715
0.416016	0.787109	-0.000147505
0.583984	0.212891	0.000147505
0.447266	0.787109	0.00018973
0.552734	0.212891	-0.00018973
0.607422	0.740234	0.00171217
0.392578	0.259766	-0.00171217
0.619141	0.732422	0.00226546
0.380859	0.267578	-0.00226546
0.419922	0.787109	-0.000235599
0.580078	0.212891	0.0002356
0.443359	0.787109	1.56966e-05
0.556641	0.212891	-1.56964e-05
0.439453	0.787109	-0.000120304
0.560547	0.212891	0.000120305
0.435547	0.787109	-0.000218245
0.564453	0.212891	0.000218245
0.658203	0.693359	0.00281377
0.341797	0.306641	-0.00281377
0.666016	0.681641	0.00263981
0.333984	0.318359	-0.00263981
0.423828	0.787109	-0.000286743
0.576172	0.212891	0.000286743
0.427734	0.787109	-0.000301035
0.572266	0.212891	0.000301035
0.431641	0.787109	-0.00027834
0.568359	0.212891	0.00027834
0.681641	0.650391	0.00222443
0.318359	0.349609	-0.00222443
0.494141	0.533203	-0.00124471
0.505859	0.466797	0.00124471
0.689453	0.626953	0.00206786
0.310547	0.373047	-0.00206786
0.693359	0.611328	0.00227456
0.306641	0.388672	-0.00227456
0.697266	0.583984	0.00258112
0.302734	0.416016	-0.00258112
0.693359	0.521484	0.00357931
0.306641	0.478516	-0.00357931
0.697266	0.548828	0.00304693
0.302734	0.451172	-0.00304693
0.697266	0.580078	0.00235537
0.302734	0.419922	-0.00235537
0.689453	0.509766	0.00285918
0.310547	0.490234	-0.00285918
0.697266	0.576172	0.00219927
0.302734	0.423828	-0.00219927
0.693359	0.525391	0.00272701
0.306641	0.474609	-0.00272701
0.697266	0.552734	0.00271679
0.302734	0.447266	-0.00271679
0.697266	0.556641	0.00245697
0.302734	0.443359	-0.00245697
0.697266	0.572266	0.00211269
0.302734	0.427734	-0.00211269
0.697266	0.568359	0.00209523
0.302734	0.431641	-0.00209523
0.697266	0.564453	0.00214665
0.302734	0.435547	-0.00214665
0.697266	0.560547	0.00226709
0.302734	0.439453	-0.00226709
0.345703	0.0332031	-0.00314104
0.654297	0.966797	0.00314112
0.244141	0.0722656	-0.00219936
0.755859	0.927734	0.00219941
0.220703	0.0878906	-0.00175131
0.779297	0.912109	0.0017513
0.185547	0.123047	-0.00140525
0.814453	0.876953	0.00140525
0.166016	0.154297	-0.00178322
0.833984	0.845703	0.00178322
0.162109	0.162109	-0.00184757
0.837891	0.837891	0.00184757
0.146484	0.201172	-0.0018677
0.853516	0.798828	0.0018677
0.123047	0.345703	-0.00220531
0.876953	0.654297	0.00220531
0.123047	0.431641	-0.00206536
0.876953	0.568359	0.00206536
0.123047	0.427734	-0.0022551
0.876953	0.572266	0.0022551
0.130859	0.509766	-0.00201364
0.869141	0.490234	0.00201364
0.134766	0.533203	-0.00186664
0.865234	0.466797	0.00186664
0.138672	0.552734	-0.00168905
0.861328	0.447266	0.00168905
0.146484	0.583984	-0.00136572
0.853516	0.416016	0.00136572
0.142578	0.568359	-0.00178837
0.857422	0.431641	0.00178837
0.150391	0.595703	-0.00160577
0.849609	0.404297	0.00160577
0.154297	0.607422	-0.00147981
0.845703	0.392578	0.00147981
0.212891	0.708984	0.00040263
0.787109	0.291016	-0.00040263
0.220703	0.716797	0.000511724
0.779297	0.283203	-0.000511724
0.216797	0.712891	0.000391462
0.783203	0.287109	-0.000391462
0.240234	0.732422	-7.79699e-05
0.759766	0.267578	7.797e-05
0.263672	0.748047	5.44142e-05
0.736328	0.251953	-5.44141e-05
0.287109	0.759766	-0.000155147
0.712891	0.240234	0.000155147
0.271484	0.751953	-0.000315431
0.728516	0.248047	0.000315431
0.279297	0.755859	-0.000382882
0.720703	0.244141	0.000382882
0.306641	0.767578	-0.000187225
0.693359	0.232422	0.000187225
0.349609	0.779297	-0.000443972
0.650391	0.220703	0.000443972
0.333984	0.775391	-0.000718499
0.666016	0.224609	0.000718499
0.373047	0.783203	-0.000572771
0.626953	0.216797	0.000572772
0.560547	0.763672	0.000480525
0.439453	0.236328	-0.000480525
0.505859	0.474609	-0.000928301
0.494141	0.525391	0.000928301
0.505859	0.779297	-0.00022449
0.494141	0.220703	0.000224491
0.537109	0.771484	-1.50181e-05
0.462891	0.228516	1.50182e-05
0.548828	0.767578	-2.36834e-05
0.451172	0.232422	2.36836e-05
0.482422	0.783203	-0.000380176
0.517578	0.216797	0.000380176
0.623047	0.728516	0.00164681
0.376953	0.271484	-0.00164681
0.599609	0.744141	0.000732943
0.400391	0.255859	-0.000732943
0.654297	0.697266	0.00207467
0.345703	0.302734	-0.00207467
0.669922	0.673828	0.00195807
0.330078	0.326172	-0.00195807
0.494141	0.529297	-0.000101874
0.505859	0.470703	0.000101874
0.626953	0.724609	0.00117181
0.373047	0.275391	-0.00117181
0.650391	0.701172	0.00148867
0.349609	0.298828	-0.00148867
0.662109	0.685547	0.00151068
0.337891	0.314453	-0.00151068
0.673828	0.666016	0.00165817
0.326172	0.333984	-0.00165817
0.677734	0.658203	0.00174759
0.322266	0.341797	-0.00174759
0.685547	0.638672	0.00178916
0.314453	0.361328	-0.00178916
0.689453	0.623047	0.00106782
0.310547	0.376953	-0.00106782
0.693359	0.607422	0.00155932
0.306641	0.392578	-0.00155932
0.685547	0.498047	0.00294477
0.314453	0.501953	-0.00294477
0.693359	0.529297	0.00195016
0.306641	0.470703	-0.00195016
0.509766	0.455078	0.00188204
0.490234	0.544922	-0.00188204
0.681641	0.490234	0.00228184
0.318359	0.509766	-0.00228184
0.669922	0.466797	0.00307476
0.330078	0.533203	-0.00307476
0.689453	0.513672	0.00176243
0.310547	0.486328	-0.00176243
0.318359	0.0410156	-0.00312498
0.681641	0.958984	0.00312494
0.294922	0.0488281	-0.0029136
0.705078	0.951172	0.00291363
0.275391	0.0566406	-0.00274054
0.724609	0.943359	0.00274058
0.177734	0.134766	-0.00185625
0.822266	0.865234	0.00185625
0.134766	0.248047	-0.00224531
0.865234	0.751953	0.00224531
0.126953	0.298828	-0.00234498
0.873047	0.701172	0.00234498
0.130859	0.271484	-0.00254076
0.869141	0.728516	0.00254076
0.123047	0.349609	-0.00238634
0.876953	0.650391	0.00238634
0.123047	0.353516	-0.00254896
0.876953	0.646484	0.00254896
0.126953	0.478516	-0.00223677
0.873047	0.521484	0.00223677
0.123047	0.423828	-0.00242687
0.876953	0.576172	0.00242687
0.123047	0.419922	-0.00258123
0.876953	0.580078	0.00258123
0.162109	0.626953	-0.00157841
0.837891	0.373047	0.00157841
0.181641	0.666016	-0.00106566
0.818359	0.333984	0.00106566
0.197266	0.689453	-0.000599132
0.802734	0.310547	0.000599132
0.251953	0.740234	-0.000436894
0.748047	0.259766	0.000436894
0.298828	0.763672	-0.00108446
0.701172	0.236328	0.00108446
0.505859	0.478516	-0.00185702
0.494141	0.521484	0.00185702
0.322266	0.771484	-0.00133778
0.677734	0.228516	0.00133778
0.353516	0.779297	-0.00120737
0.646484	0.220703	0.00120737
0.376953	0.783203	-0.00108394
0.623047	0.216797	0.00108394
0.521484	0.775391	-0.000508803
0.478516	0.224609	0.000508803
0.568359	0.759766	-6.43664e-05
0.431641	0.240234	6.43666e-05
0.501953	0.779297	-0.00099436
0.498047	0.220703	0.00099436
0.478516	0.783203	-0.000901415
0.521484	0.216797	0.000901415
0.576172	0.755859	-0.000314824
0.423828	0.244141	0.000314825
0.583984	0.751953	-0.000268438
0.416016	0.248047	0.000268439
0.591797	0.748047	7.70659e-05
0.408203	0.251953	-7.70657e-05
0.611328	0.736328	0.000736706
0.388672	0.263672	-0.000736705
0.630859	0.720703	0.000844939
0.369141	0.279297	-0.000844939
0.646484	0.705078	0.0010566
0.353516	0.294922	-0.0010566
0.634766	0.716797	0.000670196
0.365234	0.283203	-0.000670196
0.638672	0.712891	0.000648156
0.361328	0.287109	-0.000648156
0.642578	0.708984	0.000777049
0.357422	0.291016	-0.000777049
0.658203	0.689453	0.000530579
0.341797	0.310547	-0.000530578
0.666016	0.677734	0.000591163
0.333984	0.322266	-0.000591162
0.681641	0.646484	0.000793246
0.318359	0.353516	-0.000793246
0.685547	0.634766	0.000571642
0.314453	0.365234	-0.000571642
0.677734	0.654297	0.000160464
0.322266	0.345703	-0.000160464
0.693359	0.603516	0.000911866
0.306641	0.396484	-0.000911866
0.689453	0.619141	0.000134216
0.310547	0.380859	-0.000134216
0.693359	0.599609	0.000332844
0.306641	0.400391	-0.000332844
0.677734	0.482422	0.0020675
0.322266	0.517578	-0.0020675
0.685547	0.501953	0.00160112
0.314453	0.498047	-0.00160112
0.673828	0.474609	0.00232497
0.326172	0.525391	-0.00232497
0.693359	0.533203	0.00124842
0.306641	0.466797	-0.00124842
0.490234	0.541016	-0.000292472
0.509766	0.458984	0.000292472
0.513672	0.447266	0.00213077
0.486328	0.552734	-0.00213077
0.666016	0.462891	0.00204439
0.333984	0.537109	-0.00204439
0.689453	0.517578	0.000740086
0.310547	0.482422	-0.000740086
0.693359	0.537109	0.000620872
0.306641	0.462891	-0.000620872
0.630859	0.427734	0.00307903
0.369141	0.572266	-0.00307903
0.623047	0.423828	0.00259145
0.376953	0.576172	-0.00259145
0.615234	0.419922	0.00279516
0.384766	0.580078	-0.00279516
0.603516	0.416016	0.00256541
0.396484	0.583984	-0.00256541
0.587891	0.412109	0.00333233
0.412109	0.587891	-0.00333233
0.552734	0.416016	0.00261924
0.447266	0.583984	-0.00261924
0.583984	0.412109	0.00297534
0.416016	0.587891	-0.00297534
0.564453	0.412109	0.00374837
0.435547	0.587891	-0.00374837
0.568359	0.412109	0.003242
0.431641	0.587891	-0.003242
0.580078	0.412109	0.00278374
0.419922	0.587891	-0.00278374
0.572266	0.412109	0.0029138
0.427734	0.587891	-0.0029138
0.576172	0.412109	0.00276199
0.423828	0.587891	-0.00276199
0.306641	0.0449219	-0.00318783
0.693359	0.955078	0.00318776
0.748047	0.931641	0.00273835
0.251953	0.0683594	-0.00273834
0.232422	0.0800781	-0.00241946
0.767578	0.919922	0.00241948
0.189453	0.119141	-0.00204756
0.810547	0.880859	0.00204756
0.154297	0.181641	-0.00258884
0.845703	0.818359	0.00258884
0.142578	0.216797	-0.00263346
0.857422	0.783203	0.00263346
0.138672	0.232422	-0.00271743
0.861328	0.767578	0.00271743
0.126953	0.302734	-0.00277054
0.873047	0.697266	0.00277054
0.123047	0.357422	-0.00269388
0.876953	0.642578	0.00269388
0.123047	0.361328	-0.00282119
0.876953	0.638672	0.00282119
0.123047	0.365234	-0.00293044
0.876953	0.634766	0.00293044
0.123047	0.416016	-0.00271885
0.876953	0.583984	0.00271885
0.126953	0.474609	-0.00264967
0.873047	0.525391	0.00264967
0.123047	0.412109	-0.00284009
0.876953	0.587891	0.00284009
0.130859	0.505859	-0.00260025
0.869141	0.494141	0.00260025
0.134766	0.529297	-0.00258767
0.865234	0.470703	0.00258767
0.138672	0.548828	-0.0025427
0.861328	0.451172	0.0025427
0.146484	0.580078	-0.00246058
0.853516	0.419922	0.00246058
0.166016	0.634766	-0.00197359
0.833984	0.365234	0.00197359
0.177734	0.658203	-0.00168557
0.822266	0.341797	0.00168557
0.189453	0.677734	-0.00122219
0.810547	0.322266	0.00122219
0.201172	0.693359	-0.00122116
0.798828	0.306641	0.00122116
0.236328	0.728516	-0.000785631
0.763672	0.271484	0.000785631
0.259766	0.744141	-0.00130571
0.740234	0.255859	0.00130571
0.291016	0.759766	-0.0017127
0.708984	0.240234	0.0017127
0.310547	0.767578	-0.00147111
0.689453	0.232422	0.00147111
0.337891	0.775391	-0.00166222
0.662109	0.224609	0.00166222
0.357422	0.779297	-0.00192884
0.642578	0.220703	0.00192884
0.380859	0.783203	-0.00155341
0.619141	0.216797	0.00155341
0.533203	0.771484	-0.0011488
0.466797	0.228516	0.0011488
0.556641	0.763672	-0.000959487
0.443359	0.236328	0.000959487
0.474609	0.783203	-0.00138378
0.525391	0.216797	0.00138378
0.384766	0.783203	-0.00198146
0.615234	0.216797	0.00198146
0.517578	0.775391	-0.00145427
0.482422	0.224609	0.00145427
0.544922	0.767578	-0.00130677
0.455078	0.232422	0.00130677
0.498047	0.779297	-0.00172316
0.501953	0.220703	0.00172316
0.603516	0.740234	-0.000451477
0.396484	0.259766	0.000451477
0.615234	0.732422	-0.000102029
0.384766	0.267578	0.000102029
0.470703	0.783203	-0.00182826
0.529297	0.216797	0.00182826
0.654297	0.693359	-0.000297612
0.345703	0.306641	0.000297612
0.669922	0.669922	5.72606e-05
0.330078	0.330078	-5.72604e-05
0.673828	0.662109	-8.8665e-05
0.326172	0.337891	8.86653e-05
0.681641	0.642578	-0.000574755
0.318359	0.357422	0.000574755
0.685547	0.630859	-0.000581218
0.314453	0.369141	0.000581219
0.689453	0.615234	-0.0007319
0.310547	0.384766	0.0007319
0.693359	0.595703	-0.000177414
0.306641	0.404297	0.000177415
0.681641	0.494141	0.000756878
0.318359	0.505859	-0.000756878
0.490234	0.537109	0.001155
0.509766	0.462891	-0.001155
0.685547	0.505859	0.000331864
0.314453	0.494141	-0.000331864
0.669922	0.470703	0.00097961
0.330078	0.529297	-0.00097961
0.693359	0.541016	6.67833e-05
0.306641	0.458984	-6.67831e-05
0.693359	0.591797	-0.00061851
0.306641	0.408203	0.00061851
0.677734	0.486328	0.000355548
0.322266	0.513672	-0.000355548
0.673828	0.478516	0.000422216
0.326172	0.521484	-0.000422216
0.689453	0.521484	-0.00020658
0.310547	0.478516	0.00020658
0.662109	0.458984	0.0012198
0.337891	0.541016	-0.0012198
0.693359	0.544922	-0.000414198
0.306641	0.455078	0.000414198
0.513672	0.451172	0.000172615
0.486328	0.548828	-0.000172615
0.634766	0.431641	0.00197354
0.365234	0.568359	-0.00197354
0.638672	0.435547	0.00112604
0.361328	0.564453	-0.00112604
0.517578	0.443359	0.00101984
0.482422	0.556641	-0.00101984
0.626953	0.427734	0.00106591
0.373047	0.572266	-0.00106591
0.619141	0.423828	0.000849921
0.380859	0.576172	-0.000849921
0.611328	0.419922	0.00134333
0.388672	0.580078	-0.00134333
0.599609	0.416016	0.00156373
0.400391	0.583984	-0.00156373
0.537109	0.423828	0.00197596
0.462891	0.576172	-0.00197596
0.544922	0.419922	0.00177256
0.455078	0.580078	-0.00177256
0.556641	0.416016	0.00152788
0.443359	0.583984	-0.00152788
0.267578	0.0605469	-0.00298548
0.732422	0.939453	0.00298543
0.259766	0.0644531	-0.00299221
0.740234	0.935547	0.00299216
0.216797	0.0917969	-0.00232297
0.783203	0.908203	0.00232296
0.146484	0.205078	-0.00304607
0.853516	0.794922	0.00304607
0.134766	0.251953	-0.00299632
0.865234	0.748047	0.00299632
0.130859	0.275391	-0.00313346
0.869141	0.724609	0.00313346
0.126953	0.306641	-0.00317371
0.873047	0.693359	0.00317371
0.123047	0.369141	-0.00302112
0.876953	0.630859	0.00302112
0.123047	0.408203	-0.00294473
0.876953	0.591797	0.00294473
0.123047	0.373047	-0.00309305
0.876953	0.626953	0.00309305
0.123047	0.376953	-0.00314651
0.876953	0.623047	0.00314651
0.123047	0.380859	-0.00318205
0.876953	0.619141	0.00318205
0.123047	0.404297	-0.0030321
0.876953	0.595703	0.0030321
0.126953	0.470703	-0.00304362
0.873047	0.529297	0.00304362
0.123047	0.384766	-0.0032003
0.876953	0.615234	0.0032003
0.123047	0.388672	-0.00320162
0.876953	0.611328	0.00320162
0.123047	0.392578	-0.00318591
0.876953	0.607422	0.00318591
0.123047	0.400391	-0.00310153
0.876953	0.599609	0.00310153
0.123047	0.396484	-0.00315273
0.876953	0.603516	0.00315273
0.142578	0.564453	-0.00275493
0.857422	0.435547	0.00275493
0.150391	0.591797	-0.00280506
0.849609	0.408203	0.00280506
0.154297	0.603516	-0.00279151
0.845703	0.396484	0.00279151
0.158203	0.615234	-0.00239445
0.841797	0.384766	0.00239445
0.169922	0.642578	-0.00212977
0.830078	0.357422	0.00212977
0.173828	0.650391	-0.0020359
0.826172	0.349609	0.0020359
0.505859	0.482422	-0.00269737
0.494141	0.517578	0.00269737
0.205078	0.697266	-0.00171489
0.794922	0.302734	0.00171489
0.232422	0.724609	-0.00136387
0.767578	0.275391	0.00136387
0.248047	0.736328	-0.00147885
0.751953	0.263672	0.00147885
0.267578	0.748047	-0.00186287
0.732422	0.251953	0.00186287
0.275391	0.751953	-0.00211141
0.724609	0.248047	0.00211141
0.283203	0.755859	-0.00205926
0.716797	0.244141	0.00205926
0.326172	0.771484	-0.00242455
0.673828	0.228516	0.00242455
0.341797	0.775391	-0.00256203
0.658203	0.224609	0.00256203
0.361328	0.779297	-0.00260931
0.638672	0.220703	0.00260931
0.388672	0.783203	-0.00236878
0.611328	0.216797	0.00236878
0.564453	0.759766	-0.00162306
0.435547	0.240234	0.00162306
0.529297	0.771484	-0.00223798
0.470703	0.228516	0.00223798
0.513672	0.775391	-0.00235713
0.486328	0.224609	0.00235713
0.466797	0.783203	-0.00223518
0.533203	0.216797	0.00223518
0.595703	0.744141	-0.00130675
0.404297	0.255859	0.00130675
0.494141	0.779297	-0.00241149
0.505859	0.220703	0.00241149
0.572266	0.755859	-0.00199467
0.427734	0.244141	0.00199467
0.462891	0.783203	-0.00260401
0.537109	0.216797	0.00260401
0.587891	0.748047	-0.00184078
0.412109	0.251953	0.00184078
0.619141	0.728516	-0.000799908
0.380859	0.271484	0.000799909
0.607422	0.736328	-0.00150581
0.392578	0.263672	0.00150581
0.662109	0.681641	-0.000630201
0.337891	0.318359	0.000630201
0.650391	0.697266	-0.000971157
0.349609	0.302734	0.000971158
0.666016	0.673828	-0.00140135
0.333984	0.326172	0.00140135
0.677734	0.650391	-0.0013619
0.322266	0.349609	0.0013619
0.685547	0.626953	-0.00166712
0.314453	0.373047	0.00166712
0.689453	0.611328	-0.0015296
0.310547	0.388672	0.0015296
0.693359	0.587891	-0.000990017
0.306641	0.412109	0.000990017
0.693359	0.583984	-0.0012914
0.306641	0.416016	0.0012914
0.681641	0.498047	-0.000691978
0.318359	0.501953	0.000691978
0.685547	0.509766	-0.000862467
0.314453	0.490234	0.000862467
0.658203	0.455078	0.000612622
0.341797	0.544922	-0.000612622
0.693359	0.548828	-0.000822447
0.306641	0.451172	0.000822447
0.693359	0.580078	-0.00152207
0.306641	0.419922	0.00152207
0.666016	0.466797	-0.000171521
0.333984	0.533203	0.000171522
0.689453	0.525391	-0.00107641
0.310547	0.474609	0.00107641
0.654297	0.451172	0.000234132
0.345703	0.548828	-0.000234131
0.693359	0.552734	-0.00115842
0.306641	0.447266	0.00115842
0.642578	0.439453	0.000533524
0.357422	0.560547	-0.000533524
0.693359	0.576172	-0.00168173
0.306641	0.423828	0.00168173
0.693359	0.572266	-0.00177055
0.306641	0.427734	0.00177055
0.650391	0.447266	9.20335e-05
0.349609	0.552734	-9.20335e-05
0.646484	0.443359	0.00019055
0.353516	0.556641	-0.00019055
0.693359	0.556641	-0.00142256
0.306641	0.443359	0.00142256
0.693359	0.560547	-0.00161534
0.306641	0.439453	0.00161534
0.693359	0.568359	-0.001789
0.306641	0.431641	0.001789
0.693359	0.564453	-0.00173732
0.306641	0.435547	0.00173732
0.630859	0.431641	-0.000200371
0.369141	0.568359	0.000200371
0.521484	0.439453	0.000319916
0.478516	0.560547	-0.000319916
0.525391	0.435547	5.8494e-05
0.474609	0.564453	-5.84941e-05
0.533203	0.427734	0.000894914
0.466797	0.572266	-0.000894914
0.595703	0.416016	0.000709203
0.404297	0.583984	-0.000709203
0.607422	0.419922	1.94803e-05
0.392578	0.580078	-1.94803e-05
0.529297	0.431641	0.000250556
0.470703	0.568359	-0.000250557
0.541016	0.423828	2.17609e-05
0.458984	0.576172	-2.1761e-05
0.591797	0.416016	8.52081e-06
0.408203	0.583984	-8.52084e-06
0.548828	0.419922	0.000252076
0.451172	0.580078	-0.000252076
0.560547	0.416016	0.000621681
0.439453	0.583984	-0.000621681
0.587891	0.416016	-0.000531859
0.412109	0.583984	0.000531859
0.564453	0.416016	-9.70825e-05
0.435547	0.583984	9.70824e-05
0.568359	0.416016	-0.000627829
0.431641	0.583984	0.000627829
0.419922	0.0175781	-0.00374829
0.580078	0.982422	0.00374829
0.380859	0.0253906	-0.00369908
0.619141	0.974609	0.00369906
0.193359	0.115234	-0.00254665
0.806641	0.884766	0.00254665
0.181641	0.130859	-0.00287061
0.818359	0.869141	0.00287061
0.173828	0.142578	-0.00276865
0.826172	0.857422	0.00276865
0.150391	0.193359	-0.00304773
0.849609	0.806641	0.00304773
0.158203	0.173828	-0.00319341
0.841797	0.826172	0.00319341
0.505859	0.486328	-0.00346374
0.494141	0.513672	0.00346374
0.130859	0.501953	-0.00316586
0.869141	0.498047	0.00316586
0.126953	0.466797	-0.0034186
0.873047	0.533203	0.0034186
0.134766	0.525391	-0.00328599
0.865234	0.474609	0.00328599
0.138672	0.544922	-0.00336973
0.861328	0.455078	0.00336973
0.162109	0.623047	-0.00310003
0.837891	0.376953	0.00310003
0.185547	0.669922	-0.00229643
0.814453	0.330078	0.00229643
0.193359	0.681641	-0.00215801
0.806641	0.318359	0.00215801
0.208984	0.701172	-0.00207394
0.791016	0.298828	0.00207394
0.228516	0.720703	-0.00181085
0.771484	0.279297	0.00181085
0.224609	0.716797	-0.00212753
0.775391	0.283203	0.00212753
0.244141	0.732422	-0.00238979
0.755859	0.267578	0.00238979
0.255859	0.740234	-0.00254786
0.744141	0.259766	0.00254786
0.302734	0.763672	-0.00247979
0.697266	0.236328	0.00247979
0.314453	0.767578	-0.00270648
0.685547	0.232422	0.00270648
0.392578	0.783203	-0.00271635
0.607422	0.216797	0.00271635
0.552734	0.763672	-0.00235148
0.447266	0.236328	0.00235148
0.396484	0.783203	-0.0030254
0.603516	0.216797	0.0030254
0.541016	0.767578	-0.00254449
0.458984	0.232422	0.00254449
0.580078	0.751953	-0.00206737
0.419922	0.248047	0.00206737
0.490234	0.779297	-0.00305934
0.509766	0.220703	0.00305935
0.458984	0.783203	-0.00293391
0.541016	0.216797	0.00293391
0.623047	0.724609	-0.00135386
0.376953	0.275391	0.00135386
0.626953	0.720703	-0.00176007
0.373047	0.279297	0.00176007
0.646484	0.701172	-0.00148835
0.353516	0.298828	0.00148835
0.455078	0.783203	-0.0032245
0.544922	0.216797	0.0032245
0.642578	0.705078	-0.00184969
0.357422	0.294922	0.00184969
0.658203	0.685547	-0.00170085
0.341797	0.314453	0.00170085
0.669922	0.666016	-0.00178353
0.330078	0.333984	0.00178353
0.673828	0.658203	-0.00177107
0.326172	0.341797	0.00177107
0.681641	0.638672	-0.0018782
0.318359	0.361328	0.0018782
0.490234	0.533203	0.00246528
0.509766	0.466797	-0.00246528
0.685547	0.623047	-0.00268488
0.314453	0.376953	0.00268488
0.689453	0.607422	-0.00225809
0.310547	0.392578	0.00225809
0.677734	0.490234	-0.00128004
0.322266	0.509766	0.00128004
0.669922	0.474609	-0.00104237
0.330078	0.525391	0.00104237
0.513672	0.455078	-0.00163628
0.486328	0.544922	0.00163628
0.673828	0.482422	-0.00140491
0.326172	0.517578	0.00140491
0.685547	0.513672	-0.00198127
0.314453	0.486328	0.00198127
0.662109	0.462891	-0.00111844
0.337891	0.537109	0.00111844
0.689453	0.529297	-0.00186874
0.310547	0.470703	0.00186874
0.517578	0.447266	-0.00117694
0.482422	0.552734	0.00117694
0.681641	0.501953	-0.00206377
0.318359	0.498047	0.00206377
0.689453	0.533203	-0.00258367
0.310547	0.466797	0.00258367
0.634766	0.435547	-0.00120163
0.365234	0.564453	0.00120163
0.623047	0.427734	-0.00084406
0.376953	0.572266	0.00084406
0.615234	0.423828	-0.00077697
0.384766	0.576172	0.00077697
0.603516	0.419922	-0.0011673
0.396484	0.580078	0.0011673
0.537109	0.427734	-0.00132116
0.462891	0.572266	0.00132116
0.552734	0.419922	-0.00108486
0.447266	0.580078	0.00108486
0.599609	0.419922	-0.00220913
0.400391	0.580078	0.00220913
0.544922	0.423828	-0.00176064
0.455078	0.576172	0.00176064
0.583984	0.416016	-0.000905487
0.416016	0.583984	0.000905487
0.580078	0.416016	-0.00110644
0.419922	0.583984	0.00110644
0.572266	0.416016	-0.00097137
0.427734	0.583984	0.00097137
0.576172	0.416016	-0.0011298
0.423828	0.583984	0.0011298
0.212891	0.0957031	-0.002741
0.787109	0.904297	0.002741
0.197266	0.111328	-0.00289252
0.802734	0.888672	0.00289252
0.169922	0.150391	-0.00332808
0.830078	0.849609	0.00332808
0.142578	0.220703	-0.00364698
0.857422	0.779297	0.00364698
0.138672	0.236328	-0.00359151
0.861328	0.763672	0.0035915
0.134766	0.255859	-0.00371917
0.865234	0.744141	0.00371917
0.130859	0.279297	-0.00370133
0.869141	0.720703	0.00370133
0.126953	0.310547	-0.00355469
0.873047	0.689453	0.00355469
0.126953	0.462891	-0.00377435
0.873047	0.537109	0.00377435
0.130859	0.498047	-0.00371011
0.869141	0.501953	0.00371011
0.146484	0.576172	-0.00352506
0.853516	0.423828	0.00352506
0.142578	0.560547	-0.00369306
0.857422	0.439453	0.00369306
0.181641	0.662109	-0.00308704
0.818359	0.337891	0.00308704
0.212891	0.705078	-0.00229293
0.787109	0.294922	0.00229293
0.197266	0.685547	-0.00297265
0.802734	0.314453	0.00297265
0.216797	0.708984	-0.00237172
0.783203	0.291016	0.00237172
0.220703	0.712891	-0.00231504
0.779297	0.287109	0.00231504
0.263672	0.744141	-0.00329445
0.736328	0.255859	0.00329445
0.294922	0.759766	-0.00322016
0.705078	0.240234	0.00322016
0.330078	0.771484	-0.00346509
0.669922	0.228516	0.00346509
0.345703	0.775391	-0.00341792
0.654297	0.224609	0.00341792
0.365234	0.779297	-0.00324903
0.634766	0.220703	0.00324903
0.400391	0.783203	-0.00329724
0.599609	0.216797	0.00329724
0.509766	0.775391	-0.00321792
0.490234	0.224609	0.00321792
0.404297	0.783203	-0.00353285
0.595703	0.216797	0.00353285
0.525391	0.771484	-0.0032824
0.474609	0.228516	0.0032824
0.560547	0.759766	-0.00313167
0.439453	0.240234	0.00313167
0.599609	0.740234	-0.00256803
0.400391	0.259766	0.00256803
0.408203	0.783203	-0.00373253
0.591797	0.216797	0.00373253
0.486328	0.779297	-0.00366596
0.513672	0.220703	0.00366596
0.611328	0.732422	-0.00242432
0.388672	0.267578	0.00242432
0.591797	0.744141	-0.00329878
0.408203	0.255859	0.00329878
0.451172	0.783203	-0.003476
0.548828	0.216797	0.003476
0.630859	0.716797	-0.00201383
0.369141	0.283203	0.00201383
0.447266	0.783203	-0.00368885
0.552734	0.216797	0.00368885
0.634766	0.712891	-0.00211256
0.365234	0.287109	0.00211256
0.638672	0.708984	-0.00205736
0.361328	0.291016	0.00205736
0.443359	0.783203	-0.00386334
0.556641	0.216797	0.00386334
0.654297	0.689453	-0.00261824
0.345703	0.310547	0.00261824
0.662109	0.677734	-0.00271365
0.337891	0.322266	0.00271365
0.677734	0.646484	-0.00281824
0.322266	0.353516	0.00281824
0.490234	0.529297	0.00364597
0.509766	0.470703	-0.00364597
0.666016	0.669922	-0.00333324
0.333984	0.330078	0.00333324
0.673828	0.654297	-0.00338562
0.326172	0.345703	0.00338562
0.681641	0.634766	-0.00311603
0.318359	0.365234	0.00311603
0.685547	0.619141	-0.00363356
0.314453	0.380859	0.00363356
0.689453	0.603516	-0.00291686
0.310547	0.396484	0.00291686
0.513672	0.458984	-0.00329351
0.486328	0.541016	0.00329351
0.677734	0.494141	-0.00283755
0.322266	0.505859	0.00283755
0.666016	0.470703	-0.00231466
0.333984	0.529297	0.00231466
0.685547	0.517578	-0.00302341
0.314453	0.482422	0.00302341
0.658203	0.458984	-0.00185008
0.341797	0.541016	0.00185008
0.521484	0.443359	-0.00212172
0.478516	0.556641	0.00212172
0.689453	0.599609	-0.00350549
0.310547	0.400391	0.00350549
0.673828	0.486328	-0.0031542
0.326172	0.513672	0.0031542
0.681641	0.505859	-0.00335812
0.318359	0.494141	0.00335812
0.669922	0.478516	-0.00298785
0.330078	0.521484	0.00298785
0.689453	0.537109	-0.00322214
0.310547	0.462891	0.00322214
0.654297	0.455078	-0.00235413
0.345703	0.544922	0.00235413
0.638672	0.439453	-0.0019387
0.361328	0.560547	0.0019387
0.517578	0.451172	-0.00322499
0.482422	0.548828	0.00322499
0.650391	0.451172	-0.00262027
0.349609	0.548828	0.00262027
0.689453	0.541016	-0.00378513
0.310547	0.458984	0.00378513
0.646484	0.447266	-0.00264249
0.353516	0.552734	0.00264249
0.642578	0.443359	-0.00241697
0.357422	0.556641	0.00241697
0.626953	0.431641	-0.00227616
0.373047	0.568359	0.00227616
0.619141	0.427734	-0.00264285
0.380859	0.572266	0.00264285
0.525391	0.439453	-0.00262468
0.474609	0.560547	0.00262468
0.611328	0.423828	-0.00228073
0.388672	0.576172	0.00228073
0.533203	0.431641	-0.00222321
0.466797	0.568359	0.00222321
0.556641	0.419922	-0.00223172
0.443359	0.580078	0.00223172
0.529297	0.435547	-0.00266123
0.470703	0.564453	0.00266123
0.607422	0.423828	-0.00365268
0.392578	0.576172	0.00365268
0.595703	0.419922	-0.00309851
0.404297	0.580078	0.00309851
0.541016	0.427734	-0.00337461
0.458984	0.572266	0.00337461
0.548828	0.423828	-0.00335986
0.451172	0.576172	0.00335986
0.560547	0.419922	-0.00318353
0.439453	0.580078	0.00318353
0.591797	0.419922	-0.00382823
0.408203	0.580078	0.00382823
