0.441406	0.207031	-0.0052567
0.449219	0.207031	-0.00319702
0.457031	0.207031	-0.00136756
0.464844	0.199219	-0.00747947
0.472656	0.199219	-0.00616343
0.480469	0.199219	-0.004976
0.417969	0.214844	-0.00515679
0.488281	0.199219	-0.00388997
0.433594	0.589844	-0.00395533
0.496094	0.199219	-0.00291933
0.402344	0.222656	-0.00378447
0.425781	0.214844	-0.00250286
0.503906	0.199219	-0.00208566
0.511719	0.199219	-0.00139569
0.464844	0.207031	0.000199571
0.269531	0.378906	-0.00698999
0.386719	0.230469	-0.00365074
0.371094	0.238281	-0.00478171
0.425781	0.582031	-0.000107702
0.519531	0.199219	-0.000861759
0.347656	0.253906	-0.00542407
0.277344	0.355469	-0.00583068
0.433594	0.214844	-4.05116e-05
0.269531	0.386719	-0.00543545
0.316406	0.285156	-0.00508036
0.269531	0.496094	-0.00685926
0.527344	0.199219	-0.000521202
0.410156	0.222656	-0.000734808
0.339844	0.261719	-0.00458512
0.472656	0.207031	0.00154263
0.300781	0.308594	-0.00450403
0.285156	0.339844	-0.00412809
0.269531	0.394531	-0.00406284
0.363281	0.246094	-0.00246404
0.332031	0.269531	-0.00429192
0.324219	0.277344	-0.00439511
0.277344	0.363281	-0.00341242
0.269531	0.488281	-0.00518812
0.285156	0.542969	-0.00704091
0.417969	0.574219	0.00215301
0.535156	0.199219	-0.000420504
0.542969	0.207031	0.00718073
0.292969	0.324219	-0.00360004
0.269531	0.402344	-0.00290844
0.277344	0.519531	-0.00570394
0.269531	0.480469	-0.00376235
0.394531	0.230469	-2.81372e-05
0.480469	0.207031	0.00274168
0.511719	0.238281	0.00604655
0.339844	0.394531	0.00753922
0.542969	0.230469	0.0074062
0.441406	0.214844	0.00224443
0.378906	0.238281	-0.000736462
0.308594	0.300781	-0.00215475
0.277344	0.371094	-0.00128782
0.269531	0.410156	-0.00199527
0.269531	0.472656	-0.00261775
0.464844	0.253906	0.00669551
0.542969	0.199219	-0.0005881
0.550781	0.207031	0.00669202
0.285156	0.347656	-0.00125765
0.269531	0.417969	-0.00130874
0.277344	0.511719	-0.00335256
0.269531	0.425781	-0.000829099
0.285156	0.535156	-0.00390155
0.269531	0.464844	-0.00175688
0.300781	0.566406	-0.00464975
0.269531	0.457031	-0.00113991
0.425781	0.574219	-0.00418855
0.433594	0.269531	0.00595695
0.449219	0.261719	0.0058447
0.410156	0.285156	0.00566739
0.488281	0.246094	0.00516217
0.410156	0.566406	0.0026902
0.519531	0.238281	0.00429885
0.347656	0.371094	0.00642854
0.339844	0.402344	0.00619927
0.355469	0.253906	-0.000636774
0.269531	0.433594	-0.000562027
0.292969	0.550781	-0.0034856
0.269531	0.441406	-0.000528963
0.269531	0.449219	-0.000729379
0.355469	0.355469	0.00543105
0.347656	0.488281	0.00617609
0.339844	0.410156	0.00518725
0.527344	0.238281	0.00267039
0.339844	0.457031	0.00658226
0.339844	0.449219	0.00547643
0.550781	0.230469	0.00637004
0.417969	0.222656	0.00214921
0.488281	0.207031	0.00383642
0.316406	0.292969	-0.000293317
0.300781	0.316406	-0.000540973
0.292969	0.332031	-0.000184735
0.277344	0.378906	0.000540965
0.277344	0.503906	-0.00122373
0.402344	0.292969	0.00459083
0.378906	0.316406	0.00540292
0.496094	0.246094	0.00270705
0.472656	0.253906	0.00363237
0.425781	0.277344	0.00322901
0.363281	0.339844	0.00573275
0.363281	0.519531	0.00492641
0.378906	0.628906	-0.00644652
0.347656	0.378906	0.00389832
0.355469	0.503906	0.00458061
0.339844	0.417969	0.0045105
0.339844	0.425781	0.00419005
0.339844	0.441406	0.00468189
0.339844	0.433594	0.00424529
0.550781	0.199219	-0.00105794
0.558594	0.207031	0.00577064
0.347656	0.261719	0.000564879
0.285156	0.527344	-0.000996643
0.308594	0.574219	-0.0027304
0.394531	0.300781	0.00418406
0.347656	0.613281	-0.00513498
0.386719	0.308594	0.00443274
0.441406	0.269531	0.0022521
0.457031	0.261719	0.00267481
0.402344	0.558594	0.00204508
0.363281	0.621094	-0.00474154
0.347656	0.480469	0.00392257
0.535156	0.238281	0.00114368
0.386719	0.628906	-0.00438341
0.558594	0.230469	0.00564698
0.449219	0.214844	0.00435643
0.371094	0.246094	0.00182452
0.496094	0.207031	0.00481797
0.324219	0.285156	0.000833563
0.285156	0.355469	0.00144365
0.277344	0.496094	0.000702614
0.371094	0.332031	0.00296829
0.503906	0.246094	0.000496019
0.371094	0.527344	0.00268717
0.355469	0.363281	0.00218208
0.347656	0.386719	0.00174215
0.347656	0.472656	0.00199122
0.542969	0.238281	-0.000223925
0.558594	0.199219	-0.00192774
0.566406	0.207031	0.00417228
0.402344	0.230469	0.0033479
0.339844	0.269531	0.0011105
0.332031	0.277344	0.00120482
0.277344	0.386719	0.00214012
0.292969	0.542969	9.76364e-06
0.300781	0.558594	-0.000511766
0.316406	0.582031	-0.00150978
0.417969	0.566406	-0.00289191
0.339844	0.605469	-0.00287141
0.417969	0.285156	0.00104832
0.480469	0.253906	0.00065152
0.394531	0.550781	0.00121974
0.363281	0.347656	0.00203773
0.363281	0.511719	0.00106794
0.355469	0.496094	0.00151567
0.394531	0.628906	-0.00277608
0.550781	0.238281	-0.00130257
0.566406	0.230469	0.00512217
0.433594	0.597656	-0.00158487
0.386719	0.238281	0.00317621
0.308594	0.308594	0.00205981
0.292969	0.339844	0.00298148
0.285156	0.519531	0.00166772
0.277344	0.488281	0.00241944
0.324219	0.589844	-0.00104705
0.332031	0.597656	-0.00147588
0.355469	0.613281	-0.0012849
0.378906	0.324219	0.000778112
0.464844	0.261719	-0.000441073
0.433594	0.277344	-0.000797922
0.378906	0.535156	0.0013273
0.386719	0.542969	0.000868361
0.511719	0.246094	-0.00148352
0.371094	0.621094	-0.0017152
0.347656	0.394531	-3.17418e-05
0.355469	0.371094	-0.000791029
0.347656	0.464844	0.000335348
0.402344	0.628906	-0.00165835
0.410156	0.628906	-0.00120354
0.425781	0.628906	-0.00432821
0.558594	0.238281	-0.00205142
0.425781	0.222656	0.00486867
0.503906	0.207031	0.00566261
0.300781	0.324219	0.00323493
0.285156	0.363281	0.00394821
0.277344	0.394531	0.00355226
0.410156	0.292969	-0.000428202
0.449219	0.269531	-0.00121534
0.488281	0.253906	-0.00214235
0.347656	0.402344	-0.00143764
0.355469	0.488281	-0.00119964
0.347656	0.457031	-0.00107466
0.417969	0.628906	-0.00186734
0.566406	0.199219	-0.00339124
0.574219	0.207031	0.001617
0.574219	0.230469	0.00454725
0.582031	0.214844	0.00435898
0.433594	0.605469	-0.00029377
0.511719	0.207031	0.00636152
0.363281	0.253906	0.00395465
0.277344	0.402344	0.0047473
0.277344	0.480469	0.00389184
0.292969	0.535156	0.00325619
0.308594	0.566406	0.00181337
0.410156	0.558594	-0.00305325
0.402344	0.300781	-0.00118099
0.386719	0.316406	-0.000636978
0.371094	0.339844	-0.000992802
0.371094	0.519531	-0.00168908
0.519531	0.246094	-0.00326476
0.347656	0.605469	0.00145005
0.363281	0.355469	-0.00150656
0.363281	0.503906	-0.00247179
0.378906	0.621094	0.000919156
0.347656	0.410156	-0.00249873
0.347656	0.449219	-0.00221763
0.566406	0.238281	-0.00257275
0.433594	0.621094	-0.00382439
0.457031	0.214844	0.00624784
0.425781	0.589844	0.00333111
0.316406	0.300781	0.00424032
0.285156	0.511719	0.00409136
0.300781	0.550781	0.00337592
0.277344	0.472656	0.00507789
0.394531	0.308594	-0.00126235
0.425781	0.285156	-0.00333106
0.472656	0.261719	-0.00351835
0.363281	0.613281	0.00226257
0.355469	0.378906	-0.00344823
0.355469	0.480469	-0.00355656
0.347656	0.417969	-0.00321142
0.347656	0.441406	-0.00304327
0.386719	0.621094	0.00311543
0.347656	0.425781	-0.00355179
0.347656	0.433594	-0.00349756
0.433594	0.613281	-0.000862355
0.574219	0.238281	-0.00309147
0.582031	0.230469	0.00332194
0.589844	0.222656	0.00217333
0.519531	0.207031	0.00690361
0.277344	0.410156	0.00569291
0.316406	0.574219	0.00343629
0.277344	0.464844	0.00596705
0.402344	0.550781	-0.00388883
0.339844	0.597656	0.00338076
0.441406	0.277344	-0.00462471
0.457031	0.269531	-0.00444819
0.496094	0.253906	-0.00468382
0.378906	0.527344	-0.00357113
0.527344	0.246094	-0.00491022
0.378906	0.332031	-0.00357093
0.363281	0.363281	-0.00486892
0.582031	0.207031	-0.00204236
0.589844	0.214844	-0.00123881
0.425781	0.597656	0.00599281
0.410156	0.230469	0.00648498
0.378906	0.246094	0.00595518
0.527344	0.207031	0.00725146
0.355469	0.261719	0.00552488
0.535156	0.207031	0.00735431
0.292969	0.347656	0.00592931
0.285156	0.371094	0.00616297
0.277344	0.417969	0.00640264
0.277344	0.425781	0.00689922
0.285156	0.503906	0.00627961
0.292969	0.527344	0.00625822
0.277344	0.457031	0.00659824
0.324219	0.582031	0.00431615
0.417969	0.292969	-0.00523183
0.332031	0.589844	0.00434558
0.394531	0.542969	-0.00454828
0.386719	0.535156	-0.00451791
0.535156	0.246094	-0.00645259
0.371094	0.347656	-0.00477563
0.355469	0.386719	-0.0057223
0.363281	0.496094	-0.00568317
0.355469	0.605469	0.00546961
0.371094	0.613281	0.00545249
0.355469	0.472656	-0.00556673
0.394531	0.621094	0.00482879
0.574219	0.199219	-0.00565798
0.402344	0.621094	0.00602765
0.425781	0.621094	0.00211304
0.582031	0.238281	-0.00404198
0.589844	0.230469	-0.000391422
0.433594	0.222656	0.00739553
0.394531	0.238281	0.00691929
0.417969	0.582031	0.00664578
0.324219	0.292969	0.00582508
0.308594	0.316406	0.00611868
0.300781	0.332031	0.00677458
0.277344	0.433594	0.00717794
0.308594	0.558594	0.00611402
0.277344	0.449219	0.00701468
0.277344	0.441406	0.00721607
0.386719	0.324219	-0.00546187
0.503906	0.253906	-0.00696644
0.480469	0.261719	-0.00653723
0.371094	0.511719	-0.00573906
0.355469	0.464844	-0.00727589
0.425781	0.605469	0.00750533
0.410156	0.621094	0.00652368
0.417969	0.621094	0.00559494
0.425781	0.613281	0.00651476
0.597656	0.222656	-0.00539856
0.433594	0.199219	-0.0149609
0.441406	0.199219	-0.0127707
0.449219	0.199219	-0.0107654
0.433594	0.207031	-0.00749323
0.457031	0.199219	-0.00899692
0.464844	0.214844	0.00787065
0.457031	0.191406	-0.0166397
0.464844	0.191406	-0.0151656
0.472656	0.191406	-0.0138712
0.480469	0.191406	-0.0126935
0.488281	0.191406	-0.011616
0.410156	0.207031	-0.0152497
0.417969	0.207031	-0.0124853
0.425781	0.207031	-0.00989674
0.410156	0.214844	-0.00798082
0.496094	0.191406	-0.0106565
0.433594	0.582031	-0.00707058
0.441406	0.582031	-0.0141921
0.441406	0.589844	-0.0113504
0.441406	0.597656	-0.00923086
0.503906	0.191406	-0.00983377
0.394531	0.214844	-0.0141166
0.402344	0.214844	-0.0109592
0.394531	0.222656	-0.00704287
0.511719	0.191406	-0.00915288
0.519531	0.191406	-0.00862744
0.472656	0.214844	0.00924697
0.261719	0.371094	-0.0162206
0.269531	0.371094	-0.00875527
0.261719	0.378906	-0.014518
0.261719	0.386719	-0.0130092
0.378906	0.222656	-0.014257
0.386719	0.222656	-0.0105397
0.378906	0.230469	-0.00747375
0.363281	0.230469	-0.0155336
0.371094	0.230469	-0.0114409
0.363281	0.238281	-0.00896505
0.433594	0.574219	-0.0108014
0.417969	0.589844	0.0104723
0.527344	0.191406	-0.00829436
0.339844	0.246094	-0.0163672
0.347656	0.246094	-0.0115536
0.355469	0.246094	-0.0069214
0.339844	0.253906	-0.0104079
0.269531	0.347656	-0.0156804
0.277344	0.347656	-0.00846646
0.269531	0.355469	-0.0131208
0.269531	0.363281	-0.0107944
0.441406	0.222656	0.00973244
0.261719	0.394531	-0.0116779
0.308594	0.277344	-0.015986
0.316406	0.277344	-0.0101205
0.308594	0.285156	-0.0111464
0.308594	0.292969	-0.00654342
0.261719	0.488281	-0.0128002
0.261719	0.496094	-0.0144255
0.261719	0.503906	-0.0162606
0.269531	0.503906	-0.00873942
0.535156	0.191406	-0.00819603
0.417969	0.230469	0.00943252
0.332031	0.253906	-0.0155611
0.332031	0.261719	-0.00987815
0.347656	0.269531	0.00640089
0.480469	0.214844	0.0104594
0.292969	0.300781	-0.0151344
0.300781	0.300781	-0.00862097
0.292969	0.308594	-0.0111193
0.292969	0.316406	-0.00725993
0.277344	0.332031	-0.0142372
0.285156	0.332031	-0.00719545
0.277344	0.339844	-0.0112653
0.261719	0.402344	-0.0105633
0.355469	0.238281	-0.0133028
0.371094	0.253906	0.00836283
0.324219	0.261719	-0.0152733
0.324219	0.269531	-0.00978401
0.339844	0.277344	0.00670047
0.316406	0.269531	-0.0153673
0.332031	0.285156	0.00658481
0.261719	0.480469	-0.0114206
0.277344	0.535156	-0.0110994
0.277344	0.542969	-0.0141392
0.277344	0.550781	-0.0174017
0.285156	0.550781	-0.0104157
0.425781	0.566406	-0.00882826
0.410156	0.574219	0.0081397
0.410156	0.582031	0.0131161
0.542969	0.191406	-0.00835808
0.535156	0.214844	0.0151246
0.542969	0.214844	0.0149448
0.550781	0.214844	0.0144357
0.285156	0.316406	-0.0140253
0.285156	0.324219	-0.0104913
0.261719	0.410156	-0.00968121
0.269531	0.511719	-0.0108136
0.269531	0.519531	-0.0130978
0.269531	0.527344	-0.0156027
0.277344	0.527344	-0.00828562
0.261719	0.472656	-0.0103157
0.402344	0.238281	0.0104252
0.488281	0.214844	0.0115622
0.503906	0.230469	0.0154568
0.511719	0.230469	0.013577
0.519531	0.230469	0.0118603
0.503906	0.238281	0.00797395
0.332031	0.386719	0.0167095
0.339844	0.386719	0.00922661
0.332031	0.394531	0.0151073
0.332031	0.402344	0.0138314
0.535156	0.222656	0.0160132
0.542969	0.222656	0.0147465
0.550781	0.222656	0.0137542
0.535156	0.230469	0.00873724
0.449219	0.222656	0.0118954
0.386719	0.246094	0.0099486
0.300781	0.292969	-0.0128887
0.316406	0.308594	0.00856223
0.285156	0.378906	0.00806051
0.261719	0.417969	-0.00901763
0.261719	0.464844	-0.00948088
0.457031	0.246094	0.0169167
0.464844	0.246094	0.0138266
0.472656	0.246094	0.0107872
0.457031	0.253906	0.00979804
0.550781	0.191406	-0.00881048
0.558594	0.214844	0.0134535
0.292969	0.355469	0.00869372
0.261719	0.425781	-0.00855492
0.261719	0.433594	-0.00829948
0.261719	0.457031	-0.00887658
0.292969	0.558594	-0.00723035
0.292969	0.566406	-0.0112165
0.292969	0.574219	-0.0154333
0.300781	0.574219	-0.00902605
0.261719	0.449219	-0.00847129
0.433594	0.566406	-0.0150756
0.425781	0.261719	0.0165727
0.433594	0.261719	0.0127754
0.441406	0.261719	0.00919485
0.425781	0.269531	0.00986679
0.441406	0.253906	0.0162001
0.449219	0.253906	0.0129366
0.402344	0.277344	0.0165672
0.410156	0.277344	0.0119014
0.417969	0.277344	0.00745522
0.402344	0.285156	0.0105095
0.480469	0.238281	0.0151058
0.488281	0.238281	0.0124935
0.496094	0.238281	0.0101184
0.480469	0.246094	0.00786732
0.417969	0.558594	-0.008341
0.402344	0.566406	0.00795372
0.402344	0.574219	0.0137161
0.527344	0.230469	0.0102473
0.339844	0.363281	0.0164053
0.347656	0.363281	0.00928171
0.339844	0.371094	0.013679
0.339844	0.378906	0.0112741
0.332031	0.410156	0.0128675
0.363281	0.261719	0.0102729
0.261719	0.441406	-0.00827157
0.300781	0.542969	0.00700327
0.285156	0.558594	-0.0140274
0.347656	0.347656	0.0157628
0.355469	0.347656	0.0088897
0.347656	0.355469	0.0124086
0.339844	0.480469	0.0114235
0.339844	0.488281	0.0135847
0.339844	0.496094	0.016065
0.347656	0.496094	0.00876798
0.332031	0.417969	0.012226
0.332031	0.449219	0.0131671
0.332031	0.457031	0.0142367
0.332031	0.464844	0.0155683
0.339844	0.464844	0.00795275
0.332031	0.441406	0.012402
0.558594	0.222656	0.0129917
0.425781	0.230469	0.0122161
0.496094	0.214844	0.0125541
0.324219	0.300781	0.0105371
0.308594	0.324219	0.0100025
0.300781	0.339844	0.0100485
0.285156	0.386719	0.00970438
0.285156	0.496094	0.00825445
0.394531	0.285156	0.0155447
0.394531	0.292969	0.00979292
0.410156	0.300781	-0.00637162
0.371094	0.308594	0.0162619
0.378906	0.308594	0.0102805
0.371094	0.316406	0.0115825
0.371094	0.324219	0.00714947
0.417969	0.269531	0.0139658
0.433594	0.285156	-0.00748404
0.355469	0.332031	0.0162463
0.363281	0.332031	0.00958516
0.355469	0.339844	0.0124983
0.355469	0.511719	0.00796617
0.355469	0.519531	0.0116539
0.355469	0.527344	0.0156384
0.363281	0.527344	0.00909806
0.371094	0.628906	-0.00893693
0.371094	0.636719	-0.0161889
0.378906	0.636719	-0.0138398
0.386719	0.636719	-0.0118997
0.347656	0.503906	0.0116967
0.347656	0.511719	0.0149391
0.332031	0.425781	0.0119249
0.332031	0.433594	0.0119816
0.558594	0.191406	-0.00963693
0.566406	0.214844	0.01167
0.355469	0.269531	0.0115346
0.292969	0.519531	0.00901163
0.316406	0.566406	0.00815584
0.300781	0.582031	-0.0136239
0.308594	0.582031	-0.00749836
0.386719	0.292969	0.0151522
0.386719	0.300781	0.00970732
0.402344	0.308594	-0.00679454
0.339844	0.613281	-0.00926657
0.339844	0.621094	-0.0157712
0.347656	0.621094	-0.0118117
0.355469	0.621094	-0.00812345
0.378906	0.300781	0.0153736
0.394531	0.316406	-0.00651875
0.449219	0.277344	-0.00821911
0.464844	0.269531	-0.00757549
0.410156	0.550781	-0.00894177
0.394531	0.558594	0.00709563
0.394531	0.566406	0.0130193
0.355469	0.628906	-0.0150279
0.363281	0.628906	-0.0118096
0.339844	0.472656	0.00956097
0.542969	0.246094	-0.00785147
0.394531	0.636719	-0.0103874
0.566406	0.222656	0.0122791
0.457031	0.222656	0.0138466
0.378906	0.253906	0.0125928
0.503906	0.214844	0.0134092
0.332031	0.292969	0.0117749
0.292969	0.363281	0.0112734
0.285156	0.488281	0.0100175
0.363281	0.324219	0.0136202
0.378906	0.339844	-0.00765955
0.511719	0.253906	-0.00900221
0.378906	0.519531	-0.00816943
0.363281	0.535156	0.0135644
0.371094	0.535156	0.00736282
0.363281	0.371094	-0.00796522
0.355469	0.394531	-0.00759041
0.550781	0.246094	-0.00897359
0.566406	0.191406	-0.0109932
0.574219	0.214844	0.00868303
0.410156	0.238281	0.0136713
0.347656	0.277344	0.0120972
0.339844	0.285156	0.0121895
0.285156	0.394531	0.0111533
0.300781	0.535156	0.0103667
0.308594	0.550781	0.0101554
0.324219	0.574219	0.00945342
0.308594	0.589844	-0.0124715
0.316406	0.589844	-0.0066681
0.425781	0.558594	-0.0139251
0.347656	0.597656	0.00791557
0.332031	0.605469	-0.00749558
0.332031	0.613281	-0.0136805
0.425781	0.292969	-0.00978739
0.488281	0.261719	-0.00941206
0.402344	0.542969	-0.00977642
0.386719	0.550781	0.00646243
0.386719	0.558594	0.0122135
0.371094	0.355469	-0.00839862
0.371094	0.503906	-0.00945002
0.363281	0.488281	-0.00853485
0.402344	0.636719	-0.00934767
0.558594	0.246094	-0.00975207
0.574219	0.222656	0.0112346
0.441406	0.605469	-0.00812787
0.394531	0.246094	0.0137945
0.316406	0.316406	0.0127125
0.300781	0.347656	0.0130771
0.292969	0.511719	0.0115136
0.285156	0.480469	0.011537
0.332031	0.582031	0.0099403
0.316406	0.597656	-0.0120297
0.324219	0.597656	-0.00662723
0.339844	0.589844	0.00945384
0.324219	0.605469	-0.0124097
0.363281	0.605469	0.0091838
0.386719	0.332031	-0.0100022
0.472656	0.269531	-0.0106604
0.441406	0.285156	-0.0114303
0.386719	0.527344	-0.0096505
0.371094	0.542969	0.0123073
0.378906	0.542969	0.00649007
0.394531	0.535156	-0.0101486
0.378906	0.550781	0.0118823
0.519531	0.253906	-0.0108203
0.378906	0.613281	0.00824045
0.355469	0.402344	-0.00906608
0.363281	0.378906	-0.0107486
0.355469	0.457031	-0.00872676
0.410156	0.636719	-0.00893748
0.417969	0.636719	-0.00948823
0.433594	0.628906	-0.00876951
0.425781	0.636719	-0.0114393
0.433594	0.636719	-0.014927
0.566406	0.246094	-0.0102783
0.433594	0.230469	0.0148088
0.511719	0.214844	0.0141161
0.308594	0.332031	0.0136622
0.292969	0.371094	0.0135761
0.285156	0.402344	0.0123877
0.417969	0.300781	-0.0113604
0.457031	0.277344	-0.0115545
0.496094	0.261719	-0.0120443
0.355469	0.410156	-0.0101781
0.363281	0.480469	-0.0110072
0.355469	0.449219	-0.00990743
0.574219	0.191406	-0.0130502
0.582031	0.199219	-0.00885376
0.582031	0.222656	0.00826912
0.589844	0.207031	-0.00677453
0.441406	0.613281	-0.00853421
0.519531	0.214844	0.0146653
0.371094	0.261719	0.0148137
0.285156	0.410156	0.013367
0.285156	0.472656	0.0127659
0.300781	0.527344	0.013473
0.316406	0.558594	0.0126285
0.417969	0.550781	-0.0140587
0.410156	0.308594	-0.0121525
0.394531	0.324219	-0.0115448
0.378906	0.347656	-0.0115381
0.378906	0.511719	-0.0124332
0.527344	0.253906	-0.0124832
0.355469	0.597656	0.0121225
0.371094	0.363281	-0.0118596
0.371094	0.496094	-0.0128183
0.386719	0.613281	0.0105792
0.355469	0.417969	-0.0109282
0.355469	0.441406	-0.010765
0.574219	0.246094	-0.010767
0.441406	0.621094	-0.0107453
0.441406	0.628906	-0.0145868
0.464844	0.222656	0.015529
0.417969	0.597656	0.0134645
0.324219	0.308594	0.0149834
0.292969	0.503906	0.0137667
0.308594	0.542969	0.0139264
0.285156	0.464844	0.0136846
0.402344	0.316406	-0.0122286
0.433594	0.292969	-0.0140877
0.480469	0.269531	-0.0136984
0.371094	0.605469	0.0125465
0.363281	0.386719	-0.0131474
0.363281	0.472656	-0.0131058
0.355469	0.425781	-0.0112901
0.355469	0.433594	-0.0112375
0.394531	0.613281	0.0124108
0.582031	0.246094	-0.0115883
0.589844	0.238281	-0.0065727
0.597656	0.214844	-0.00786448
0.597656	0.230469	-0.00677362
0.527344	0.214844	0.0150199
0.285156	0.417969	0.014101
0.324219	0.566406	0.0143562
0.285156	0.457031	0.0143298
0.410156	0.542969	-0.01487
0.347656	0.589844	0.0142273
0.449219	0.285156	-0.0151536
0.464844	0.277344	-0.0147051
0.503906	0.261719	-0.0144047
0.386719	0.519531	-0.0144871
0.535156	0.253906	-0.0140383
0.386719	0.339844	-0.0142442
0.371094	0.371094	-0.0150767
0.589844	0.199219	-0.0129823
0.597656	0.207031	-0.012413
0.417969	0.605469	0.0149289
0.417969	0.238281	0.0166843
0.386719	0.253906	0.0166663
0.363281	0.269531	0.0164553
0.300781	0.355469	0.0158995
0.292969	0.378906	0.015545
0.285156	0.425781	0.0146155
0.285156	0.433594	0.0149069
0.292969	0.496094	0.0157911
0.300781	0.519531	0.0163213
0.285156	0.449219	0.0147507
0.332031	0.574219	0.0152901
0.425781	0.300781	-0.0161074
0.339844	0.582031	0.0153046
0.402344	0.535156	-0.0155535
0.394531	0.527344	-0.0155208
0.542969	0.253906	-0.0154607
0.378906	0.355469	-0.0152372
0.363281	0.394531	-0.015118
0.371094	0.488281	-0.0158177
0.363281	0.597656	0.0160043
0.378906	0.605469	0.0154944
0.363281	0.464844	-0.0148734
0.402344	0.613281	0.013682
0.582031	0.191406	-0.0159142
0.410156	0.613281	0.0141396
0.417969	0.613281	0.0122215
0.589844	0.246094	-0.013527
0.597656	0.238281	-0.0111774
0.441406	0.230469	0.0171968
0.402344	0.246094	0.0174224
0.410156	0.589844	0.0173953
0.332031	0.300781	0.0166868
0.316406	0.324219	0.0166868
0.308594	0.339844	0.0170436
0.285156	0.441406	0.0149514
0.316406	0.550781	0.0168361
0.394531	0.332031	-0.0162885
0.511719	0.261719	-0.0165002
0.488281	0.269531	-0.0166368
0.378906	0.503906	-0.0163367
0.363281	0.457031	-0.016365
0.605469	0.214844	-0.0150118
0.605469	0.222656	-0.0131332
0.605469	0.230469	-0.0139747
0.433594	0.191406	-0.0224435
0.441406	0.191406	-0.020299
0.425781	0.199219	-0.0173119
0.449219	0.191406	-0.0183499
0.457031	0.183594	-0.024298
0.464844	0.183594	-0.0228602
0.472656	0.183594	-0.0215813
0.480469	0.183594	-0.02041
0.488281	0.183594	-0.0193399
0.410156	0.199219	-0.022541
0.417969	0.199219	-0.0198374
0.402344	0.207031	-0.0181669
0.496094	0.183594	-0.0183909
0.441406	0.574219	-0.017626
0.449219	0.582031	-0.0214467
0.449219	0.589844	-0.0188383
0.449219	0.597656	-0.0169322
0.503906	0.183594	-0.0175784
0.394531	0.207031	-0.0212404
0.386719	0.214844	-0.0174921
0.511719	0.183594	-0.016906
0.519531	0.183594	-0.016389
0.472656	0.222656	0.0169304
0.261719	0.363281	-0.0181737
0.253906	0.371094	-0.0236432
0.253906	0.378906	-0.0220095
0.253906	0.386719	-0.0205534
0.378906	0.214844	-0.0210911
0.371094	0.222656	-0.0181412
0.363281	0.222656	-0.0221514
0.355469	0.230469	-0.0197611
0.527344	0.183594	-0.0160634
0.339844	0.238281	-0.0224507
0.347656	0.238281	-0.017798
0.332031	0.246094	-0.0213525
0.269531	0.339844	-0.0184029
0.261719	0.347656	-0.022864
0.261719	0.355469	-0.0204005
0.253906	0.394531	-0.0192702
0.308594	0.269531	-0.0210488
0.300781	0.277344	-0.0219734
0.300781	0.285156	-0.0173322
0.253906	0.488281	-0.0204062
0.253906	0.496094	-0.0219847
0.253906	0.503906	-0.0237738
0.261719	0.511719	-0.0182835
0.535156	0.183594	-0.0159676
0.324219	0.253906	-0.0208408
0.480469	0.222656	0.0181273
0.292969	0.292969	-0.0192859
0.285156	0.300781	-0.0216644
0.285156	0.308594	-0.0177663
0.277344	0.324219	-0.0174135
0.269531	0.332031	-0.0212746
0.253906	0.402344	-0.0181988
0.316406	0.261719	-0.0207462
0.253906	0.480469	-0.0190728
0.269531	0.535156	-0.0183303
0.269531	0.542969	-0.021274
0.269531	0.550781	-0.0244275
0.277344	0.558594	-0.0208868
0.402344	0.582031	0.019159
0.542969	0.183594	-0.0161246
0.277344	0.316406	-0.0208108
0.253906	0.410156	-0.01735
0.261719	0.519531	-0.0205036
0.261719	0.527344	-0.0229333
0.253906	0.472656	-0.018006
0.488281	0.222656	0.0191785
0.503906	0.222656	0.0209878
0.511719	0.222656	0.0205406
0.496094	0.230469	0.017545
0.519531	0.222656	0.019082
0.332031	0.378906	0.0186477
0.324219	0.386719	0.0241319
0.324219	0.394531	0.0226275
0.324219	0.402344	0.0214216
0.527344	0.222656	0.0174997
0.449219	0.230469	0.0193778
0.253906	0.417969	-0.0167112
0.253906	0.464844	-0.0171952
0.457031	0.238281	0.0237355
0.464844	0.238281	0.0209097
0.449219	0.246094	0.0200298
0.472656	0.238281	0.01794
0.550781	0.183594	-0.0165605
0.253906	0.425781	-0.0162668
0.253906	0.433594	-0.0160239
0.253906	0.457031	-0.0166022
0.285156	0.566406	-0.0178699
0.285156	0.574219	-0.0219315
0.292969	0.582031	-0.0198647
0.253906	0.449219	-0.0162014
0.433594	0.558594	-0.0198192
0.441406	0.566406	-0.0215815
0.425781	0.253906	0.023216
0.433594	0.253906	0.0196468
0.417969	0.261719	0.0205277
0.441406	0.246094	0.0231186
0.402344	0.269531	0.022669
0.410156	0.269531	0.018253
0.394531	0.277344	0.0213917
0.480469	0.230469	0.0221198
0.488281	0.230469	0.0198185
0.394531	0.574219	0.018926
0.339844	0.355469	0.0193996
0.332031	0.363281	0.023495
0.332031	0.371094	0.0209197
0.324219	0.410156	0.0205119
0.253906	0.441406	-0.0160018
0.347656	0.339844	0.0192719
0.339844	0.347656	0.0226131
0.332031	0.480469	0.0189339
0.332031	0.488281	0.0210101
0.332031	0.496094	0.0233821
0.339844	0.503906	0.0188643
0.324219	0.417969	0.0199086
0.324219	0.449219	0.0208351
0.324219	0.457031	0.0218705
0.324219	0.464844	0.0231632
0.332031	0.472656	0.0171325
0.324219	0.441406	0.0200967
0.425781	0.238281	0.0195116
0.496094	0.222656	0.0201716
0.292969	0.386719	0.0172323
0.386719	0.285156	0.0207143
0.371094	0.300781	0.0211434
0.363281	0.308594	0.022325
0.363281	0.316406	0.0178666
0.355469	0.324219	0.0201368
0.347656	0.332031	0.0228903
0.347656	0.519531	0.0184702
0.347656	0.527344	0.0222814
0.355469	0.535156	0.0199076
0.363281	0.636719	-0.0189105
0.371094	0.644531	-0.0234328
0.378906	0.644531	-0.0212281
0.386719	0.644531	-0.0194075
0.339844	0.511719	0.0219656
0.324219	0.425781	0.0196293
0.324219	0.433594	0.0196899
0.558594	0.183594	-0.0173496
0.355469	0.277344	0.0173716
0.300781	0.589844	-0.0184218
0.378906	0.292969	0.0206241
0.332031	0.621094	-0.01999
0.339844	0.628906	-0.0223349
0.347656	0.628906	-0.0185512
0.386719	0.566406	0.0180668
0.355469	0.636719	-0.0219634
0.394531	0.644531	-0.0179882
0.457031	0.230469	0.0212493
0.378906	0.261719	0.0191561
0.339844	0.292969	0.0175421
0.300781	0.363281	0.0185356
0.292969	0.488281	0.0175978
0.363281	0.542969	0.0183004
0.550781	0.253906	-0.0166232
0.566406	0.183594	-0.0186219
0.410156	0.246094	0.0207796
0.347656	0.285156	0.0176757
0.292969	0.394531	0.0187138
0.308594	0.535156	0.01742
0.308594	0.597656	-0.0176348
0.425781	0.550781	-0.0193697
0.324219	0.613281	-0.0183682
0.378906	0.558594	0.0174636
0.402344	0.644531	-0.0170229
0.558594	0.253906	-0.0174309
0.449219	0.605469	-0.0159721
0.394531	0.253906	0.0205731
0.324219	0.316406	0.0192207
0.308594	0.347656	0.0201506
0.300781	0.511719	0.018906
0.292969	0.480469	0.019163
0.316406	0.605469	-0.0175828
0.472656	0.277344	-0.0177931
0.441406	0.292969	-0.0181561
0.371094	0.550781	0.017491
0.519531	0.261719	-0.0183554
0.363281	0.402344	-0.0166682
0.371094	0.378906	-0.0179814
0.410156	0.644531	-0.0166501
0.417969	0.644531	-0.017122
0.441406	0.636719	-0.0196846
0.425781	0.644531	-0.0187383
0.433594	0.644531	-0.0215923
0.566406	0.253906	-0.0179607
0.433594	0.238281	0.0220635
0.316406	0.332031	0.0204484
0.300781	0.371094	0.0209152
0.292969	0.402344	0.0199844
0.417969	0.308594	-0.0173164
0.457031	0.285156	-0.0186131
0.496094	0.269531	-0.0193588
0.363281	0.410156	-0.0178332
0.371094	0.480469	-0.0184185
0.363281	0.449219	-0.0175818
0.574219	0.183594	-0.0205203
0.449219	0.613281	-0.0162754
0.371094	0.269531	0.0211435
0.292969	0.410156	0.0209962
0.292969	0.472656	0.0204317
0.308594	0.527344	0.0206367
0.324219	0.558594	0.0190104
0.417969	0.542969	-0.0199208
0.410156	0.316406	-0.017754
0.402344	0.324219	-0.0174459
0.386719	0.347656	-0.0182268
0.386719	0.511719	-0.0189848
0.527344	0.261719	-0.0200321
0.355469	0.589844	0.0186395
0.378906	0.363281	-0.0187745
0.378906	0.496094	-0.0198747
0.386719	0.605469	0.0179828
0.363281	0.417969	-0.0186224
0.363281	0.441406	-0.0184703
0.574219	0.253906	-0.0184174
0.449219	0.621094	-0.0180173
0.449219	0.628906	-0.021119
0.464844	0.230469	0.0227304
0.410156	0.597656	0.020617
0.332031	0.308594	0.0212934
0.300781	0.503906	0.0212258
0.316406	0.542969	0.0207624
0.292969	0.464844	0.0213782
0.433594	0.300781	-0.0205806
0.480469	0.277344	-0.0208341
0.371094	0.597656	0.0195329
0.371094	0.386719	-0.0205017
0.371094	0.472656	-0.0206152
0.363281	0.425781	-0.0190082
0.363281	0.433594	-0.0189595
0.394531	0.605469	0.0199288
0.582031	0.253906	-0.0191316
0.292969	0.417969	0.021755
0.332031	0.566406	0.0203903
0.292969	0.457031	0.0220346
0.410156	0.535156	-0.0207561
0.347656	0.582031	0.020335
0.449219	0.292969	-0.0220023
0.464844	0.285156	-0.0218236
0.503906	0.269531	-0.0218013
0.394531	0.519531	-0.0206073
0.535156	0.261719	-0.0215929
0.394531	0.339844	-0.0207034
0.378906	0.371094	-0.0220915
0.589844	0.191406	-0.0196047
0.597656	0.199219	-0.0179472
0.605469	0.207031	-0.0187245
0.410156	0.605469	0.0202781
0.417969	0.246094	0.0236762
0.386719	0.261719	0.0232468
0.363281	0.277344	0.0224507
0.308594	0.355469	0.0230241
0.300781	0.378906	0.0229548
0.292969	0.425781	0.0222889
0.292969	0.433594	0.0225957
0.300781	0.496094	0.0232988
0.308594	0.519531	0.0235812
0.292969	0.449219	0.0224549
0.339844	0.574219	0.0208978
0.425781	0.308594	-0.0222502
0.402344	0.527344	-0.0211492
0.542969	0.261719	-0.0230272
0.386719	0.355469	-0.0219933
0.371094	0.394531	-0.0225772
0.378906	0.488281	-0.0230319
0.363281	0.589844	0.0226928
0.378906	0.597656	0.0226487
0.371094	0.464844	-0.0224441
0.402344	0.605469	0.0211665
0.582031	0.183594	-0.02314
0.597656	0.246094	-0.016978
0.589844	0.253906	-0.0206634
0.605469	0.238281	-0.0171074
0.441406	0.238281	0.0241191
0.402344	0.253906	0.0241384
0.402344	0.589844	0.0239071
0.339844	0.300781	0.0226596
0.324219	0.324219	0.0232642
0.316406	0.339844	0.0239305
0.292969	0.441406	0.0226501
0.324219	0.550781	0.0233907
0.402344	0.332031	-0.0223855
0.511719	0.269531	-0.0239577
0.488281	0.277344	-0.0238039
0.386719	0.503906	-0.0231053
0.371094	0.457031	-0.0239714
0.613281	0.214844	-0.0223773
0.613281	0.222656	-0.0208368
0.613281	0.230469	-0.0212856
0.433594	0.183594	-0.0299433
0.441406	0.183594	-0.0278457
0.425781	0.191406	-0.0247485
0.449219	0.183594	-0.0259539
0.457031	0.175781	-0.0319769
0.464844	0.175781	-0.0305667
0.472656	0.175781	-0.029294
0.480469	0.175781	-0.0281233
0.488281	0.175781	-0.0270572
0.410156	0.191406	-0.0298575
0.417969	0.191406	-0.027216
0.402344	0.199219	-0.0254027
0.496094	0.175781	-0.0261165
0.449219	0.574219	-0.0246274
0.457031	0.582031	-0.0288302
0.457031	0.589844	-0.0264223
0.457031	0.597656	-0.0246925
0.503906	0.175781	-0.0253118
0.394531	0.199219	-0.0284093
0.386719	0.207031	-0.0245036
0.511719	0.175781	-0.0246461
0.519531	0.175781	-0.0241363
0.472656	0.230469	0.0233931
0.253906	0.363281	-0.0255024
0.246094	0.371094	-0.0309626
0.246094	0.378906	-0.029408
0.246094	0.386719	-0.0280175
0.378906	0.207031	-0.0279783
0.371094	0.214844	-0.0248772
0.363281	0.214844	-0.0288005
0.355469	0.222656	-0.0262773
0.347656	0.230469	-0.0241288
0.527344	0.175781	-0.0238175
0.339844	0.230469	-0.0286314
0.332031	0.238281	-0.0272539
0.324219	0.246094	-0.0264767
0.261719	0.339844	-0.0254919
0.253906	0.347656	-0.0299636
0.253906	0.355469	-0.0276167
0.246094	0.394531	-0.0267945
0.308594	0.261719	-0.026274
0.300781	0.269531	-0.0268145
0.292969	0.277344	-0.0280073
0.292969	0.285156	-0.0235723
0.246094	0.488281	-0.0279845
0.246094	0.496094	-0.0295148
0.246094	0.503906	-0.0312571
0.253906	0.511719	-0.0257463
0.535156	0.175781	-0.0237242
0.316406	0.253906	-0.0261912
0.285156	0.292969	-0.0256799
0.277344	0.300781	-0.0281605
0.277344	0.308594	-0.0244088
0.269531	0.324219	-0.0243205
0.261719	0.332031	-0.0282491
0.246094	0.402344	-0.0257741
0.246094	0.480469	-0.0266975
0.261719	0.535156	-0.0255752
0.261719	0.542969	-0.0284231
0.261719	0.550781	-0.0314696
0.269531	0.558594	-0.0277883
0.277344	0.566406	-0.024589
0.394531	0.582031	0.024621
0.542969	0.175781	-0.0238763
0.269531	0.316406	-0.0275629
0.246094	0.410156	-0.0249658
0.253906	0.519531	-0.0279035
0.253906	0.527344	-0.0302577
0.246094	0.472656	-0.0256676
0.324219	0.378906	0.0259052
0.316406	0.386719	0.030965
0.316406	0.394531	0.0298199
0.316406	0.402344	0.0287732
0.449219	0.238281	0.0251122
0.246094	0.417969	-0.0243577
0.246094	0.464844	-0.0248787
0.550781	0.175781	-0.0242975
0.246094	0.425781	-0.0239364
0.246094	0.433594	-0.0237096
0.246094	0.457031	-0.0242953
0.277344	0.574219	-0.028496
0.285156	0.582031	-0.0261953
0.292969	0.589844	-0.0244871
0.246094	0.449219	-0.0238973
0.433594	0.550781	-0.0249494
0.441406	0.558594	-0.0259989
0.449219	0.566406	-0.0283073
0.425781	0.246094	0.0257693
0.433594	0.246094	0.0256495
0.417969	0.253906	0.0263197
0.410156	0.261719	0.0244933
0.402344	0.261719	0.0273485
0.394531	0.269531	0.0268287
0.386719	0.277344	0.0261281
0.386719	0.574219	0.0239494
0.332031	0.355469	0.0262711
0.324219	0.363281	0.030113
0.324219	0.371094	0.0279487
0.316406	0.410156	0.0279792
0.246094	0.441406	-0.0236958
0.339844	0.339844	0.0259302
0.332031	0.347656	0.029129
0.324219	0.480469	0.0264245
0.324219	0.488281	0.0284191
0.324219	0.496094	0.0306967
0.332031	0.503906	0.0260562
0.316406	0.417969	0.0274469
0.316406	0.449219	0.0284112
0.316406	0.457031	0.0294155
0.316406	0.464844	0.0306621
0.324219	0.472656	0.0246829
0.316406	0.441406	0.027693
0.300781	0.386719	0.0246877
0.378906	0.285156	0.0258098
0.371094	0.292969	0.026008
0.363281	0.300781	0.0267845
0.355469	0.308594	0.0281359
0.355469	0.316406	0.0241628
0.347656	0.324219	0.0265193
0.339844	0.332031	0.0291609
0.339844	0.519531	0.0253519
0.339844	0.527344	0.0289925
0.347656	0.535156	0.0263627
0.355469	0.542969	0.0244392
0.363281	0.644531	-0.0259933
0.371094	0.652344	-0.030612
0.378906	0.652344	-0.0285555
0.386719	0.652344	-0.0268579
0.332031	0.511719	0.0290288
0.316406	0.425781	0.0272108
0.316406	0.433594	0.0272899
0.558594	0.175781	-0.0250547
0.355469	0.285156	0.0230153
0.300781	0.597656	-0.0233964
0.324219	0.621094	-0.0244508
0.332031	0.628906	-0.0263477
0.339844	0.636719	-0.0288955
0.347656	0.636719	-0.0253065
0.378906	0.566406	0.0231722
0.355469	0.644531	-0.0288701
0.394531	0.652344	-0.0255375
0.378906	0.269531	0.0254335
0.347656	0.292969	0.0231203
0.308594	0.363281	0.0256983
0.300781	0.488281	0.0251452
0.363281	0.550781	0.0232714
0.550781	0.261719	-0.0242216
0.566406	0.175781	-0.0262648
0.410156	0.253906	0.0266999
0.300781	0.394531	0.0261972
0.316406	0.535156	0.0243932
0.308594	0.605469	-0.0229697
0.425781	0.542969	-0.0250506
0.316406	0.613281	-0.0233026
0.371094	0.558594	0.0228694
0.402344	0.652344	-0.0246459
0.558594	0.261719	-0.0250545
0.457031	0.605469	-0.0238351
0.394531	0.261719	0.0265902
0.332031	0.316406	0.0255869
0.316406	0.347656	0.0271053
0.308594	0.511719	0.0262517
0.300781	0.480469	0.0267493
0.472656	0.285156	-0.024908
0.441406	0.300781	-0.0247836
0.519531	0.269531	-0.0258472
0.371094	0.402344	-0.0242057
0.378906	0.378906	-0.0251037
0.410156	0.652344	-0.0243025
0.417969	0.652344	-0.0247046
0.449219	0.636719	-0.0253599
0.441406	0.644531	-0.0255548
0.425781	0.652344	-0.0260658
0.433594	0.652344	-0.0284589
0.566406	0.261719	-0.0255815
0.324219	0.332031	0.0270697
0.308594	0.371094	0.0281449
0.300781	0.402344	0.0275007
0.417969	0.316406	-0.023078
0.457031	0.292969	-0.0255913
0.496094	0.277344	-0.0266019
0.371094	0.410156	-0.0254258
0.378906	0.480469	-0.0257723
0.371094	0.449219	-0.0252174
0.574219	0.175781	-0.0280488
0.457031	0.613281	-0.0240603
0.371094	0.277344	0.0269392
0.300781	0.410156	0.0285451
0.300781	0.472656	0.0280586
0.316406	0.527344	0.0277263
0.332031	0.558594	0.0252191
0.417969	0.535156	-0.0258222
0.410156	0.324219	-0.0231413
0.394531	0.347656	-0.024796
0.394531	0.511719	-0.0253562
0.527344	0.269531	-0.0275294
0.355469	0.582031	0.0249787
0.386719	0.363281	-0.0255792
0.386719	0.496094	-0.0268308
0.386719	0.597656	0.0252583
0.371094	0.417969	-0.0262562
0.371094	0.441406	-0.0261315
0.574219	0.261719	-0.0259956
0.457031	0.621094	-0.0254765
0.457031	0.628906	-0.0280518
0.402344	0.597656	0.0260195
0.339844	0.308594	0.0273486
0.308594	0.503906	0.0286441
0.324219	0.542969	0.0274707
0.300781	0.464844	0.0290316
0.433594	0.308594	-0.0269093
0.480469	0.285156	-0.0279353
0.371094	0.589844	0.0263668
0.378906	0.386719	-0.0277333
0.378906	0.472656	-0.0280738
0.371094	0.425781	-0.0266704
0.371094	0.433594	-0.0266317
0.394531	0.597656	0.0270374
0.582031	0.261719	-0.0265882
0.300781	0.417969	0.0293314
0.339844	0.566406	0.0262049
0.300781	0.457031	0.029693
0.410156	0.527344	-0.0265223
0.347656	0.574219	0.0261892
0.449219	0.300781	-0.0287414
0.464844	0.292969	-0.0289035
0.503906	0.277344	-0.0291258
0.402344	0.519531	-0.0264873
0.535156	0.269531	-0.0290818
0.402344	0.339844	-0.0269755
0.386719	0.371094	-0.0289617
0.589844	0.183594	-0.0265203
0.597656	0.191406	-0.0240851
0.605469	0.199219	-0.0236199
0.613281	0.207031	-0.0255276
0.386719	0.269531	0.0282526
0.363281	0.285156	0.0277634
0.316406	0.355469	0.0299359
0.308594	0.378906	0.0302433
0.300781	0.425781	0.0298894
0.300781	0.433594	0.0302173
0.308594	0.496094	0.0307689
0.316406	0.519531	0.0307558
0.300781	0.449219	0.0301053
0.425781	0.316406	-0.0281731
0.542969	0.269531	-0.0305111
0.394531	0.355469	-0.0286171
0.378906	0.394531	-0.0299112
0.386719	0.488281	-0.0301525
0.363281	0.582031	0.0291671
0.378906	0.589844	0.0295372
0.378906	0.464844	-0.0299657
0.582031	0.175781	-0.0304986
0.605469	0.246094	-0.0216742
0.597656	0.253906	-0.0233321
0.589844	0.261719	-0.0278072
0.613281	0.238281	-0.0235425
0.394531	0.589844	0.0289661
0.347656	0.300781	0.0281771
0.332031	0.324219	0.0294864
0.324219	0.339844	0.03038
0.300781	0.441406	0.030288
0.332031	0.550781	0.0297652
0.410156	0.332031	-0.0282535
0.511719	0.277344	-0.0313448
0.488281	0.285156	-0.0309021
0.394531	0.503906	-0.0297165
0.378906	0.457031	-0.0315233
0.621094	0.214844	-0.0299277
0.621094	0.222656	-0.0285301
0.621094	0.230469	-0.028662
0.425781	0.175781	-0.039685
0.433594	0.175781	-0.0374625
0.441406	0.175781	-0.0354163
0.425781	0.183594	-0.0322068
0.449219	0.175781	-0.0335832
0.417969	0.183594	-0.0346231
0.449219	0.167969	-0.0412431
0.457031	0.167969	-0.0396797
0.464844	0.167969	-0.0382844
0.472656	0.167969	-0.0370071
0.480469	0.167969	-0.0358289
0.488281	0.167969	-0.0347618
0.496094	0.167969	-0.0338245
0.402344	0.183594	-0.0399464
0.410156	0.183594	-0.0372018
0.402344	0.191406	-0.0326637
0.394531	0.191406	-0.0356148
0.503906	0.167969	-0.033023
0.457031	0.566406	-0.035229
0.457031	0.574219	-0.031791
0.464844	0.574219	-0.0391071
0.464844	0.582031	-0.0363447
0.464844	0.589844	-0.0341141
0.464844	0.597656	-0.0325304
0.464844	0.605469	-0.0317456
0.511719	0.167969	-0.0323603
0.386719	0.191406	-0.0387031
0.386719	0.199219	-0.0315747
0.378906	0.199219	-0.0349234
0.519531	0.167969	-0.0318553
0.527344	0.167969	-0.0315422
0.246094	0.355469	-0.0347154
0.246094	0.363281	-0.0327201
0.238281	0.363281	-0.0397958
0.238281	0.371094	-0.0381393
0.238281	0.378906	-0.0366697
0.238281	0.386719	-0.0353543
0.238281	0.394531	-0.0342004
0.371094	0.199219	-0.0384618
0.371094	0.207031	-0.0316487
0.363281	0.207031	-0.0354714
0.355469	0.207031	-0.0394066
0.355469	0.214844	-0.0328314
0.347656	0.214844	-0.0369627
0.347656	0.222656	-0.0305223
0.339844	0.222656	-0.0348837
0.535156	0.167969	-0.0314515
0.332031	0.222656	-0.0393513
0.332031	0.230469	-0.0332589
0.324219	0.230469	-0.0379968
0.324219	0.238281	-0.0321866
0.316406	0.238281	-0.0372056
0.316406	0.246094	-0.0316754
0.253906	0.332031	-0.0351087
0.253906	0.339844	-0.0324769
0.246094	0.339844	-0.0393296
0.246094	0.347656	-0.0369381
0.238281	0.402344	-0.033239
0.300781	0.253906	-0.0369593
0.308594	0.253906	-0.0315696
0.300781	0.261719	-0.0318313
0.292969	0.261719	-0.0374059
0.292969	0.269531	-0.0326149
0.285156	0.269531	-0.0384124
0.285156	0.277344	-0.0340287
0.285156	0.285156	-0.0297974
0.238281	0.480469	-0.03427
0.238281	0.488281	-0.0355132
0.238281	0.496094	-0.0369969
0.238281	0.503906	-0.0386945
0.238281	0.511719	-0.0405758
0.246094	0.511719	-0.0331811
0.246094	0.519531	-0.0352805
0.542969	0.167969	-0.0315997
0.308594	0.246094	-0.0369002
0.277344	0.285156	-0.0359657
0.277344	0.292969	-0.03202
0.269531	0.292969	-0.0382774
0.269531	0.300781	-0.03458
0.269531	0.308594	-0.0309944
0.261719	0.316406	-0.0342281
0.261719	0.324219	-0.031151
0.253906	0.324219	-0.0378655
0.238281	0.410156	-0.0324796
0.238281	0.472656	-0.033273
0.253906	0.535156	-0.0328144
0.253906	0.542969	-0.0355695
0.253906	0.550781	-0.0385146
0.253906	0.558594	-0.0416423
0.261719	0.558594	-0.03471
0.261719	0.566406	-0.0381384
0.269531	0.566406	-0.0313511
0.269531	0.574219	-0.0351044
0.386719	0.582031	0.0294803
0.386719	0.589844	0.0310513
0.550781	0.167969	-0.03201
0.261719	0.308594	-0.0374874
0.238281	0.417969	-0.0319105
0.246094	0.527344	-0.0375648
0.246094	0.535156	-0.0400417
0.238281	0.464844	-0.0325012
0.316406	0.371094	0.0323722
0.316406	0.378906	0.0318442
0.308594	0.386719	0.0318861
0.308594	0.394531	0.0327335
0.308594	0.402344	0.0330381
0.308594	0.410156	0.0332202
0.238281	0.425781	-0.0315199
0.238281	0.457031	-0.0319224
0.558594	0.167969	-0.0327475
0.238281	0.433594	-0.0313154
0.238281	0.441406	-0.0313152
0.238281	0.449219	-0.0315229
0.269531	0.582031	-0.0390321
0.277344	0.582031	-0.0325903
0.277344	0.589844	-0.0368498
0.285156	0.589844	-0.030637
0.285156	0.597656	-0.0352276
0.292969	0.597656	-0.0292712
0.433594	0.542969	-0.0303707
0.441406	0.542969	-0.0359414
0.441406	0.550781	-0.0308117
0.449219	0.550781	-0.0369446
0.449219	0.558594	-0.0324324
0.457031	0.558594	-0.0390911
0.378906	0.277344	0.0289825
0.378906	0.574219	0.0288083
0.378906	0.582031	0.0326695
0.324219	0.347656	0.0320671
0.324219	0.355469	0.0316887
0.316406	0.363281	0.031925
0.308594	0.417969	0.0332208
0.332031	0.332031	0.0317858
0.332031	0.339844	0.031342
0.316406	0.472656	0.0321027
0.316406	0.480469	0.0337113
0.316406	0.488281	0.0354767
0.316406	0.496094	0.0368699
0.316406	0.503906	0.0358513
0.324219	0.503906	0.0332226
0.324219	0.511719	0.0357553
0.308594	0.425781	0.0332836
0.308594	0.441406	0.03397
0.308594	0.449219	0.0345964
0.308594	0.457031	0.0353115
0.308594	0.464844	0.0359922
0.308594	0.472656	0.0356336
0.308594	0.433594	0.0335244
0.371094	0.285156	0.0293281
0.363281	0.292969	0.0297914
0.355469	0.292969	0.0281489
0.355469	0.300781	0.0305158
0.347656	0.308594	0.0310841
0.347656	0.316406	0.0298193
0.339844	0.316406	0.0308146
0.339844	0.324219	0.0312932
0.332031	0.519531	0.0322282
0.332031	0.527344	0.0353701
0.332031	0.535156	0.0364674
0.339844	0.535156	0.0327734
0.339844	0.542969	0.035903
0.347656	0.542969	0.030639
0.347656	0.550781	0.0347034
0.355469	0.550781	0.0291611
0.355469	0.652344	-0.0357021
0.363281	0.652344	-0.0330055
0.363281	0.660156	-0.0399168
0.371094	0.660156	-0.0376846
0.378906	0.660156	-0.0357722
0.386719	0.660156	-0.0341984
0.394531	0.660156	-0.0329804
0.324219	0.519531	0.0366316
0.566406	0.167969	-0.0339164
0.292969	0.605469	-0.0341845
0.300781	0.605469	-0.0285191
0.316406	0.621094	-0.0291324
0.316406	0.628906	-0.0350037
0.324219	0.628906	-0.0305738
0.324219	0.636719	-0.0366936
0.332031	0.636719	-0.0326962
0.332031	0.644531	-0.0390053
0.339844	0.644531	-0.0354112
0.347656	0.644531	-0.0320225
0.371094	0.566406	0.0283268
0.371094	0.574219	0.0330195
0.347656	0.652344	-0.0386655
0.402344	0.660156	-0.032163
0.308594	0.480469	0.0342875
0.308594	0.488281	0.0326497
0.355469	0.558594	0.033722
0.363281	0.558594	0.0283972
0.550781	0.269531	-0.0317253
0.558594	0.269531	-0.0325798
0.574219	0.167969	-0.0356276
0.324219	0.527344	0.0344676
0.324219	0.535156	0.0312156
0.300781	0.613281	-0.033756
0.308594	0.613281	-0.0284455
0.425781	0.535156	-0.0308538
0.433594	0.535156	-0.03598
0.308594	0.621094	-0.034014
0.363281	0.566406	0.0332314
0.410156	0.660156	-0.0318469
0.566406	0.269531	-0.0331007
0.464844	0.613281	-0.0319047
0.316406	0.511719	0.0334355
0.472656	0.292969	-0.0319961
0.480469	0.292969	-0.0349957
0.441406	0.308594	-0.0312702
0.449219	0.308594	-0.0353474
0.519531	0.277344	-0.0332702
0.527344	0.277344	-0.0349523
0.378906	0.402344	-0.0316232
0.378906	0.410156	-0.0329061
0.386719	0.378906	-0.0320633
0.386719	0.386719	-0.0347958
0.417969	0.660156	-0.0321899
0.425781	0.660156	-0.0333515
0.457031	0.636719	-0.0316461
0.449219	0.644531	-0.0304427
0.457031	0.644531	-0.0360627
0.441406	0.652344	-0.0318279
0.449219	0.652344	-0.0360829
0.433594	0.660156	-0.0353989
0.441406	0.660156	-0.0383219
0.574219	0.269531	-0.033463
0.417969	0.324219	-0.0286114
0.425781	0.324219	-0.0338423
0.457031	0.300781	-0.0324547
0.464844	0.300781	-0.0358882
0.496094	0.285156	-0.0337488
0.503906	0.285156	-0.0363512
0.378906	0.417969	-0.0337858
0.386719	0.472656	-0.0354621
0.386719	0.480469	-0.0330417
0.378906	0.441406	-0.0337186
0.378906	0.449219	-0.0327886
0.582031	0.167969	-0.0379728
0.464844	0.621094	-0.0330825
0.339844	0.550781	0.0352731
0.339844	0.558594	0.031173
0.417969	0.527344	-0.0316738
0.425781	0.527344	-0.0366898
0.417969	0.332031	-0.0338675
0.402344	0.347656	-0.0311864
0.402344	0.355469	-0.0350658
0.402344	0.503906	-0.0361219
0.402344	0.511719	-0.0314983
0.535156	0.277344	-0.0364831
0.355469	0.574219	0.0309964
0.363281	0.574219	0.0342458
0.394531	0.363281	-0.0322308
0.394531	0.371094	-0.035653
0.394531	0.488281	-0.0371573
0.394531	0.496094	-0.0336522
0.378906	0.425781	-0.0342391
0.378906	0.433594	-0.0342208
0.582031	0.269531	-0.0339301
0.464844	0.628906	-0.0352678
0.464844	0.636719	-0.0383663
0.332031	0.542969	0.0337906
0.433594	0.316406	-0.033007
0.441406	0.316406	-0.0375474
0.488281	0.292969	-0.0379343
0.371094	0.582031	0.0324495
0.386719	0.394531	-0.0370795
0.386719	0.464844	-0.0374267
0.589844	0.269531	-0.034877
0.347656	0.558594	0.0356542
0.347656	0.566406	0.0316463
0.410156	0.519531	-0.032085
0.417969	0.519531	-0.0373968
0.355469	0.566406	0.0352784
0.457031	0.308594	-0.0391736
0.472656	0.300781	-0.0390446
0.511719	0.285156	-0.0386415
0.410156	0.511719	-0.0373599
0.542969	0.277344	-0.0378929
0.410156	0.339844	-0.0330101
0.410156	0.347656	-0.0373576
0.394531	0.378906	-0.0388288
0.589844	0.175781	-0.0336688
0.597656	0.175781	-0.0375691
0.597656	0.183594	-0.0306643
0.605469	0.183594	-0.0355488
0.605469	0.191406	-0.0293042
0.613281	0.191406	-0.0352236
0.613281	0.199219	-0.0299208
0.621094	0.199219	-0.0368258
0.621094	0.207031	-0.0327684
0.433594	0.324219	-0.0388238
0.550781	0.277344	-0.0391153
0.402344	0.363281	-0.0387024
0.386719	0.402344	-0.0388855
0.394531	0.480469	-0.0402139
0.386719	0.457031	-0.0390131
0.589844	0.167969	-0.0409992
0.613281	0.246094	-0.0271469
0.605469	0.253906	-0.0270971
0.613281	0.253906	-0.0316857
0.597656	0.261719	-0.0299315
0.605469	0.261719	-0.0329761
0.597656	0.269531	-0.0365538
0.621094	0.238281	-0.0302507
0.621094	0.246094	-0.0330711
0.417969	0.339844	-0.0387836
0.519531	0.285156	-0.0406135
0.496094	0.292969	-0.0407909
0.402344	0.496094	-0.0403078
0.386719	0.449219	-0.0402879
0.628906	0.207031	-0.0404524
0.628906	0.214844	-0.037735
0.628906	0.222656	-0.0362994
0.628906	0.230469	-0.0361533
0.628906	0.238281	-0.0372366
0.425781	0.167969	-0.0471796
0.433594	0.167969	-0.0450039
0.417969	0.175781	-0.0420573
0.441406	0.167969	-0.0430162
0.449219	0.160156	-0.0489387
0.457031	0.160156	-0.0474055
0.464844	0.160156	-0.0460089
0.472656	0.160156	-0.044715
0.480469	0.160156	-0.0435225
0.488281	0.160156	-0.0424502
0.496094	0.160156	-0.0415115
0.402344	0.175781	-0.0472543
0.410156	0.175781	-0.0445776
0.394531	0.183594	-0.0428421
0.503906	0.160156	-0.0407072
0.464844	0.566406	-0.0423266
0.472656	0.574219	-0.0465582
0.472656	0.582031	-0.0439799
0.472656	0.589844	-0.041911
0.472656	0.597656	-0.0404524
0.472656	0.605469	-0.0397223
0.511719	0.160156	-0.0400419
0.386719	0.183594	-0.0458706
0.378906	0.191406	-0.0419402
0.519531	0.160156	-0.0395379
0.527344	0.160156	-0.03923
0.238281	0.355469	-0.0416779
0.230469	0.363281	-0.0467404
0.230469	0.371094	-0.0451764
0.230469	0.378906	-0.0437914
0.230469	0.386719	-0.0425535
0.230469	0.394531	-0.0414708
0.371094	0.191406	-0.0453425
0.363281	0.199219	-0.0421664
0.355469	0.199219	-0.0459987
0.347656	0.207031	-0.0434353
0.339844	0.214844	-0.0411933
0.535156	0.160156	-0.0391431
0.332031	0.214844	-0.0455171
0.324219	0.222656	-0.0439134
0.316406	0.230469	-0.0428221
0.308594	0.238281	-0.0422688
0.246094	0.332031	-0.0418369
0.238281	0.339844	-0.0460593
0.238281	0.347656	-0.0437833
0.230469	0.402344	-0.0405716
0.300781	0.246094	-0.0421377
0.292969	0.253906	-0.0423534
0.285156	0.261719	-0.0429874
0.277344	0.269531	-0.0441904
0.277344	0.277344	-0.0400079
0.230469	0.480469	-0.0417822
0.230469	0.488281	-0.0429878
0.230469	0.496094	-0.0444287
0.230469	0.503906	-0.0460859
0.230469	0.511719	-0.0479307
0.238281	0.519531	-0.0426266
0.542969	0.160156	-0.0392898
0.269531	0.285156	-0.0420607
0.261719	0.292969	-0.0444496
0.261719	0.300781	-0.0409066
0.253906	0.316406	-0.0407834
0.246094	0.324219	-0.04446
0.230469	0.410156	-0.0398663
0.230469	0.472656	-0.0408094
0.246094	0.542969	-0.0427094
0.246094	0.550781	-0.0455596
0.246094	0.558594	-0.0485829
0.253906	0.566406	-0.0449455
0.261719	0.574219	-0.0417447
0.550781	0.160156	-0.0396975
0.253906	0.308594	-0.0438819
0.230469	0.417969	-0.039343
0.238281	0.527344	-0.0448508
0.238281	0.535156	-0.0472557
0.230469	0.464844	-0.0400457
0.230469	0.425781	-0.0389902
0.230469	0.457031	-0.0394634
0.558594	0.160156	-0.0404306
0.230469	0.433594	-0.0388149
0.230469	0.441406	-0.0388347
0.230469	0.449219	-0.0390551
0.261719	0.582031	-0.0455154
0.269531	0.589844	-0.0431157
0.277344	0.597656	-0.0412499
0.285156	0.605469	-0.0399377
0.441406	0.535156	-0.0413122
0.449219	0.542969	-0.041786
0.457031	0.550781	-0.0433281
0.464844	0.558594	-0.0459489
0.355469	0.660156	-0.0424413
0.363281	0.667969	-0.0467265
0.371094	0.667969	-0.0446413
0.378906	0.667969	-0.0428622
0.386719	0.667969	-0.0414059
0.394531	0.667969	-0.0402873
0.566406	0.160156	-0.0415815
0.292969	0.613281	-0.0391972
0.308594	0.628906	-0.0396321
0.316406	0.636719	-0.0408864
0.324219	0.644531	-0.0427904
0.332031	0.652344	-0.0452644
0.339844	0.652344	-0.0418618
0.347656	0.660156	-0.0452276
0.402344	0.667969	-0.0395435
0.558594	0.277344	-0.0399911
0.574219	0.160156	-0.0432613
0.300781	0.621094	-0.0390744
0.433594	0.527344	-0.0417073
0.410156	0.667969	-0.0392575
0.566406	0.277344	-0.0405062
0.472656	0.613281	-0.0398258
0.480469	0.300781	-0.0420235
0.449219	0.316406	-0.0417836
0.527344	0.285156	-0.0423035
0.386719	0.410156	-0.0402457
0.394531	0.386719	-0.0416659
0.417969	0.667969	-0.0395565
0.425781	0.667969	-0.0405667
0.464844	0.644531	-0.042242
0.457031	0.652344	-0.0411012
0.449219	0.660156	-0.042076
0.433594	0.667969	-0.0423569
0.441406	0.667969	-0.0449395
0.574219	0.277344	-0.0408114
0.425781	0.332031	-0.0392308
0.464844	0.308594	-0.042739
0.503906	0.292969	-0.0434662
0.386719	0.417969	-0.0411934
0.394531	0.472656	-0.042773
0.386719	0.441406	-0.0412234
0.582031	0.160156	-0.0455509
0.472656	0.621094	-0.0408196
0.425781	0.519531	-0.0424838
0.410156	0.355469	-0.0413143
0.410156	0.503906	-0.0422759
0.535156	0.285156	-0.0438065
0.402344	0.371094	-0.0421518
0.402344	0.488281	-0.0440283
0.386719	0.425781	-0.0417024
0.386719	0.433594	-0.0417179
0.582031	0.277344	-0.0411564
0.472656	0.628906	-0.0426995
0.472656	0.636719	-0.0454006
0.441406	0.324219	-0.0435444
0.488281	0.300781	-0.0449233
0.394531	0.394531	-0.0440718
0.394531	0.464844	-0.0448235
0.589844	0.277344	-0.0418658
0.417969	0.511719	-0.0429096
0.457031	0.316406	-0.0457339
0.472656	0.308594	-0.0460097
0.511719	0.292969	-0.0458419
0.542969	0.285156	-0.0451843
0.417969	0.347656	-0.0432843
0.402344	0.378906	-0.0454008
0.597656	0.167969	-0.0447343
0.605469	0.175781	-0.0422147
0.613281	0.183594	-0.0411734
0.621094	0.191406	-0.0418226
0.628906	0.199219	-0.0442871
0.433594	0.332031	-0.0443441
0.550781	0.285156	-0.0464008
0.410156	0.363281	-0.0449889
0.394531	0.402344	-0.0459995
0.402344	0.480469	-0.0472733
0.394531	0.457031	-0.0464447
0.589844	0.160156	-0.0484889
0.621094	0.253906	-0.0368175
0.613281	0.261719	-0.0367444
0.605469	0.269531	-0.0389879
0.597656	0.277344	-0.043165
0.628906	0.246094	-0.0394309
0.425781	0.339844	-0.0442948
0.519531	0.292969	-0.047879
0.496094	0.300781	-0.047755
0.410156	0.496094	-0.046751
0.394531	0.449219	-0.0477283
0.636719	0.207031	-0.0485528
0.636719	0.214844	-0.0458756
0.636719	0.222656	-0.044326
0.636719	0.230469	-0.0439138
0.636719	0.238281	-0.0446041
0.425781	0.160156	-0.0546903
0.433594	0.160156	-0.052573
0.417969	0.167969	-0.0495106
0.441406	0.160156	-0.0506532
0.410156	0.167969	-0.0519808
0.449219	0.152344	-0.0566655
0.457031	0.152344	-0.055142
0.464844	0.152344	-0.0537273
0.472656	0.152344	-0.0524099
0.480469	0.152344	-0.0512033
0.488281	0.152344	-0.050125
0.496094	0.152344	-0.04918
0.402344	0.167969	-0.0545909
0.394531	0.175781	-0.0500843
0.386719	0.175781	-0.0530502
0.503906	0.152344	-0.0483672
0.472656	0.558594	-0.052979
0.472656	0.566406	-0.0495751
0.480469	0.574219	-0.0541127
0.480469	0.582031	-0.0517077
0.480469	0.589844	-0.049788
0.480469	0.597656	-0.0484383
0.480469	0.605469	-0.0477526
0.511719	0.152344	-0.0476961
0.378906	0.183594	-0.0490258
0.371094	0.183594	-0.0523102
0.519531	0.152344	-0.0471936
0.527344	0.152344	-0.0468925
0.230469	0.347656	-0.0505249
0.230469	0.355469	-0.0485227
0.222656	0.363281	-0.0535855
0.222656	0.371094	-0.0521074
0.222656	0.378906	-0.0508018
0.222656	0.386719	-0.0496391
0.222656	0.394531	-0.0486258
0.363281	0.191406	-0.0489089
0.355469	0.191406	-0.0526175
0.347656	0.199219	-0.0499278
0.339844	0.199219	-0.0539395
0.339844	0.207031	-0.0475514
0.332031	0.207031	-0.0517502
0.535156	0.152344	-0.0468109
0.324219	0.214844	-0.0499255
0.316406	0.214844	-0.0544099
0.316406	0.222656	-0.0485567
0.308594	0.222656	-0.0532678
0.308594	0.230469	-0.0477091
0.300781	0.238281	-0.0473574
0.238281	0.324219	-0.0509576
0.238281	0.332031	-0.0484525
0.230469	0.339844	-0.052698
0.222656	0.402344	-0.0477881
0.292969	0.246094	-0.0473842
0.285156	0.246094	-0.0526362
0.285156	0.253906	-0.04775
0.277344	0.253906	-0.0531492
0.277344	0.261719	-0.0485659
0.269531	0.269531	-0.0499429
0.269531	0.277344	-0.0459356
0.222656	0.480469	-0.0492429
0.222656	0.488281	-0.0504177
0.222656	0.496094	-0.0518201
0.222656	0.503906	-0.0534387
0.222656	0.511719	-0.0552487
0.230469	0.519531	-0.0499422
0.230469	0.527344	-0.0521157
0.542969	0.152344	-0.0469598
0.261719	0.277344	-0.0518159
0.261719	0.285156	-0.0480868
0.253906	0.292969	-0.0505521
0.253906	0.300781	-0.0471488
0.246094	0.308594	-0.0501942
0.246094	0.316406	-0.0472365
0.222656	0.410156	-0.0471384
0.222656	0.472656	-0.048285
0.238281	0.542969	-0.049842
0.238281	0.550781	-0.0526029
0.238281	0.558594	-0.0555285
0.246094	0.566406	-0.05177
0.246094	0.574219	-0.055113
0.253906	0.574219	-0.0484149
0.253906	0.582031	-0.0520396
0.550781	0.152344	-0.0473729
0.222656	0.417969	-0.0466649
0.230469	0.535156	-0.0544562
0.222656	0.464844	-0.0475188
0.222656	0.425781	-0.0463552
0.222656	0.457031	-0.0469237
0.558594	0.152344	-0.0481159
0.222656	0.433594	-0.0462144
0.222656	0.441406	-0.0462595
0.222656	0.449219	-0.0464991
0.261719	0.589844	-0.0494352
0.261719	0.597656	-0.0534879
0.269531	0.597656	-0.0473361
0.269531	0.605469	-0.0516745
0.277344	0.605469	-0.0457675
0.285156	0.613281	-0.0447437
0.441406	0.527344	-0.046842
0.449219	0.535156	-0.0468874
0.457031	0.535156	-0.05274
0.457031	0.542969	-0.0478896
0.464844	0.542969	-0.0542389
0.464844	0.550781	-0.049936
0.347656	0.667969	-0.0517192
0.355469	0.667969	-0.0490944
0.363281	0.675781	-0.053449
0.371094	0.675781	-0.0514983
0.378906	0.675781	-0.049841
0.386719	0.675781	-0.0484924
0.394531	0.675781	-0.0474661
0.566406	0.152344	-0.0492744
0.292969	0.621094	-0.0442873
0.300781	0.628906	-0.0444505
0.308594	0.636719	-0.0452789
0.308594	0.644531	-0.0509436
0.316406	0.644531	-0.0467675
0.316406	0.652344	-0.0526385
0.324219	0.652344	-0.0488578
0.332031	0.660156	-0.0514758
0.339844	0.660156	-0.0482476
0.402344	0.675781	-0.0467928
0.558594	0.285156	-0.0473001
0.574219	0.152344	-0.0509555
0.433594	0.519531	-0.0474611
0.410156	0.675781	-0.0465401
0.566406	0.285156	-0.047814
0.480469	0.613281	-0.0478095
0.480469	0.308594	-0.0490188
0.449219	0.324219	-0.0479772
0.527344	0.292969	-0.0495972
0.394531	0.410156	-0.0474659
0.402344	0.386719	-0.0483626
0.417969	0.675781	-0.0468113
0.425781	0.675781	-0.0477115
0.472656	0.644531	-0.0488262
0.464844	0.652344	-0.0467435
0.457031	0.660156	-0.0465794
0.464844	0.660156	-0.0517217
0.449219	0.667969	-0.048295
0.457031	0.667969	-0.052367
0.433594	0.675781	-0.0493085
0.441406	0.675781	-0.051623
0.574219	0.285156	-0.0480671
0.464844	0.316406	-0.0494307
0.503906	0.300781	-0.0504742
0.394531	0.417969	-0.0485011
0.402344	0.472656	-0.0499985
0.394531	0.441406	-0.0486639
0.582031	0.152344	-0.0532315
0.480469	0.621094	-0.0486531
0.425781	0.511719	-0.0481596
0.417969	0.355469	-0.047368
0.417969	0.503906	-0.0481182
0.535156	0.292969	-0.0510793
0.410156	0.371094	-0.0484894
0.410156	0.488281	-0.0507342
0.394531	0.425781	-0.0490826
0.394531	0.433594	-0.0491433
0.582031	0.285156	-0.0482982
0.480469	0.628906	-0.0502799
0.480469	0.636719	-0.0526446
0.441406	0.332031	-0.0492218
0.488281	0.308594	-0.0518904
0.402344	0.394531	-0.0509197
0.402344	0.464844	-0.0521666
0.589844	0.285156	-0.0487962
0.457031	0.324219	-0.0521024
0.472656	0.316406	-0.0528516
0.511719	0.300781	-0.0529492
0.542969	0.292969	-0.0524205
0.425781	0.347656	-0.0489792
0.410156	0.378906	-0.0518199
0.597656	0.160156	-0.0521322
0.605469	0.167969	-0.0492275
0.613281	0.167969	-0.0544197
0.613281	0.175781	-0.0476093
0.621094	0.175781	-0.0536838
0.621094	0.183594	-0.0474888
0.628906	0.191406	-0.0490104
0.636719	0.199219	-0.0522329
0.433594	0.339844	-0.0495635
0.550781	0.292969	-0.0536165
0.417969	0.363281	-0.051126
0.402344	0.402344	-0.0529929
0.410156	0.480469	-0.0542093
0.402344	0.457031	-0.053838
0.589844	0.152344	-0.0561292
0.628906	0.253906	-0.0425566
0.621094	0.261719	-0.0411978
0.613281	0.269531	-0.0421549
0.621094	0.269531	-0.046101
0.605469	0.277344	-0.0451646
0.613281	0.277344	-0.0478987
0.597656	0.285156	-0.049784
0.636719	0.246094	-0.0463381
0.519531	0.300781	-0.0550785
0.496094	0.308594	-0.0546882
0.417969	0.496094	-0.0529326
0.402344	0.449219	-0.0551315
0.644531	0.207031	-0.0570368
0.644531	0.214844	-0.0543579
0.644531	0.222656	-0.0526708
0.644531	0.230469	-0.0520035
0.644531	0.238281	-0.0523782
0.425781	0.152344	-0.062232
0.433594	0.152344	-0.0601864
0.417969	0.160156	-0.0569752
0.441406	0.152344	-0.0583352
0.410156	0.160156	-0.0594003
0.449219	0.144531	-0.0644077
0.457031	0.144531	-0.0628685
0.464844	0.144531	-0.0614272
0.472656	0.144531	-0.06009
0.480469	0.144531	-0.0588741
0.488281	0.144531	-0.0577889
0.496094	0.144531	-0.0568332
0.402344	0.160156	-0.0619548
0.394531	0.167969	-0.0573471
0.386719	0.167969	-0.0602448
0.378906	0.175781	-0.0561368
0.503906	0.144531	-0.0560094
0.472656	0.550781	-0.0567276
0.480469	0.558594	-0.0601287
0.480469	0.566406	-0.056938
0.488281	0.574219	-0.0616888
0.488281	0.582031	-0.0594724
0.488281	0.589844	-0.0576976
0.488281	0.597656	-0.0564431
0.488281	0.605469	-0.0557933
0.511719	0.144531	-0.0553348
0.371094	0.175781	-0.0593367
0.363281	0.183594	-0.0557339
0.519531	0.144531	-0.0548387
0.527344	0.144531	-0.0545467
0.222656	0.347656	-0.0571841
0.222656	0.355469	-0.0552789
0.214844	0.363281	-0.0603452
0.214844	0.371094	-0.0589489
0.214844	0.378906	-0.0577196
0.214844	0.386719	-0.0566324
0.214844	0.394531	-0.055691
0.355469	0.183594	-0.0593035
0.347656	0.191406	-0.0564403
0.339844	0.191406	-0.060347
0.332031	0.199219	-0.0580276
0.324219	0.207031	-0.056024
0.535156	0.144531	-0.0544725
0.316406	0.207031	-0.0603588
0.308594	0.214844	-0.0589583
0.300781	0.222656	-0.0580416
0.300781	0.230469	-0.0526385
0.292969	0.238281	-0.0524638
0.238281	0.316406	-0.05361
0.230469	0.324219	-0.0573765
0.230469	0.332031	-0.0549833
0.222656	0.339844	-0.0592575
0.214844	0.402344	-0.0549171
0.285156	0.238281	-0.0575754
0.277344	0.246094	-0.0578811
0.269531	0.253906	-0.0585519
0.269531	0.261719	-0.0541356
0.261719	0.269531	-0.0556655
0.214844	0.480469	-0.0566643
0.214844	0.488281	-0.0578176
0.214844	0.496094	-0.0591834
0.214844	0.503906	-0.0607619
0.214844	0.511719	-0.0625355
0.222656	0.519531	-0.0572258
0.222656	0.527344	-0.0593578
0.542969	0.144531	-0.0546286
0.253906	0.277344	-0.0576502
0.253906	0.285156	-0.0540566
0.246094	0.292969	-0.0565972
0.246094	0.300781	-0.0533256
0.238281	0.308594	-0.0564404
0.214844	0.410156	-0.054322
0.214844	0.472656	-0.0557115
0.230469	0.542969	-0.0569668
0.230469	0.550781	-0.0596452
0.230469	0.558594	-0.0624783
0.238281	0.566406	-0.0586106
0.238281	0.574219	-0.0618317
0.246094	0.582031	-0.0586032
0.253906	0.589844	-0.0558078
0.550781	0.144531	-0.0550561
0.214844	0.417969	-0.0539013
0.222656	0.535156	-0.061646
0.214844	0.464844	-0.054935
0.214844	0.425781	-0.0536386
0.214844	0.457031	-0.0543203
0.558594	0.144531	-0.0558244
0.214844	0.433594	-0.0535363
0.214844	0.441406	-0.0536108
0.214844	0.449219	-0.0538738
0.253906	0.597656	-0.0596994
0.261719	0.605469	-0.0576567
0.269531	0.613281	-0.0561128
0.277344	0.613281	-0.0503834
0.285156	0.621094	-0.0496286
0.441406	0.519531	-0.0524937
0.449219	0.527344	-0.0522031
0.457031	0.527344	-0.0578042
0.464844	0.535156	-0.0588299
0.472656	0.542969	-0.0607898
0.339844	0.667969	-0.0545754
0.347656	0.675781	-0.0581402
0.355469	0.675781	-0.0556698
0.363281	0.683594	-0.0600793
0.371094	0.683594	-0.0582596
0.378906	0.683594	-0.0567204
0.386719	0.683594	-0.0554738
0.394531	0.683594	-0.0545365
0.566406	0.144531	-0.0570181
0.292969	0.628906	-0.0494394
0.300781	0.636719	-0.0498685
0.300781	0.644531	-0.0553143
0.308594	0.652344	-0.0566112
0.316406	0.660156	-0.0584863
0.324219	0.660156	-0.0548922
0.332031	0.667969	-0.057635
0.402344	0.683594	-0.0539314
0.558594	0.292969	-0.0545358
0.574219	0.144531	-0.0587234
0.433594	0.511719	-0.0531944
0.410156	0.683594	-0.0537143
0.566406	0.292969	-0.0550546
0.488281	0.613281	-0.0558074
0.480469	0.316406	-0.0559599
0.449219	0.332031	-0.053868
0.527344	0.300781	-0.0568494
0.402344	0.410156	-0.0545846
0.410156	0.386719	-0.0549071
0.417969	0.683594	-0.05397
0.425781	0.683594	-0.0547879
0.480469	0.644531	-0.0556673
0.472656	0.652344	-0.0528614
0.472656	0.660156	-0.0573604
0.464844	0.667969	-0.0570724
0.449219	0.675781	-0.0546463
0.457031	0.675781	-0.0583553
0.433594	0.683594	-0.0562314
0.441406	0.683594	-0.058328
0.574219	0.292969	-0.0552636
0.464844	0.324219	-0.0559549
0.503906	0.308594	-0.0574034
0.402344	0.417969	-0.0557286
0.410156	0.472656	-0.0571392
0.402344	0.441406	-0.056063
0.582031	0.144531	-0.0610208
0.488281	0.621094	-0.0565172
0.425781	0.503906	-0.0536373
0.425781	0.355469	-0.0532286
0.535156	0.300781	-0.0583263
0.417969	0.371094	-0.0546807
0.417969	0.488281	-0.0572437
0.402344	0.425781	-0.0564004
0.402344	0.433594	-0.0565203
0.582031	0.292969	-0.0553838
0.488281	0.628906	-0.0579164
0.488281	0.636719	-0.0599696
0.441406	0.339844	-0.0546006
0.488281	0.316406	-0.0588332
0.410156	0.394531	-0.0576212
0.410156	0.464844	-0.0594557
0.589844	0.292969	-0.0556865
0.457031	0.332031	-0.0581932
0.472656	0.324219	-0.0595254
0.511719	0.308594	-0.0599542
0.542969	0.300781	-0.0596299
0.433594	0.347656	-0.0544297
0.417969	0.378906	-0.0580715
0.597656	0.152344	-0.0597165
0.605469	0.160156	-0.0564875
0.613281	0.160156	-0.0615909
0.621094	0.167969	-0.0603539
0.628906	0.175781	-0.0604127
0.628906	0.183594	-0.0544334
0.636719	0.191406	-0.0567628
0.644531	0.199219	-0.0605752
0.550781	0.300781	-0.0607897
0.425781	0.363281	-0.0570998
0.410156	0.402344	-0.0598729
0.417969	0.480469	-0.0610034
0.410156	0.457031	-0.061199
0.589844	0.144531	-0.0639104
0.636719	0.253906	-0.0489048
0.628906	0.261719	-0.0463401
0.628906	0.269531	-0.0507057
0.621094	0.277344	-0.0513366
0.605469	0.285156	-0.0514233
0.613281	0.285156	-0.0537952
0.597656	0.292969	-0.0564287
0.644531	0.246094	-0.0536925
0.519531	0.308594	-0.0621961
0.496094	0.316406	-0.0616006
0.425781	0.496094	-0.0587974
0.410156	0.449219	-0.0625084
0.652344	0.207031	-0.065345
0.652344	0.214844	-0.0630991
0.652344	0.222656	-0.0613141
0.652344	0.230469	-0.060425
0.652344	0.238281	-0.0604552
0.425781	0.144531	-0.0693543
0.433594	0.144531	-0.0677969
0.417969	0.152344	-0.0644559
0.441406	0.144531	-0.0660548
0.410156	0.152344	-0.0667909
0.449219	0.136719	-0.0701167
0.457031	0.136719	-0.0699166
0.464844	0.136719	-0.0690297
0.472656	0.136719	-0.0677527
0.480469	0.136719	-0.0665371
0.488281	0.136719	-0.0654409
0.496094	0.136719	-0.0644729
0.402344	0.152344	-0.0689158
0.394531	0.160156	-0.0646273
0.386719	0.160156	-0.0673454
0.378906	0.167969	-0.0632586
0.371094	0.167969	-0.0663175
0.503906	0.136719	-0.0636403
0.480469	0.542969	-0.0671849
0.480469	0.550781	-0.06363
0.488281	0.558594	-0.0669903
0.488281	0.566406	-0.0642926
0.496094	0.574219	-0.0683119
0.496094	0.582031	-0.0667788
0.496094	0.589844	-0.0653674
0.496094	0.597656	-0.064247
0.496094	0.605469	-0.0636427
0.511719	0.136719	-0.0629684
0.363281	0.175781	-0.0626351
0.355469	0.175781	-0.0659875
0.519531	0.136719	-0.0624849
0.527344	0.136719	-0.0622062
0.214844	0.347656	-0.0637436
0.214844	0.355469	-0.0619456
0.207031	0.363281	-0.0668053
0.207031	0.371094	-0.0656411
0.207031	0.378906	-0.0645309
0.207031	0.386719	-0.063542
0.207031	0.394531	-0.0626741
0.347656	0.183594	-0.0629817
0.339844	0.183594	-0.0666498
0.332031	0.191406	-0.0642881
0.324219	0.191406	-0.0679202
0.324219	0.199219	-0.0621684
0.535156	0.136719	-0.0621429
0.316406	0.199219	-0.0662583
0.308594	0.207031	-0.064695
0.300781	0.207031	-0.0684654
0.300781	0.214844	-0.0635265
0.292969	0.222656	-0.0628584
0.292969	0.230469	-0.0576018
0.230469	0.308594	-0.062603
0.230469	0.316406	-0.0599114
0.222656	0.324219	-0.0636897
0.222656	0.332031	-0.0614278
0.214844	0.339844	-0.0656688
0.207031	0.402344	-0.0619658
0.285156	0.230469	-0.0625823
0.277344	0.238281	-0.0626714
0.269531	0.238281	-0.0673908
0.269531	0.246094	-0.0630985
0.261719	0.253906	-0.063899
0.261719	0.261719	-0.059693
0.253906	0.269531	-0.0613464
0.207031	0.480469	-0.0640472
0.207031	0.488281	-0.0651831
0.207031	0.496094	-0.066526
0.207031	0.503906	-0.0680329
0.207031	0.511719	-0.0694742
0.214844	0.519531	-0.0644823
0.214844	0.527344	-0.0665531
0.542969	0.136719	-0.0623161
0.246094	0.277344	-0.0634054
0.246094	0.285156	-0.05997
0.238281	0.292969	-0.0625663
0.238281	0.300781	-0.0594416
0.207031	0.410156	-0.0614298
0.207031	0.472656	-0.0630965
0.222656	0.542969	-0.0640834
0.222656	0.550781	-0.06661
0.222656	0.558594	-0.0688663
0.230469	0.566406	-0.065413
0.230469	0.574219	-0.068198
0.238281	0.582031	-0.0651322
0.238281	0.589844	-0.0681768
0.246094	0.589844	-0.0622104
0.550781	0.136719	-0.0627702
0.207031	0.417969	-0.0610647
0.214844	0.535156	-0.0685846
0.207031	0.464844	-0.0623026
0.207031	0.425781	-0.060854
0.207031	0.457031	-0.0616633
0.558594	0.136719	-0.0635713
0.207031	0.433594	-0.0607954
0.207031	0.441406	-0.0609033
0.207031	0.449219	-0.0611925
0.246094	0.597656	-0.0658441
0.253906	0.605469	-0.0636597
0.253906	0.613281	-0.0674306
0.261719	0.613281	-0.0619054
0.269531	0.621094	-0.0606238
0.277344	0.621094	-0.0550821
0.285156	0.628906	-0.0545796
0.441406	0.511719	-0.0582091
0.449219	0.519531	-0.0576979
0.457031	0.519531	-0.0639172
0.464844	0.527344	-0.0636489
0.472656	0.527344	-0.0696664
0.472656	0.535156	-0.0650728
0.332031	0.675781	-0.0636822
0.339844	0.675781	-0.0608288
0.347656	0.683594	-0.0644062
0.355469	0.683594	-0.0621348
0.363281	0.691406	-0.0664189
0.371094	0.691406	-0.0648375
0.378906	0.691406	-0.0634483
0.386719	0.691406	-0.0623244
0.394531	0.691406	-0.061486
0.566406	0.136719	-0.064794
0.292969	0.636719	-0.0546418
0.292969	0.644531	-0.0598813
0.300781	0.652344	-0.0607711
0.300781	0.660156	-0.0660514
0.308594	0.660156	-0.0622484
0.316406	0.667969	-0.0642314
0.324219	0.667969	-0.060875
0.402344	0.691406	-0.0609553
0.558594	0.300781	-0.0617168
0.574219	0.136719	-0.0664892
0.433594	0.503906	-0.0588371
0.410156	0.691406	-0.0607784
0.566406	0.300781	-0.0622461
0.496094	0.613281	-0.0636062
0.480469	0.324219	-0.0627784
0.449219	0.339844	-0.0594965
0.527344	0.308594	-0.0640516
0.410156	0.410156	-0.0616181
0.417969	0.386719	-0.061295
0.417969	0.691406	-0.0610271
0.425781	0.691406	-0.0617796
0.488281	0.644531	-0.0625759
0.480469	0.652344	-0.0592849
0.480469	0.660156	-0.063277
0.472656	0.667969	-0.0622502
0.464844	0.675781	-0.06262
0.472656	0.675781	-0.0670138
0.449219	0.683594	-0.0610744
0.457031	0.683594	-0.0643714
0.433594	0.691406	-0.0630941
0.441406	0.691406	-0.064974
0.574219	0.300781	-0.0624176
0.464844	0.332031	-0.0622762
0.503906	0.316406	-0.0642849
0.410156	0.417969	-0.0628926
0.417969	0.472656	-0.0641715
0.410156	0.441406	-0.0634341
0.582031	0.136719	-0.0686104
0.496094	0.621094	-0.0641582
0.433594	0.355469	-0.0589719
0.535156	0.308594	-0.0655604
0.425781	0.371094	-0.060728
0.425781	0.488281	-0.0634356
0.410156	0.425781	-0.0636727
0.410156	0.433594	-0.0638642
0.582031	0.300781	-0.062436
0.496094	0.628906	-0.0652537
0.496094	0.636719	-0.0667891
0.441406	0.347656	-0.0597711
0.488281	0.324219	-0.0656916
0.417969	0.394531	-0.0642956
0.417969	0.464844	-0.0666535
0.589844	0.300781	-0.0625696
0.457031	0.339844	-0.0639784
0.472656	0.332031	-0.0658731
0.511719	0.316406	-0.06685
0.542969	0.308594	-0.0668211
0.425781	0.378906	-0.0643277
0.597656	0.144531	-0.06726
0.605469	0.152344	-0.0640169
0.613281	0.152344	-0.0682446
0.621094	0.160156	-0.0669524
0.628906	0.160156	-0.0698602
0.628906	0.167969	-0.066488
0.636719	0.175781	-0.0669841
0.636719	0.183594	-0.0618874
0.644531	0.191406	-0.0648152
0.652344	0.199219	-0.0678099
0.550781	0.308594	-0.0686499
0.433594	0.363281	-0.0639167
0.417969	0.402344	-0.0674936
0.425781	0.480469	-0.0681808
0.417969	0.457031	-0.0688507
0.589844	0.136719	-0.0700868
0.644531	0.253906	-0.0574622
0.636719	0.261719	-0.0538886
0.636719	0.269531	-0.0580768
0.628906	0.277344	-0.0569985
0.621094	0.285156	-0.056798
0.628906	0.285156	-0.0627112
0.605469	0.292969	-0.057751
0.613281	0.292969	-0.0609798
0.597656	0.300781	-0.0641814
0.652344	0.246094	-0.0634401
0.519531	0.316406	-0.0703125
0.496094	0.324219	-0.0703125
0.433594	0.496094	-0.0662242
0.417969	0.449219	-0.0703125
0.660156	0.207031	-0.0703125
0.660156	0.214844	-0.0703125
0.660156	0.222656	-0.0703125
0.660156	0.230469	-0.0703125
0.660156	0.238281	-0.0703125
