0.00195312	0.197266	0.00273436
0.00585938	0.197266	0.00273436
0.00976562	0.197266	0.00273436
0.0136719	0.197266	0.00273436
0.0175781	0.197266	0.00273436
0.0214844	0.197266	0.00273436
0.0253906	0.197266	0.00273436
0.0292969	0.197266	0.00273436
0.0332031	0.197266	0.00273436
0.0371094	0.197266	0.00273436
0.0410156	0.197266	0.00273436
0.0449219	0.197266	0.00273436
0.0488281	0.197266	0.00273436
0.0527344	0.197266	0.00273436
0.0566406	0.197266	0.00273436
0.0605469	0.197266	0.00273436
0.0644531	0.197266	0.00273436
0.0683594	0.197266	0.00273436
0.0722656	0.197266	0.00273436
0.0761719	0.197266	0.00273436
0.0800781	0.197266	0.00273436
0.0839844	0.197266	0.00273436
0.0878906	0.197266	0.00273436
0.0917969	0.197266	0.00273436
0.0957031	0.197266	0.00273436
0.0996094	0.197266	0.00273436
0.103516	0.197266	0.00273436
0.107422	0.197266	0.00273436
0.111328	0.197266	0.00273436
0.115234	0.197266	0.00273436
0.119141	0.197266	0.00273436
0.123047	0.197266	0.00273436
0.126953	0.197266	0.00273436
0.130859	0.197266	0.00273436
0.134766	0.197266	0.00273436
0.138672	0.197266	0.00273436
0.142578	0.197266	0.00273436
0.146484	0.197266	0.00273436
0.150391	0.197266	0.00273436
0.154297	0.197266	0.00273436
0.158203	0.197266	0.00273436
0.162109	0.197266	0.00273436
0.166016	0.197266	0.00273436
0.169922	0.197266	0.00273436
0.173828	0.197266	0.00273436
0.177734	0.197266	0.00273436
0.181641	0.197266	0.00273436
0.185547	0.197266	0.00273436
0.189453	0.197266	0.00273436
0.193359	0.197266	0.00273436
0.197266	0.197266	0.00273436
0.201172	0.197266	0.00273436
0.205078	0.197266	0.00273436
0.208984	0.197266	0.00273436
0.212891	0.197266	0.00273436
0.216797	0.197266	0.00273436
0.220703	0.197266	0.00273436
0.224609	0.197266	0.00273436
0.228516	0.197266	0.00273436
0.232422	0.197266	0.00273436
0.236328	0.197266	0.00273436
0.240234	0.197266	0.00273436
0.244141	0.197266	0.00273436
0.248047	0.197266	0.00273436
0.251953	0.197266	0.00273436
0.255859	0.197266	0.00273436
0.259766	0.197266	0.00273436
0.263672	0.197266	0.00273436
0.267578	0.197266	0.00273436
0.271484	0.197266	0.00273436
0.275391	0.197266	0.00273436
0.279297	0.197266	0.00273436
0.283203	0.197266	0.00273436
0.287109	0.197266	0.00273436
0.291016	0.197266	0.00273436
0.294922	0.197266	0.00273436
0.298828	0.197266	0.00273436
0.302734	0.197266	0.00273436
0.306641	0.197266	0.00273436
0.310547	0.197266	0.00273436
0.314453	0.197266	0.00273436
0.318359	0.197266	0.00273436
0.322266	0.197266	0.00273436
0.326172	0.197266	0.00273436
0.330078	0.197266	0.00273436
0.333984	0.197266	0.00273436
0.337891	0.197266	0.00273436
0.341797	0.197266	0.00273436
0.345703	0.197266	0.00273436
0.349609	0.197266	0.00273436
0.353516	0.197266	0.00273436
0.357422	0.197266	0.00273436
0.361328	0.197266	0.00273436
0.365234	0.197266	0.00273436
0.369141	0.197266	0.00273436
0.373047	0.197266	0.00273436
0.376953	0.197266	0.00273436
0.380859	0.197266	0.00273436
0.384766	0.197266	0.00273436
0.388672	0.197266	0.00273436
0.392578	0.197266	0.00273436
0.396484	0.197266	0.00273436
0.400391	0.197266	0.00273436
0.404297	0.197266	0.00273436
0.408203	0.197266	0.00273436
0.412109	0.197266	0.00273436
0.416016	0.197266	0.00273436
0.419922	0.197266	0.00273436
0.423828	0.197266	0.00273436
0.427734	0.197266	0.00273436
0.431641	0.197266	0.00273436
0.435547	0.197266	0.00273436
0.439453	0.197266	0.00273436
0.443359	0.197266	0.00273436
0.447266	0.197266	0.00273436
0.451172	0.197266	0.00273436
0.455078	0.197266	0.00273436
0.458984	0.197266	0.00273436
0.462891	0.197266	0.00273436
0.466797	0.197266	0.00273436
0.470703	0.197266	0.00273436
0.474609	0.197266	0.00273436
0.478516	0.197266	0.00273436
0.482422	0.197266	0.00273436
0.486328	0.197266	0.00273436
0.490234	0.197266	0.00273436
0.494141	0.197266	0.00273436
0.498047	0.197266	0.00273436
0.501953	0.197266	0.00273436
0.505859	0.197266	0.00273436
0.509766	0.197266	0.00273436
0.513672	0.197266	0.00273436
0.517578	0.197266	0.00273436
0.521484	0.197266	0.00273436
0.525391	0.197266	0.00273436
0.529297	0.197266	0.00273436
0.533203	0.197266	0.00273436
0.537109	0.197266	0.00273436
0.541016	0.197266	0.00273436
0.544922	0.197266	0.00273436
0.548828	0.197266	0.00273436
0.552734	0.197266	0.00273436
0.556641	0.197266	0.00273436
0.560547	0.197266	0.00273436
0.564453	0.197266	0.00273436
0.568359	0.197266	0.00273436
0.572266	0.197266	0.00273436
0.576172	0.197266	0.00273436
0.580078	0.197266	0.00273436
0.583984	0.197266	0.00273436
0.587891	0.197266	0.00273436
0.591797	0.197266	0.00273436
0.595703	0.197266	0.00273436
0.599609	0.197266	0.00273436
0.603516	0.197266	0.00273436
0.607422	0.197266	0.00273436
0.611328	0.197266	0.00273436
0.615234	0.197266	0.00273436
0.619141	0.197266	0.00273436
0.623047	0.197266	0.00273436
0.626953	0.197266	0.00273436
0.630859	0.197266	0.00273436
0.634766	0.197266	0.00273436
0.638672	0.197266	0.00273436
0.642578	0.197266	0.00273436
0.646484	0.197266	0.00273436
0.650391	0.197266	0.00273436
0.654297	0.197266	0.00273436
0.658203	0.197266	0.00273436
0.662109	0.197266	0.00273436
0.666016	0.197266	0.00273436
0.669922	0.197266	0.00273436
0.673828	0.197266	0.00273436
0.677734	0.197266	0.00273436
0.681641	0.197266	0.00273436
0.685547	0.197266	0.00273436
0.689453	0.197266	0.00273436
0.693359	0.197266	0.00273436
0.697266	0.197266	0.00273436
0.701172	0.197266	0.00273436
0.705078	0.197266	0.00273436
0.708984	0.197266	0.00273436
0.712891	0.197266	0.00273436
0.716797	0.197266	0.00273436
0.720703	0.197266	0.00273436
0.724609	0.197266	0.00273436
0.728516	0.197266	0.00273436
0.732422	0.197266	0.00273436
0.736328	0.197266	0.00273436
0.740234	0.197266	0.00273436
0.744141	0.197266	0.00273436
0.748047	0.197266	0.00273436
0.751953	0.197266	0.00273436
0.755859	0.197266	0.00273436
0.759766	0.197266	0.00273436
0.763672	0.197266	0.00273436
0.767578	0.197266	0.00273436
0.771484	0.197266	0.00273436
0.775391	0.197266	0.00273436
0.779297	0.197266	0.00273436
0.783203	0.197266	0.00273436
0.787109	0.197266	0.00273436
0.791016	0.197266	0.00273436
0.794922	0.197266	0.00273436
0.798828	0.197266	0.00273436
0.802734	0.197266	0.00273436
0.806641	0.197266	0.00273436
0.810547	0.197266	0.00273436
0.814453	0.197266	0.00273436
0.818359	0.197266	0.00273436
0.822266	0.197266	0.00273436
0.826172	0.197266	0.00273436
0.830078	0.197266	0.00273436
0.833984	0.197266	0.00273436
0.837891	0.197266	0.00273436
0.841797	0.197266	0.00273436
0.845703	0.197266	0.00273436
0.849609	0.197266	0.00273436
0.853516	0.197266	0.00273436
0.857422	0.197266	0.00273436
0.861328	0.197266	0.00273436
0.865234	0.197266	0.00273436
0.869141	0.197266	0.00273436
0.873047	0.197266	0.00273436
0.876953	0.197266	0.00273436
0.880859	0.197266	0.00273436
0.884766	0.197266	0.00273436
0.888672	0.197266	0.00273436
0.892578	0.197266	0.00273436
0.896484	0.197266	0.00273436
0.900391	0.197266	0.00273436
0.904297	0.197266	0.00273436
0.908203	0.197266	0.00273436
0.912109	0.197266	0.00273436
0.916016	0.197266	0.00273436
0.919922	0.197266	0.00273436
0.923828	0.197266	0.00273436
0.927734	0.197266	0.00273436
0.931641	0.197266	0.00273436
0.935547	0.197266	0.00273436
0.939453	0.197266	0.00273436
0.943359	0.197266	0.00273436
0.947266	0.197266	0.00273436
0.951172	0.197266	0.00273436
0.955078	0.197266	0.00273436
0.958984	0.197266	0.00273436
0.962891	0.197266	0.00273436
0.966797	0.197266	0.00273436
0.970703	0.197266	0.00273436
0.974609	0.197266	0.00273436
0.978516	0.197266	0.00273436
0.982422	0.197266	0.00273436
0.986328	0.197266	0.00273436
0.990234	0.197266	0.00273436
0.994141	0.197266	0.00273436
0.998047	0.197266	0.00273436
0.00195312	0.201172	-0.00117189
0.00585938	0.201172	-0.00117189
0.00976562	0.201172	-0.00117189
0.0136719	0.201172	-0.00117189
0.0175781	0.201172	-0.00117189
0.0214844	0.201172	-0.00117189
0.0253906	0.201172	-0.00117189
0.0292969	0.201172	-0.00117189
0.0332031	0.201172	-0.00117189
0.0371094	0.201172	-0.00117189
0.0410156	0.201172	-0.00117189
0.0449219	0.201172	-0.00117189
0.0488281	0.201172	-0.00117189
0.0527344	0.201172	-0.00117189
0.0566406	0.201172	-0.00117189
0.0605469	0.201172	-0.00117189
0.0644531	0.201172	-0.00117189
0.0683594	0.201172	-0.00117189
0.0722656	0.201172	-0.00117189
0.0761719	0.201172	-0.00117189
0.0800781	0.201172	-0.00117189
0.0839844	0.201172	-0.00117189
0.0878906	0.201172	-0.00117189
0.0917969	0.201172	-0.00117189
0.0957031	0.201172	-0.00117189
0.0996094	0.201172	-0.00117189
0.103516	0.201172	-0.00117189
0.107422	0.201172	-0.00117189
0.111328	0.201172	-0.00117189
0.115234	0.201172	-0.00117189
0.119141	0.201172	-0.00117189
0.123047	0.201172	-0.00117189
0.126953	0.201172	-0.00117189
0.130859	0.201172	-0.00117189
0.134766	0.201172	-0.00117189
0.138672	0.201172	-0.00117189
0.142578	0.201172	-0.00117189
0.146484	0.201172	-0.00117189
0.150391	0.201172	-0.00117189
0.154297	0.201172	-0.00117189
0.158203	0.201172	-0.00117189
0.162109	0.201172	-0.00117189
0.166016	0.201172	-0.00117189
0.169922	0.201172	-0.00117189
0.173828	0.201172	-0.00117189
0.177734	0.201172	-0.00117189
0.181641	0.201172	-0.00117189
0.185547	0.201172	-0.00117189
0.189453	0.201172	-0.00117189
0.193359	0.201172	-0.00117189
0.197266	0.201172	-0.00117189
0.201172	0.201172	-0.00117189
0.205078	0.201172	-0.00117189
0.208984	0.201172	-0.00117189
0.212891	0.201172	-0.00117189
0.216797	0.201172	-0.00117189
0.220703	0.201172	-0.00117189
0.224609	0.201172	-0.00117189
0.228516	0.201172	-0.00117189
0.232422	0.201172	-0.00117189
0.236328	0.201172	-0.00117189
0.240234	0.201172	-0.00117189
0.244141	0.201172	-0.00117189
0.248047	0.201172	-0.00117189
0.251953	0.201172	-0.00117189
0.255859	0.201172	-0.00117189
0.259766	0.201172	-0.00117189
0.263672	0.201172	-0.00117189
0.267578	0.201172	-0.00117189
0.271484	0.201172	-0.00117189
0.275391	0.201172	-0.00117189
0.279297	0.201172	-0.00117189
0.283203	0.201172	-0.00117189
0.287109	0.201172	-0.00117189
0.291016	0.201172	-0.00117189
0.294922	0.201172	-0.00117189
0.298828	0.201172	-0.00117189
0.302734	0.201172	-0.00117189
0.306641	0.201172	-0.00117189
0.310547	0.201172	-0.00117189
0.314453	0.201172	-0.00117189
0.318359	0.201172	-0.00117189
0.322266	0.201172	-0.00117189
0.326172	0.201172	-0.00117189
0.330078	0.201172	-0.00117189
0.333984	0.201172	-0.00117189
0.337891	0.201172	-0.00117189
0.341797	0.201172	-0.00117189
0.345703	0.201172	-0.00117189
0.349609	0.201172	-0.00117189
0.353516	0.201172	-0.00117189
0.357422	0.201172	-0.00117189
0.361328	0.201172	-0.00117189
0.365234	0.201172	-0.00117189
0.369141	0.201172	-0.00117189
0.373047	0.201172	-0.00117189
0.376953	0.201172	-0.00117189
0.380859	0.201172	-0.00117189
0.384766	0.201172	-0.00117189
0.388672	0.201172	-0.00117189
0.392578	0.201172	-0.00117189
0.396484	0.201172	-0.00117189
0.400391	0.201172	-0.00117189
0.404297	0.201172	-0.00117189
0.408203	0.201172	-0.00117189
0.412109	0.201172	-0.00117189
0.416016	0.201172	-0.00117189
0.419922	0.201172	-0.00117189
0.423828	0.201172	-0.00117189
0.427734	0.201172	-0.00117189
0.431641	0.201172	-0.00117189
0.435547	0.201172	-0.00117189
0.439453	0.201172	-0.00117189
0.443359	0.201172	-0.00117189
0.447266	0.201172	-0.00117189
0.451172	0.201172	-0.00117189
0.455078	0.201172	-0.00117189
0.458984	0.201172	-0.00117189
0.462891	0.201172	-0.00117189
0.466797	0.201172	-0.00117189
0.470703	0.201172	-0.00117189
0.474609	0.201172	-0.00117189
0.478516	0.201172	-0.00117189
0.482422	0.201172	-0.00117189
0.486328	0.201172	-0.00117189
0.490234	0.201172	-0.00117189
0.494141	0.201172	-0.00117189
0.498047	0.201172	-0.00117189
0.501953	0.201172	-0.00117189
0.505859	0.201172	-0.00117189
0.509766	0.201172	-0.00117189
0.513672	0.201172	-0.00117189
0.517578	0.201172	-0.00117189
0.521484	0.201172	-0.00117189
0.525391	0.201172	-0.00117189
0.529297	0.201172	-0.00117189
0.533203	0.201172	-0.00117189
0.537109	0.201172	-0.00117189
0.541016	0.201172	-0.00117189
0.544922	0.201172	-0.00117189
0.548828	0.201172	-0.00117189
0.552734	0.201172	-0.00117189
0.556641	0.201172	-0.00117189
0.560547	0.201172	-0.00117189
0.564453	0.201172	-0.00117189
0.568359	0.201172	-0.00117189
0.572266	0.201172	-0.00117189
0.576172	0.201172	-0.00117189
0.580078	0.201172	-0.00117189
0.583984	0.201172	-0.00117189
0.587891	0.201172	-0.00117189
0.591797	0.201172	-0.00117189
0.595703	0.201172	-0.00117189
0.599609	0.201172	-0.00117189
0.603516	0.201172	-0.00117189
0.607422	0.201172	-0.00117189
0.611328	0.201172	-0.00117189
0.615234	0.201172	-0.00117189
0.619141	0.201172	-0.00117189
0.623047	0.201172	-0.00117189
0.626953	0.201172	-0.00117189
0.630859	0.201172	-0.00117189
0.634766	0.201172	-0.00117189
0.638672	0.201172	-0.00117189
0.642578	0.201172	-0.00117189
0.646484	0.201172	-0.00117189
0.650391	0.201172	-0.00117189
0.654297	0.201172	-0.00117189
0.658203	0.201172	-0.00117189
0.662109	0.201172	-0.00117189
0.666016	0.201172	-0.00117189
0.669922	0.201172	-0.00117189
0.673828	0.201172	-0.00117189
0.677734	0.201172	-0.00117189
0.681641	0.201172	-0.00117189
0.685547	0.201172	-0.00117189
0.689453	0.201172	-0.00117189
0.693359	0.201172	-0.00117189
0.697266	0.201172	-0.00117189
0.701172	0.201172	-0.00117189
0.705078	0.201172	-0.00117189
0.708984	0.201172	-0.00117189
0.712891	0.201172	-0.00117189
0.716797	0.201172	-0.00117189
0.720703	0.201172	-0.00117189
0.724609	0.201172	-0.00117189
0.728516	0.201172	-0.00117189
0.732422	0.201172	-0.00117189
0.736328	0.201172	-0.00117189
0.740234	0.201172	-0.00117189
0.744141	0.201172	-0.00117189
0.748047	0.201172	-0.00117189
0.751953	0.201172	-0.00117189
0.755859	0.201172	-0.00117189
0.759766	0.201172	-0.00117189
0.763672	0.201172	-0.00117189
0.767578	0.201172	-0.00117189
0.771484	0.201172	-0.00117189
0.775391	0.201172	-0.00117189
0.779297	0.201172	-0.00117189
0.783203	0.201172	-0.00117189
0.787109	0.201172	-0.00117189
0.791016	0.201172	-0.00117189
0.794922	0.201172	-0.00117189
0.798828	0.201172	-0.00117189
0.802734	0.201172	-0.00117189
0.806641	0.201172	-0.00117189
0.810547	0.201172	-0.00117189
0.814453	0.201172	-0.00117189
0.818359	0.201172	-0.00117189
0.822266	0.201172	-0.00117189
0.826172	0.201172	-0.00117189
0.830078	0.201172	-0.00117189
0.833984	0.201172	-0.00117189
0.837891	0.201172	-0.00117189
0.841797	0.201172	-0.00117189
0.845703	0.201172	-0.00117189
0.849609	0.201172	-0.00117189
0.853516	0.201172	-0.00117189
0.857422	0.201172	-0.00117189
0.861328	0.201172	-0.00117189
0.865234	0.201172	-0.00117189
0.869141	0.201172	-0.00117189
0.873047	0.201172	-0.00117189
0.876953	0.201172	-0.00117189
0.880859	0.201172	-0.00117189
0.884766	0.201172	-0.00117189
0.888672	0.201172	-0.00117189
0.892578	0.201172	-0.00117189
0.896484	0.201172	-0.00117189
0.900391	0.201172	-0.00117189
0.904297	0.201172	-0.00117189
0.908203	0.201172	-0.00117189
0.912109	0.201172	-0.00117189
0.916016	0.201172	-0.00117189
0.919922	0.201172	-0.00117189
0.923828	0.201172	-0.00117189
0.927734	0.201172	-0.00117189
0.931641	0.201172	-0.00117189
0.935547	0.201172	-0.00117189
0.939453	0.201172	-0.00117189
0.943359	0.201172	-0.00117189
0.947266	0.201172	-0.00117189
0.951172	0.201172	-0.00117189
0.955078	0.201172	-0.00117189
0.958984	0.201172	-0.00117189
0.962891	0.201172	-0.00117189
0.966797	0.201172	-0.00117189
0.970703	0.201172	-0.00117189
0.974609	0.201172	-0.00117189
0.978516	0.201172	-0.00117189
0.982422	0.201172	-0.00117189
0.986328	0.201172	-0.00117189
0.990234	0.201172	-0.00117189
0.994141	0.201172	-0.00117189
0.998047	0.201172	-0.00117189
