0.00195312	0.697266	0.00273419
0.00585938	0.697266	0.00273419
0.00976562	0.697266	0.00273419
0.0136719	0.697266	0.00273419
0.0175781	0.697266	0.00273419
0.0214844	0.697266	0.00273419
0.0253906	0.697266	0.00273419
0.0292969	0.697266	0.00273419
0.0332031	0.697266	0.00273419
0.0371094	0.697266	0.00273419
0.0410156	0.697266	0.00273419
0.0449219	0.697266	0.00273419
0.0488281	0.697266	0.00273419
0.0527344	0.697266	0.00273419
0.0566406	0.697266	0.00273419
0.0605469	0.697266	0.00273419
0.0644531	0.697266	0.00273419
0.0683594	0.697266	0.00273419
0.0722656	0.697266	0.00273419
0.0761719	0.697266	0.00273419
0.0800781	0.697266	0.00273419
0.0839844	0.697266	0.00273419
0.0878906	0.697266	0.00273419
0.0917969	0.697266	0.00273419
0.0957031	0.697266	0.00273419
0.0996094	0.697266	0.00273419
0.103516	0.697266	0.00273419
0.107422	0.697266	0.00273419
0.111328	0.697266	0.00273419
0.115234	0.697266	0.00273419
0.119141	0.697266	0.00273419
0.123047	0.697266	0.00273419
0.126953	0.697266	0.00273419
0.130859	0.697266	0.00273419
0.134766	0.697266	0.00273419
0.138672	0.697266	0.00273419
0.142578	0.697266	0.00273419
0.146484	0.697266	0.00273419
0.150391	0.697266	0.00273419
0.154297	0.697266	0.00273419
0.158203	0.697266	0.00273419
0.162109	0.697266	0.00273419
0.166016	0.697266	0.00273419
0.169922	0.697266	0.00273419
0.173828	0.697266	0.00273419
0.177734	0.697266	0.00273419
0.181641	0.697266	0.00273419
0.185547	0.697266	0.00273419
0.189453	0.697266	0.00273419
0.193359	0.697266	0.00273419
0.197266	0.697266	0.00273419
0.201172	0.697266	0.00273419
0.205078	0.697266	0.00273419
0.208984	0.697266	0.00273419
0.212891	0.697266	0.00273419
0.216797	0.697266	0.00273419
0.220703	0.697266	0.00273419
0.224609	0.697266	0.00273419
0.228516	0.697266	0.00273419
0.232422	0.697266	0.00273419
0.236328	0.697266	0.00273419
0.240234	0.697266	0.00273419
0.244141	0.697266	0.00273419
0.248047	0.697266	0.00273419
0.251953	0.697266	0.00273419
0.255859	0.697266	0.00273419
0.259766	0.697266	0.00273419
0.263672	0.697266	0.00273419
0.267578	0.697266	0.00273419
0.271484	0.697266	0.00273419
0.275391	0.697266	0.00273419
0.279297	0.697266	0.00273419
0.283203	0.697266	0.00273419
0.287109	0.697266	0.00273419
0.291016	0.697266	0.00273419
0.294922	0.697266	0.00273419
0.298828	0.697266	0.00273419
0.302734	0.697266	0.00273419
0.306641	0.697266	0.00273419
0.310547	0.697266	0.00273419
0.314453	0.697266	0.00273419
0.318359	0.697266	0.00273419
0.322266	0.697266	0.00273419
0.326172	0.697266	0.00273419
0.330078	0.697266	0.00273419
0.333984	0.697266	0.00273419
0.337891	0.697266	0.00273419
0.341797	0.697266	0.00273419
0.345703	0.697266	0.00273419
0.349609	0.697266	0.00273419
0.353516	0.697266	0.00273419
0.357422	0.697266	0.00273419
0.361328	0.697266	0.00273419
0.365234	0.697266	0.00273419
0.369141	0.697266	0.00273419
0.373047	0.697266	0.00273419
0.376953	0.697266	0.00273419
0.380859	0.697266	0.00273419
0.384766	0.697266	0.00273419
0.388672	0.697266	0.00273419
0.392578	0.697266	0.00273419
0.396484	0.697266	0.00273419
0.400391	0.697266	0.00273419
0.404297	0.697266	0.00273419
0.408203	0.697266	0.00273419
0.412109	0.697266	0.00273419
0.416016	0.697266	0.00273419
0.419922	0.697266	0.00273419
0.423828	0.697266	0.00273419
0.427734	0.697266	0.00273419
0.431641	0.697266	0.00273419
0.435547	0.697266	0.00273419
0.439453	0.697266	0.00273419
0.443359	0.697266	0.00273419
0.447266	0.697266	0.00273419
0.451172	0.697266	0.00273419
0.455078	0.697266	0.00273419
0.458984	0.697266	0.00273419
0.462891	0.697266	0.00273419
0.466797	0.697266	0.00273419
0.470703	0.697266	0.00273419
0.474609	0.697266	0.00273419
0.478516	0.697266	0.00273419
0.482422	0.697266	0.00273419
0.486328	0.697266	0.00273419
0.490234	0.697266	0.00273419
0.494141	0.697266	0.00273419
0.498047	0.697266	0.00273419
0.501953	0.697266	0.00273419
0.505859	0.697266	0.00273419
0.509766	0.697266	0.00273419
0.513672	0.697266	0.00273419
0.517578	0.697266	0.00273419
0.521484	0.697266	0.00273419
0.525391	0.697266	0.00273419
0.529297	0.697266	0.00273419
0.533203	0.697266	0.00273419
0.537109	0.697266	0.00273419
0.541016	0.697266	0.00273419
0.544922	0.697266	0.00273419
0.548828	0.697266	0.00273419
0.552734	0.697266	0.00273419
0.556641	0.697266	0.00273419
0.560547	0.697266	0.00273419
0.564453	0.697266	0.00273419
0.568359	0.697266	0.00273419
0.572266	0.697266	0.00273419
0.576172	0.697266	0.00273419
0.580078	0.697266	0.00273419
0.583984	0.697266	0.00273419
0.587891	0.697266	0.00273419
0.591797	0.697266	0.00273419
0.595703	0.697266	0.00273419
0.599609	0.697266	0.00273419
0.603516	0.697266	0.00273419
0.607422	0.697266	0.00273419
0.611328	0.697266	0.00273419
0.615234	0.697266	0.00273419
0.619141	0.697266	0.00273419
0.623047	0.697266	0.00273419
0.626953	0.697266	0.00273419
0.630859	0.697266	0.00273419
0.634766	0.697266	0.00273419
0.638672	0.697266	0.00273419
0.642578	0.697266	0.00273419
0.646484	0.697266	0.00273419
0.650391	0.697266	0.00273419
0.654297	0.697266	0.00273419
0.658203	0.697266	0.00273419
0.662109	0.697266	0.00273419
0.666016	0.697266	0.00273419
0.669922	0.697266	0.00273419
0.673828	0.697266	0.00273419
0.677734	0.697266	0.00273419
0.681641	0.697266	0.00273419
0.685547	0.697266	0.00273419
0.689453	0.697266	0.00273419
0.693359	0.697266	0.00273419
0.697266	0.697266	0.00273419
0.701172	0.697266	0.00273419
0.705078	0.697266	0.00273419
0.708984	0.697266	0.00273419
0.712891	0.697266	0.00273419
0.716797	0.697266	0.00273419
0.720703	0.697266	0.00273419
0.724609	0.697266	0.00273419
0.728516	0.697266	0.00273419
0.732422	0.697266	0.00273419
0.736328	0.697266	0.00273419
0.740234	0.697266	0.00273419
0.744141	0.697266	0.00273419
0.748047	0.697266	0.00273419
0.751953	0.697266	0.00273419
0.755859	0.697266	0.00273419
0.759766	0.697266	0.00273419
0.763672	0.697266	0.00273419
0.767578	0.697266	0.00273419
0.771484	0.697266	0.00273419
0.775391	0.697266	0.00273419
0.779297	0.697266	0.00273419
0.783203	0.697266	0.00273419
0.787109	0.697266	0.00273419
0.791016	0.697266	0.00273419
0.794922	0.697266	0.00273419
0.798828	0.697266	0.00273419
0.802734	0.697266	0.00273419
0.806641	0.697266	0.00273419
0.810547	0.697266	0.00273419
0.814453	0.697266	0.00273419
0.818359	0.697266	0.00273419
0.822266	0.697266	0.00273419
0.826172	0.697266	0.00273419
0.830078	0.697266	0.00273419
0.833984	0.697266	0.00273419
0.837891	0.697266	0.00273419
0.841797	0.697266	0.00273419
0.845703	0.697266	0.00273419
0.849609	0.697266	0.00273419
0.853516	0.697266	0.00273419
0.857422	0.697266	0.00273419
0.861328	0.697266	0.00273419
0.865234	0.697266	0.00273419
0.869141	0.697266	0.00273419
0.873047	0.697266	0.00273419
0.876953	0.697266	0.00273419
0.880859	0.697266	0.00273419
0.884766	0.697266	0.00273419
0.888672	0.697266	0.00273419
0.892578	0.697266	0.00273419
0.896484	0.697266	0.00273419
0.900391	0.697266	0.00273419
0.904297	0.697266	0.00273419
0.908203	0.697266	0.00273419
0.912109	0.697266	0.00273419
0.916016	0.697266	0.00273419
0.919922	0.697266	0.00273419
0.923828	0.697266	0.00273419
0.927734	0.697266	0.00273419
0.931641	0.697266	0.00273419
0.935547	0.697266	0.00273419
0.939453	0.697266	0.00273419
0.943359	0.697266	0.00273419
0.947266	0.697266	0.00273419
0.951172	0.697266	0.00273419
0.955078	0.697266	0.00273419
0.958984	0.697266	0.00273419
0.962891	0.697266	0.00273419
0.966797	0.697266	0.00273419
0.970703	0.697266	0.00273419
0.974609	0.697266	0.00273419
0.978516	0.697266	0.00273419
0.982422	0.697266	0.00273419
0.986328	0.697266	0.00273419
0.990234	0.697266	0.00273419
0.994141	0.697266	0.00273419
0.998047	0.697266	0.00273419
0.00195312	0.701172	-0.00117206
0.00585938	0.701172	-0.00117206
0.00976562	0.701172	-0.00117206
0.0136719	0.701172	-0.00117206
0.0175781	0.701172	-0.00117206
0.0214844	0.701172	-0.00117206
0.0253906	0.701172	-0.00117206
0.0292969	0.701172	-0.00117206
0.0332031	0.701172	-0.00117206
0.0371094	0.701172	-0.00117206
0.0410156	0.701172	-0.00117206
0.0449219	0.701172	-0.00117206
0.0488281	0.701172	-0.00117206
0.0527344	0.701172	-0.00117206
0.0566406	0.701172	-0.00117206
0.0605469	0.701172	-0.00117206
0.0644531	0.701172	-0.00117206
0.0683594	0.701172	-0.00117206
0.0722656	0.701172	-0.00117206
0.0761719	0.701172	-0.00117206
0.0800781	0.701172	-0.00117206
0.0839844	0.701172	-0.00117206
0.0878906	0.701172	-0.00117206
0.0917969	0.701172	-0.00117206
0.0957031	0.701172	-0.00117206
0.0996094	0.701172	-0.00117206
0.103516	0.701172	-0.00117206
0.107422	0.701172	-0.00117206
0.111328	0.701172	-0.00117206
0.115234	0.701172	-0.00117206
0.119141	0.701172	-0.00117206
0.123047	0.701172	-0.00117206
0.126953	0.701172	-0.00117206
0.130859	0.701172	-0.00117206
0.134766	0.701172	-0.00117206
0.138672	0.701172	-0.00117206
0.142578	0.701172	-0.00117206
0.146484	0.701172	-0.00117206
0.150391	0.701172	-0.00117206
0.154297	0.701172	-0.00117206
0.158203	0.701172	-0.00117206
0.162109	0.701172	-0.00117206
0.166016	0.701172	-0.00117206
0.169922	0.701172	-0.00117206
0.173828	0.701172	-0.00117206
0.177734	0.701172	-0.00117206
0.181641	0.701172	-0.00117206
0.185547	0.701172	-0.00117206
0.189453	0.701172	-0.00117206
0.193359	0.701172	-0.00117206
0.197266	0.701172	-0.00117206
0.201172	0.701172	-0.00117206
0.205078	0.701172	-0.00117206
0.208984	0.701172	-0.00117206
0.212891	0.701172	-0.00117206
0.216797	0.701172	-0.00117206
0.220703	0.701172	-0.00117206
0.224609	0.701172	-0.00117206
0.228516	0.701172	-0.00117206
0.232422	0.701172	-0.00117206
0.236328	0.701172	-0.00117206
0.240234	0.701172	-0.00117206
0.244141	0.701172	-0.00117206
0.248047	0.701172	-0.00117206
0.251953	0.701172	-0.00117206
0.255859	0.701172	-0.00117206
0.259766	0.701172	-0.00117206
0.263672	0.701172	-0.00117206
0.267578	0.701172	-0.00117206
0.271484	0.701172	-0.00117206
0.275391	0.701172	-0.00117206
0.279297	0.701172	-0.00117206
0.283203	0.701172	-0.00117206
0.287109	0.701172	-0.00117206
0.291016	0.701172	-0.00117206
0.294922	0.701172	-0.00117206
0.298828	0.701172	-0.00117206
0.302734	0.701172	-0.00117206
0.306641	0.701172	-0.00117206
0.310547	0.701172	-0.00117206
0.314453	0.701172	-0.00117206
0.318359	0.701172	-0.00117206
0.322266	0.701172	-0.00117206
0.326172	0.701172	-0.00117206
0.330078	0.701172	-0.00117206
0.333984	0.701172	-0.00117206
0.337891	0.701172	-0.00117206
0.341797	0.701172	-0.00117206
0.345703	0.701172	-0.00117206
0.349609	0.701172	-0.00117206
0.353516	0.701172	-0.00117206
0.357422	0.701172	-0.00117206
0.361328	0.701172	-0.00117206
0.365234	0.701172	-0.00117206
0.369141	0.701172	-0.00117206
0.373047	0.701172	-0.00117206
0.376953	0.701172	-0.00117206
0.380859	0.701172	-0.00117206
0.384766	0.701172	-0.00117206
0.388672	0.701172	-0.00117206
0.392578	0.701172	-0.00117206
0.396484	0.701172	-0.00117206
0.400391	0.701172	-0.00117206
0.404297	0.701172	-0.00117206
0.408203	0.701172	-0.00117206
0.412109	0.701172	-0.00117206
0.416016	0.701172	-0.00117206
0.419922	0.701172	-0.00117206
0.423828	0.701172	-0.00117206
0.427734	0.701172	-0.00117206
0.431641	0.701172	-0.00117206
0.435547	0.701172	-0.00117206
0.439453	0.701172	-0.00117206
0.443359	0.701172	-0.00117206
0.447266	0.701172	-0.00117206
0.451172	0.701172	-0.00117206
0.455078	0.701172	-0.00117206
0.458984	0.701172	-0.00117206
0.462891	0.701172	-0.00117206
0.466797	0.701172	-0.00117206
0.470703	0.701172	-0.00117206
0.474609	0.701172	-0.00117206
0.478516	0.701172	-0.00117206
0.482422	0.701172	-0.00117206
0.486328	0.701172	-0.00117206
0.490234	0.701172	-0.00117206
0.494141	0.701172	-0.00117206
0.498047	0.701172	-0.00117206
0.501953	0.701172	-0.00117206
0.505859	0.701172	-0.00117206
0.509766	0.701172	-0.00117206
0.513672	0.701172	-0.00117206
0.517578	0.701172	-0.00117206
0.521484	0.701172	-0.00117206
0.525391	0.701172	-0.00117206
0.529297	0.701172	-0.00117206
0.533203	0.701172	-0.00117206
0.537109	0.701172	-0.00117206
0.541016	0.701172	-0.00117206
0.544922	0.701172	-0.00117206
0.548828	0.701172	-0.00117206
0.552734	0.701172	-0.00117206
0.556641	0.701172	-0.00117206
0.560547	0.701172	-0.00117206
0.564453	0.701172	-0.00117206
0.568359	0.701172	-0.00117206
0.572266	0.701172	-0.00117206
0.576172	0.701172	-0.00117206
0.580078	0.701172	-0.00117206
0.583984	0.701172	-0.00117206
0.587891	0.701172	-0.00117206
0.591797	0.701172	-0.00117206
0.595703	0.701172	-0.00117206
0.599609	0.701172	-0.00117206
0.603516	0.701172	-0.00117206
0.607422	0.701172	-0.00117206
0.611328	0.701172	-0.00117206
0.615234	0.701172	-0.00117206
0.619141	0.701172	-0.00117206
0.623047	0.701172	-0.00117206
0.626953	0.701172	-0.00117206
0.630859	0.701172	-0.00117206
0.634766	0.701172	-0.00117206
0.638672	0.701172	-0.00117206
0.642578	0.701172	-0.00117206
0.646484	0.701172	-0.00117206
0.650391	0.701172	-0.00117206
0.654297	0.701172	-0.00117206
0.658203	0.701172	-0.00117206
0.662109	0.701172	-0.00117206
0.666016	0.701172	-0.00117206
0.669922	0.701172	-0.00117206
0.673828	0.701172	-0.00117206
0.677734	0.701172	-0.00117206
0.681641	0.701172	-0.00117206
0.685547	0.701172	-0.00117206
0.689453	0.701172	-0.00117206
0.693359	0.701172	-0.00117206
0.697266	0.701172	-0.00117206
0.701172	0.701172	-0.00117206
0.705078	0.701172	-0.00117206
0.708984	0.701172	-0.00117206
0.712891	0.701172	-0.00117206
0.716797	0.701172	-0.00117206
0.720703	0.701172	-0.00117206
0.724609	0.701172	-0.00117206
0.728516	0.701172	-0.00117206
0.732422	0.701172	-0.00117206
0.736328	0.701172	-0.00117206
0.740234	0.701172	-0.00117206
0.744141	0.701172	-0.00117206
0.748047	0.701172	-0.00117206
0.751953	0.701172	-0.00117206
0.755859	0.701172	-0.00117206
0.759766	0.701172	-0.00117206
0.763672	0.701172	-0.00117206
0.767578	0.701172	-0.00117206
0.771484	0.701172	-0.00117206
0.775391	0.701172	-0.00117206
0.779297	0.701172	-0.00117206
0.783203	0.701172	-0.00117206
0.787109	0.701172	-0.00117206
0.791016	0.701172	-0.00117206
0.794922	0.701172	-0.00117206
0.798828	0.701172	-0.00117206
0.802734	0.701172	-0.00117206
0.806641	0.701172	-0.00117206
0.810547	0.701172	-0.00117206
0.814453	0.701172	-0.00117206
0.818359	0.701172	-0.00117206
0.822266	0.701172	-0.00117206
0.826172	0.701172	-0.00117206
0.830078	0.701172	-0.00117206
0.833984	0.701172	-0.00117206
0.837891	0.701172	-0.00117206
0.841797	0.701172	-0.00117206
0.845703	0.701172	-0.00117206
0.849609	0.701172	-0.00117206
0.853516	0.701172	-0.00117206
0.857422	0.701172	-0.00117206
0.861328	0.701172	-0.00117206
0.865234	0.701172	-0.00117206
0.869141	0.701172	-0.00117206
0.873047	0.701172	-0.00117206
0.876953	0.701172	-0.00117206
0.880859	0.701172	-0.00117206
0.884766	0.701172	-0.00117206
0.888672	0.701172	-0.00117206
0.892578	0.701172	-0.00117206
0.896484	0.701172	-0.00117206
0.900391	0.701172	-0.00117206
0.904297	0.701172	-0.00117206
0.908203	0.701172	-0.00117206
0.912109	0.701172	-0.00117206
0.916016	0.701172	-0.00117206
0.919922	0.701172	-0.00117206
0.923828	0.701172	-0.00117206
0.927734	0.701172	-0.00117206
0.931641	0.701172	-0.00117206
0.935547	0.701172	-0.00117206
0.939453	0.701172	-0.00117206
0.943359	0.701172	-0.00117206
0.947266	0.701172	-0.00117206
0.951172	0.701172	-0.00117206
0.955078	0.701172	-0.00117206
0.958984	0.701172	-0.00117206
0.962891	0.701172	-0.00117206
0.966797	0.701172	-0.00117206
0.970703	0.701172	-0.00117206
0.974609	0.701172	-0.00117206
0.978516	0.701172	-0.00117206
0.982422	0.701172	-0.00117206
0.986328	0.701172	-0.00117206
0.990234	0.701172	-0.00117206
0.994141	0.701172	-0.00117206
0.998047	0.701172	-0.00117206
