0.874023	0.698242	0.000865001
0.874023	0.700195	-0.000754431
0.875977	0.69043	0.00174809
0.875977	0.692383	0.00129928
0.87793	0.680664	0.00175984
0.875977	0.694336	0.000808145
0.87793	0.682617	0.00140925
0.879883	0.668945	0.00168242
0.881836	0.651367	0.0018796
0.87793	0.68457	0.00104393
0.879883	0.670898	0.00140006
0.881836	0.65332	0.00167435
0.883789	0.62793	0.00186382
0.875977	0.696289	0.000217249
0.883789	0.629883	0.00173738
0.879883	0.672852	0.00110807
0.881836	0.655273	0.00146184
0.883789	0.631836	0.00160508
0.87793	0.686523	0.000661821
0.881836	0.657227	0.00124171
0.883789	0.633789	0.00146683
0.875977	0.698242	-0.0006383
0.879883	0.674805	0.00080595
0.881836	0.65918	0.00101353
0.883789	0.635742	0.00132253
0.883789	0.53418	0.00191178
0.883789	0.637695	0.00117202
0.883789	0.532227	0.00179633
0.87793	0.688477	0.000261556
0.883789	0.639648	0.00101518
0.883789	0.530273	0.00167619
0.885742	0.581055	0.00133015
0.885742	0.583008	0.00132861
0.885742	0.584961	0.00132228
0.885742	0.586914	0.00131113
0.885742	0.588867	0.00129515
0.881836	0.506836	0.00181144
0.879883	0.489258	0.00193061
0.879883	0.676758	0.000493163
0.881836	0.661133	0.000777107
0.885742	0.59082	0.00127432
0.885742	0.592773	0.00124863
0.885742	0.594727	0.00121803
0.885742	0.59668	0.0011825
0.885742	0.598633	0.00114201
0.885742	0.579102	0.0013269
0.885742	0.577148	0.00131888
0.885742	0.575195	0.00130611
0.885742	0.573242	0.00128861
0.885742	0.571289	0.00126639
0.883789	0.52832	0.00155133
0.881836	0.504883	0.00162876
0.87793	0.473633	0.00189346
0.430664	0.573242	-0.00122174
0.883789	0.641602	0.000851833
0.885742	0.600586	0.00109653
0.885742	0.602539	0.00104602
0.885742	0.604492	0.000990437
0.885742	0.569336	0.00123947
0.885742	0.567383	0.00120789
0.885742	0.56543	0.00117164
0.883789	0.526367	0.00142173
0.879883	0.487305	0.00170231
0.875977	0.459961	0.0018081
0.881836	0.663086	0.000532462
0.883789	0.643555	0.000681893
0.885742	0.606445	0.000929747
0.885742	0.608398	0.000863925
0.885742	0.563477	0.00113075
0.885742	0.561523	0.0010852
0.883789	0.524414	0.00128738
0.881836	0.50293	0.00144113
0.87793	0.47168	0.00162233
0.874023	0.448242	0.00177828
0.87207	0.438477	0.0018981
0.87793	0.69043	-0.00015774
0.879883	0.678711	0.000169415
0.885742	0.610352	0.000792951
0.885742	0.612305	0.000716787
0.885742	0.55957	0.001035
0.885742	0.557617	0.000980145
0.883789	0.522461	0.00114832
0.879883	0.485352	0.00146884
0.881836	0.500977	0.00124852
0.870117	0.428711	0.00184825
0.432617	0.575195	-0.000602592
0.881836	0.665039	0.000279415
0.883789	0.645508	0.000505283
0.885742	0.614258	0.000635366
0.885742	0.555664	0.000920644
0.885742	0.553711	0.000856494
0.875977	0.458008	0.00149716
0.883789	0.520508	0.00100456
0.879883	0.483398	0.00123013
0.87793	0.469727	0.0013457
0.883789	0.647461	0.000321887
0.885742	0.616211	0.0005486
0.885742	0.551758	0.000787695
0.881836	0.499023	0.001051
0.874023	0.446289	0.00143079
0.87207	0.436523	0.00151903
0.868164	0.418945	0.00162027
0.866211	0.411133	0.0016805
0.43457	0.577148	1.36483e-05
0.879883	0.680664	-0.000165847
0.881836	0.666992	1.74285e-05
0.885742	0.618164	0.00045641
0.885742	0.620117	0.000358743
0.885742	0.549805	0.000714246
0.885742	0.547852	0.00063616
0.883789	0.518555	0.000856127
0.879883	0.481445	0.000986115
0.87793	0.467773	0.00106348
0.875977	0.456055	0.00118057
0.870117	0.426758	0.0014354
0.864258	0.40332	0.00161213
0.858398	0.383789	0.00176178
0.87793	0.692383	-0.000599672
0.883789	0.649414	0.000131571
0.885742	0.62207	0.000255556
0.885742	0.545898	0.00055345
0.883789	0.516602	0.000702997
0.881836	0.49707	0.000848672
0.874023	0.444336	0.00107731
0.87207	0.43457	0.00113355
0.856445	0.37793	0.00180422
0.860352	0.389648	0.00162801
0.854492	0.37207	0.00175311
0.436523	0.579102	0.000619887
0.885742	0.624023	0.000146784
0.885742	0.543945	0.000466135
0.883789	0.514648	0.000545136
0.881836	0.495117	0.000641493
0.879883	0.479492	0.000736873
0.87793	0.46582	0.000775621
0.875977	0.454102	0.000858167
0.868164	0.416992	0.00117221
0.862305	0.395508	0.0014071
0.866211	0.40918	0.00120241
0.852539	0.366211	0.00160309
0.848633	0.356445	0.00172926
0.881836	0.668945	-0.000253813
0.883789	0.651367	-6.57693e-05
0.885742	0.625977	3.23397e-05
0.885742	0.541992	0.000374219
0.870117	0.424805	0.00101605
0.864258	0.401367	0.00110293
0.842773	0.342773	0.00172455
0.43457	0.575195	-0.00164028
0.438477	0.581055	0.0012078
0.879883	0.682617	-0.000513701
0.885742	0.62793	-8.78594e-05
0.885742	0.540039	0.000277694
0.883789	0.512695	0.000382495
0.881836	0.493164	0.000429305
0.879883	0.477539	0.000482469
0.874023	0.442383	0.000717883
0.87207	0.432617	0.00074156
0.860352	0.387695	0.00106016
0.858398	0.381836	0.00116662
0.856445	0.375977	0.00118136
0.850586	0.360352	0.0013514
0.844727	0.34668	0.00153837
0.883789	0.65332	-0.000270194
0.885742	0.629883	-0.000213868
0.885742	0.538086	0.000176549
0.885742	0.536133	7.07678e-05
0.883789	0.510742	0.000215014
0.87793	0.463867	0.000482165
0.875977	0.452148	0.000529838
0.868164	0.415039	0.000717082
0.866211	0.407227	0.000717242
0.862305	0.393555	0.000865038
0.854492	0.370117	0.00110129
0.84668	0.350586	0.00129437
0.436523	0.577148	-0.00102919
0.87793	0.694336	-0.00107669
0.881836	0.670898	-0.000534521
0.885742	0.631836	-0.000345727
0.885742	0.53418	-3.96655e-05
0.881836	0.491211	0.000211978
0.883789	0.508789	4.26558e-05
0.879883	0.475586	0.00022287
0.870117	0.422852	0.000590112
0.874023	0.44043	0.000352464
0.852539	0.364258	0.000921202
0.831055	0.319336	0.00152841
0.825195	0.30957	0.00155859
0.676758	0.204102	0.00183121
0.661133	0.200195	0.00182209
0.641602	0.196289	0.00179334
0.612305	0.192383	0.00186345
0.583008	0.19043	0.00190326
0.584961	0.19043	0.00182874
0.586914	0.19043	0.00174602
0.549805	0.19043	0.00192594
0.547852	0.19043	0.00185451
0.438477	0.579102	-0.00043302
0.883789	0.655273	-0.000481827
0.885742	0.532227	-0.00015477
0.881836	0.489258	-1.05027e-05
0.87793	0.461914	0.000183178
0.875977	0.450195	0.000195513
0.87207	0.430664	0.000343075
0.864258	0.399414	0.000586085
0.848633	0.354492	0.000994301
0.84082	0.336914	0.0010106
0.838867	0.333008	0.00105034
0.829102	0.31543	0.0012624
0.817383	0.297852	0.0015727
0.711914	0.21582	0.00172742
0.696289	0.209961	0.00169954
0.69043	0.208008	0.00168725
0.68457	0.206055	0.00155589
0.629883	0.194336	0.00168338
0.65332	0.198242	0.001551
0.614258	0.192383	0.00166288
0.588867	0.19043	0.00165514
0.545898	0.19043	0.00177496
0.50293	0.194336	0.00183008
0.59082	0.19043	0.00155606
0.518555	0.192383	0.0017524
0.543945	0.19043	0.0016873
0.862305	0.56543	-0.00189298
0.864258	0.588867	-0.00189124
0.866211	0.629883	-0.00195468
0.866211	0.62793	-0.00189441
0.866211	0.625977	-0.00183091
0.44043	0.581055	0.000139121
0.879883	0.68457	-0.00087581
0.424805	0.569336	-0.00139439
0.885742	0.633789	-0.000483507
0.885742	0.530273	-0.000274567
0.883789	0.506836	-0.000134588
0.879883	0.473633	-4.20243e-05
0.868164	0.413086	0.000254868
0.860352	0.385742	0.000484179
0.858398	0.379883	0.000563154
0.856445	0.374023	0.000550026
0.850586	0.358398	0.000639
0.842773	0.34082	0.000909327
0.836914	0.329102	0.00102679
0.844727	0.344727	0.000747429
0.750977	0.235352	0.00158471
0.737305	0.227539	0.00161741
0.733398	0.225586	0.00169276
0.729492	0.223633	0.00169391
0.725586	0.22168	0.00162229
0.72168	0.219727	0.00147946
0.702148	0.211914	0.00158914
0.678711	0.204102	0.00130918
0.670898	0.202148	0.0014393
0.663086	0.200195	0.00138604
0.643555	0.196289	0.00145665
0.631836	0.194336	0.00140281
0.616211	0.192383	0.00145372
0.479492	0.198242	0.00183222
0.592773	0.19043	0.00144876
0.594727	0.19043	0.00133315
0.541992	0.19043	0.00159155
0.461914	0.202148	0.00187294
0.469727	0.200195	0.00174532
0.489258	0.196289	0.00167359
0.500977	0.194336	0.00155835
0.516602	0.192383	0.0015494
0.540039	0.19043	0.00148769
0.538086	0.19043	0.00137574
0.858398	0.532227	-0.0018749
0.864258	0.586914	-0.0017525
0.862305	0.563477	-0.0017018
0.860352	0.545898	-0.00171427
0.864258	0.584961	-0.00160967
0.866211	0.62207	-0.00169395
0.866211	0.624023	-0.00176411
0.866211	0.620117	-0.00162036
0.881836	0.672852	-0.000824877
0.883789	0.657227	-0.000701004
0.885742	0.635742	-0.000627326
0.885742	0.52832	-0.000399075
0.883789	0.504883	-0.00031673
0.881836	0.487305	-0.000238117
0.87793	0.459961	-0.000121287
0.870117	0.420898	0.000157486
0.874023	0.438477	-1.90452e-05
0.866211	0.405273	0.000224903
0.862305	0.391602	0.000315295
0.854492	0.368164	0.000440537
0.834961	0.325195	0.000937723
0.84668	0.348633	0.000526842
0.823242	0.305664	0.00110511
0.827148	0.311523	0.000925504
0.819336	0.299805	0.00108991
0.813477	0.291992	0.00127878
0.805664	0.282227	0.00132614
0.741211	0.229492	0.00146657
0.717773	0.217773	0.00126687
0.708008	0.213867	0.00135254
0.655273	0.198242	0.00115603
0.645508	0.196289	0.00111081
0.618164	0.192383	0.00123593
0.633789	0.194336	0.00111337
0.620117	0.192383	0.00100951
0.454102	0.204102	0.00182891
0.59668	0.19043	0.00120922
0.598633	0.19043	0.00107699
0.514648	0.192383	0.00133805
0.477539	0.198242	0.00145161
0.44043	0.208008	0.00178565
0.43457	0.209961	0.00185275
0.536133	0.19043	0.00125568
0.428711	0.211914	0.00180507
0.856445	0.518555	-0.00177208
0.852539	0.49707	-0.00185989
0.854492	0.506836	-0.00173646
0.858398	0.530273	-0.00160006
0.860352	0.543945	-0.00147539
0.862305	0.561523	-0.00150611
0.850586	0.487305	-0.00182129
0.864258	0.583008	-0.00146268
0.866211	0.616211	-0.00146269
0.866211	0.618164	-0.0015433
0.866211	0.614258	-0.00137847
0.442383	0.583008	0.000676253
0.426758	0.571289	-0.000794871
0.885742	0.637695	-0.000777322
0.887695	0.579102	-0.000628048
0.887695	0.581055	-0.000624826
0.887695	0.583008	-0.000626377
0.887695	0.584961	-0.000632716
0.887695	0.586914	-0.000643855
0.887695	0.588867	-0.00065981
0.879883	0.47168	-0.000312316
0.875977	0.448242	-0.00014483
0.87207	0.428711	-6.18788e-05
0.864258	0.397461	6.15436e-05
0.852539	0.362305	0.000230388
0.833008	0.321289	0.000782041
0.807617	0.28418	0.00106805
0.77832	0.254883	0.00138977
0.768555	0.24707	0.00135943
0.745117	0.231445	0.00123913
0.760742	0.241211	0.00116049
0.754883	0.237305	0.00115228
0.698242	0.209961	0.00106066
0.692383	0.208008	0.00108476
0.713867	0.21582	0.000986072
0.704102	0.211914	0.000913162
0.686523	0.206055	0.000988921
0.672852	0.202148	0.000950843
0.665039	0.200195	0.000940161
0.635742	0.194336	0.00081499
0.487305	0.196289	0.00133933
0.600586	0.19043	0.000936459
0.446289	0.206055	0.00160627
0.499023	0.194336	0.00127801
0.459961	0.202148	0.00140424
0.467773	0.200195	0.00131687
0.512695	0.192383	0.00111835
0.53418	0.19043	0.0011275
0.602539	0.19043	0.000787609
0.452148	0.204102	0.00131912
0.422852	0.213867	0.00163829
0.532227	0.19043	0.000991194
0.413086	0.217773	0.0016894
0.856445	0.516602	-0.00145909
0.862305	0.55957	-0.00130583
0.864258	0.581055	-0.00131144
0.858398	0.52832	-0.00132002
0.854492	0.504883	-0.00138875
0.860352	0.541992	-0.0012316
0.852539	0.495117	-0.00148151
0.848633	0.477539	-0.00161171
0.864258	0.579102	-0.00115594
0.84668	0.469727	-0.00169492
0.866211	0.612305	-0.00129059
0.866211	0.610352	-0.00119903
0.844727	0.461914	-0.00165474
0.84082	0.448242	-0.00174058
0.866211	0.608398	-0.00110375
0.444336	0.584961	0.00116467
0.883789	0.65918	-0.000928184
0.887695	0.59082	-0.000680597
0.887695	0.592773	-0.000706243
0.887695	0.594727	-0.000736778
0.887695	0.59668	-0.000772232
0.887695	0.577148	-0.000636027
0.887695	0.575195	-0.000648747
0.887695	0.573242	-0.00066619
0.887695	0.571289	-0.000688334
0.887695	0.569336	-0.00071516
0.885742	0.526367	-0.000528309
0.883789	0.50293	-0.000503819
0.881836	0.485352	-0.00047089
0.87793	0.458008	-0.000431257
0.870117	0.418945	-0.000281954
0.868164	0.411133	-0.000214404
0.858398	0.37793	-4.86053e-05
0.848633	0.352539	0.000249793
0.831055	0.317383	0.000558536
0.81543	0.293945	0.00087492
0.776367	0.25293	0.00113754
0.766602	0.245117	0.000954774
0.749023	0.233398	0.000934115
0.735352	0.225586	0.000796816
0.731445	0.223633	0.000827331
0.727539	0.22168	0.000784761
0.680664	0.204102	0.000776846
0.657227	0.198242	0.000751435
0.647461	0.196289	0.000755646
0.62207	0.192383	0.000774445
0.604492	0.19043	0.00063037
0.475586	0.198242	0.00106176
0.49707	0.194336	0.000989134
0.485352	0.196289	0.00099626
0.510742	0.192383	0.000890332
0.530273	0.19043	0.000846758
0.862305	0.557617	-0.00110091
0.438477	0.208008	0.0012
0.432617	0.209961	0.00123297
0.416992	0.21582	0.00134986
0.52832	0.19043	0.000694157
0.856445	0.514648	-0.00114063
0.850586	0.485352	-0.00141065
0.864258	0.577148	-0.00099616
0.858398	0.526367	-0.0010348
0.860352	0.540039	-0.000982901
0.862305	0.555664	-0.000891399
0.866211	0.606445	-0.00100473
0.842773	0.454102	-0.00148611
0.866211	0.604492	-0.000901923
0.864258	0.575195	-0.000832113
0.831055	0.418945	-0.00171872
0.827148	0.40918	-0.00178852
0.418945	0.56543	-0.00145953
0.879883	0.686523	-0.00125428
0.881836	0.674805	-0.00112536
0.885742	0.639648	-0.000933637
0.428711	0.573242	-0.000183768
0.887695	0.598633	-0.00081263
0.887695	0.600586	-0.000858004
0.887695	0.567383	-0.000746648
0.887695	0.56543	-0.000782784
0.887695	0.563477	-0.000823563
0.885742	0.524414	-0.000662273
0.883789	0.500977	-0.00069589
0.879883	0.469727	-0.000588093
0.875977	0.446289	-0.000491185
0.874023	0.436523	-0.000396801
0.866211	0.40332	-0.000274757
0.860352	0.383789	-0.000100048
0.862305	0.389648	-0.000242219
0.856445	0.37207	-8.99243e-05
0.850586	0.356445	-8.27211e-05
0.84082	0.334961	0.000160623
0.825195	0.307617	0.000517049
0.842773	0.338867	8.40658e-05
0.838867	0.331055	0.00017528
0.821289	0.301758	0.000577473
0.80957	0.286133	0.000777379
0.795898	0.270508	0.000768119
0.793945	0.268555	0.000807226
0.791992	0.266602	0.000812308
0.774414	0.250977	0.000851533
0.739258	0.227539	0.000691835
0.723633	0.219727	0.000670621
0.709961	0.213867	0.000638613
0.694336	0.208008	0.000471546
0.688477	0.206055	0.000411409
0.674805	0.202148	0.000452239
0.666992	0.200195	0.000484349
0.649414	0.196289	0.00039103
0.637695	0.194336	0.000507515
0.624023	0.192383	0.000530693
0.606445	0.19043	0.000464697
0.444336	0.206055	0.00105417
0.46582	0.200195	0.000879006
0.458008	0.202148	0.000926127
0.495117	0.194336	0.000691768
0.426758	0.211914	0.00115013
0.508789	0.192383	0.000653962
0.40332	0.22168	0.00136732
0.399414	0.223633	0.00148239
0.395508	0.225586	0.00152855
0.391602	0.227539	0.00150393
0.854492	0.50293	-0.00103544
0.852539	0.493164	-0.00109725
0.473633	0.198242	0.000662774
0.483398	0.196289	0.000644495
0.450195	0.204102	0.000799414
0.526367	0.19043	0.000533358
0.407227	0.219727	0.00118461
0.387695	0.229492	0.00140722
0.856445	0.512695	-0.000816849
0.860352	0.538086	-0.000729333
0.862305	0.553711	-0.000677249
0.848633	0.475586	-0.00116748
0.84668	0.467773	-0.00122255
0.866211	0.602539	-0.000795305
0.858398	0.524414	-0.000744478
0.850586	0.483398	-0.000993885
0.864258	0.573242	-0.000663741
0.844727	0.459961	-0.00115288
0.866211	0.600586	-0.000684851
0.838867	0.44043	-0.00133019
0.836914	0.43457	-0.0013911
0.866211	0.598633	-0.000570539
0.84082	0.446289	-0.0011831
0.834961	0.428711	-0.00136288
0.821289	0.395508	-0.00172591
0.829102	0.413086	-0.00143264
0.823242	0.399414	-0.00155399
0.868164	0.688477	-0.000913971
0.868164	0.69043	-0.00097442
0.868164	0.692383	-0.00106612
0.868164	0.694336	-0.00122657
0.868164	0.696289	-0.00154812
0.87793	0.696289	-0.00162542
0.420898	0.567383	-0.000909843
0.887695	0.602539	-0.000908394
0.887695	0.604492	-0.000963845
0.887695	0.561523	-0.000868984
0.887695	0.55957	-0.000919046
0.885742	0.522461	-0.000800953
0.881836	0.483398	-0.00070891
0.87207	0.426758	-0.000473287
0.864258	0.395508	-0.000470668
0.854492	0.366211	-0.000229159
0.844727	0.342773	-5.33489e-05
0.836914	0.327148	0.000125873
0.829102	0.313477	0.00026522
0.834961	0.323242	1.05814e-05
0.817383	0.295898	0.000440104
0.811523	0.288086	0.0004546
0.797852	0.272461	0.000694976
0.790039	0.264648	0.000783314
0.799805	0.274414	0.000587887
0.788086	0.262695	0.000720109
0.786133	0.260742	0.000622611
0.772461	0.249023	0.000532052
0.764648	0.243164	0.000517437
0.758789	0.239258	0.000640092
0.75293	0.235352	0.000550725
0.743164	0.229492	0.000511239
0.719727	0.217773	0.000486384
0.700195	0.209961	0.00041094
0.706055	0.211914	0.000226196
0.682617	0.204102	0.000234188
0.65918	0.198242	0.000337136
0.639648	0.194336	0.00019087
0.625977	0.192383	0.000278184
0.608398	0.19043	0.000290586
0.610352	0.19043	0.000108034
0.420898	0.213867	0.000947581
0.493164	0.194336	0.000385791
0.506836	0.192383	0.000409146
0.411133	0.217773	0.000935692
0.524414	0.19043	0.000364335
0.436523	0.208008	0.000604098
0.383789	0.231445	0.00123709
0.374023	0.237305	0.00131173
0.555664	0.188477	0.000136635
0.557617	0.188477	0.000175543
0.55957	0.188477	0.000206431
0.561523	0.188477	0.000229291
0.563477	0.188477	0.000244116
0.56543	0.188477	0.000250901
0.567383	0.188477	0.000249636
0.569336	0.188477	0.000240303
0.571289	0.188477	0.000222888
0.573242	0.188477	0.000197389
0.575195	0.188477	0.000163818
0.577148	0.188477	0.000122183
0.368164	0.241211	0.00142682
0.854492	0.500977	-0.000676595
0.862305	0.551758	-0.000458363
0.864258	0.571289	-0.000490974
0.860352	0.536133	-0.000470782
0.852539	0.491211	-0.000707369
0.866211	0.59668	-0.000452336
0.858398	0.522461	-0.000448934
0.856445	0.510742	-0.000487622
0.362305	0.245117	0.00133158
0.848633	0.473633	-0.000716963
0.84668	0.46582	-0.000743243
0.842773	0.452148	-0.000953327
0.866211	0.594727	-0.000330199
0.833008	0.422852	-0.00124232
0.825195	0.40332	-0.0013264
0.868164	0.649414	-0.000431179
0.868164	0.651367	-0.000459774
0.868164	0.65332	-0.000486435
0.868164	0.655273	-0.000511435
0.868164	0.657227	-0.000534995
0.868164	0.65918	-0.000557213
0.868164	0.661133	-0.000578106
0.868164	0.663086	-0.000597756
0.868164	0.665039	-0.000616382
0.868164	0.666992	-0.000634238
0.868164	0.668945	-0.0006515
0.868164	0.670898	-0.00066836
0.868164	0.672852	-0.000685272
0.868164	0.674805	-0.000703478
0.868164	0.676758	-0.000723891
0.868164	0.678711	-0.000746852
0.868164	0.680664	-0.000772429
0.868164	0.682617	-0.000800749
0.811523	0.375977	-0.00169785
0.831055	0.416992	-0.00102602
0.868164	0.643555	-0.000331436
0.868164	0.645508	-0.000367217
0.868164	0.647461	-0.000400395
0.868164	0.68457	-0.000832446
0.868164	0.686523	-0.000869031
0.80957	0.37207	-0.00150445
0.803711	0.362305	-0.00156003
0.288086	0.338867	0.00151938
0.27832	0.368164	0.00158154
0.276367	0.375977	0.00157466
0.274414	0.385742	0.00168841
0.272461	0.397461	0.00170871
0.631836	0.250977	-0.00179657
0.270508	0.415039	0.00172158
0.270508	0.416992	0.00186834
0.618164	0.249023	-0.00183133
0.270508	0.413086	0.00156088
0.270508	0.456055	0.00185912
0.594727	0.24707	-0.00190786
0.561523	0.24707	-0.00192276
0.59668	0.24707	-0.00180326
0.883789	0.661133	-0.00116368
0.885742	0.641602	-0.00109643
0.887695	0.606445	-0.00102439
0.887695	0.608398	-0.00109006
0.887695	0.557617	-0.000973749
0.887695	0.555664	-0.00103309
0.885742	0.520508	-0.000944333
0.883789	0.499023	-0.000892886
0.87793	0.456055	-0.000746868
0.879883	0.467773	-0.000869463
0.874023	0.43457	-0.000780955
0.868164	0.40918	-0.000690702
0.84668	0.34668	-0.000250242
0.823242	0.303711	3.57023e-05
0.801758	0.276367	0.000447127
0.803711	0.27832	0.000273029
0.78418	0.258789	0.00049088
0.782227	0.256836	0.000325038
0.74707	0.231445	0.000253884
0.71582	0.21582	0.000233544
0.413086	0.561523	-0.00135251
0.676758	0.202148	-5.64182e-05
0.668945	0.200195	1.87044e-05
0.651367	0.196289	1.70297e-05
0.661133	0.198242	-8.67469e-05
0.62793	0.192383	1.68186e-05
0.442383	0.581055	-0.000942152
0.612305	0.19043	-8.29926e-05
0.463867	0.200195	0.000431645
0.456055	0.202148	0.000438521
0.481445	0.196289	0.00028399
0.442383	0.206055	0.000492103
0.430664	0.209961	0.000602839
0.47168	0.198242	0.000254789
0.504883	0.192383	0.000155819
0.522461	0.19043	0.000187078
0.424805	0.211914	0.000484569
0.415039	0.21582	0.000622498
0.579102	0.188477	7.24715e-05
0.581055	0.188477	1.46413e-05
0.379883	0.233398	0.000992128
0.553711	0.188477	8.97106e-05
0.864258	0.569336	-0.000313774
0.850586	0.481445	-0.000571388
0.354492	0.250977	0.00138332
0.448242	0.204102	0.000269857
0.491211	0.194336	7.10244e-05
0.520508	0.19043	1.58182e-06
0.551758	0.188477	3.47638e-05
0.583008	0.188477	-5.1355e-05
0.584961	0.188477	-0.000125537
0.397461	0.223633	0.000635794
0.393555	0.225586	0.000653781
0.549805	0.188477	-2.82266e-05
0.860352	0.53418	-0.000207133
0.862305	0.549805	-0.000234688
0.854492	0.499023	-0.00031194
0.864258	0.567383	-0.000132139
0.844727	0.458008	-0.000643975
0.866211	0.592773	-0.00020407
0.852539	0.489258	-0.000311548
0.866211	0.59082	-7.38937e-05
0.838867	0.438477	-0.000739791
0.84082	0.444336	-0.000618256
0.342773	0.260742	0.00138415
0.836914	0.432617	-0.000774214
0.827148	0.407227	-0.00104464
0.868164	0.639648	-0.000251415
0.868164	0.641602	-0.000292872
0.344727	0.258789	0.00121312
0.834961	0.426758	-0.000718697
0.868164	0.637695	-0.000206992
0.868164	0.633789	-0.000109032
0.868164	0.635742	-0.00015955
0.317383	0.288086	0.00152003
0.311523	0.295898	0.00147203
0.307617	0.301758	0.00154446
0.444336	0.583008	-0.000432038
0.868164	0.631836	-5.53753e-05
0.821289	0.393555	-0.000905261
0.819336	0.389648	-0.000996465
0.817383	0.385742	-0.00102854
0.81543	0.381836	-0.00099998
0.807617	0.368164	-0.00124516
0.303711	0.307617	0.00138061
0.791992	0.344727	-0.00139203
0.295898	0.321289	0.00125834
0.293945	0.325195	0.0012647
0.28418	0.348633	0.00137195
0.282227	0.354492	0.00142962
0.291992	0.329102	0.0011847
0.286133	0.342773	0.00115281
0.280273	0.360352	0.00132837
0.694336	0.268555	-0.00156579
0.68457	0.264648	-0.00152216
0.678711	0.262695	-0.00166355
0.672852	0.260742	-0.00166315
0.274414	0.383789	0.00131269
0.65918	0.256836	-0.00175737
0.276367	0.374023	0.00112486
0.666992	0.258789	-0.0015237
0.651367	0.254883	-0.00176491
0.272461	0.395508	0.0014201
0.643555	0.25293	-0.00155208
0.270508	0.411133	0.00138625
0.633789	0.250977	-0.0014663
0.276367	0.495117	0.00189265
0.620117	0.249023	-0.00158593
0.270508	0.40918	0.00119764
0.49707	0.256836	-0.00179679
0.504883	0.254883	-0.00180913
0.524414	0.250977	-0.00183846
0.274414	0.487305	0.00160988
0.272461	0.475586	0.00166883
0.270508	0.458008	0.00171073
0.538086	0.249023	-0.00186523
0.270508	0.459961	0.00154816
0.536133	0.249023	-0.00162138
0.598633	0.24707	-0.00168714
0.600586	0.24707	-0.00155948
0.55957	0.24707	-0.00181986
0.557617	0.24707	-0.00170541
0.270508	0.461914	0.00137137
0.602539	0.24707	-0.00142025
0.555664	0.24707	-0.00157941
0.422852	0.569336	-0.000338009
0.430664	0.575195	0.000433999
0.885742	0.643555	-0.00126582
0.887695	0.610352	-0.00116086
0.887695	0.612305	-0.00123685
0.887695	0.553711	-0.00109707
0.885742	0.518555	-0.0010924
0.881836	0.481445	-0.000952232
0.875977	0.444336	-0.000843529
0.870117	0.416992	-0.000728336
0.87207	0.424805	-0.000891181
0.866211	0.401367	-0.000781897
0.860352	0.381836	-0.000692563
0.852539	0.360352	-0.000469394
0.858398	0.375977	-0.00066867
0.848633	0.350586	-0.00050424
0.833008	0.319336	-0.000171467
0.827148	0.30957	-9.90355e-05
0.819336	0.297852	-2.50526e-05
0.813477	0.290039	0.000100113
0.805664	0.280273	6.58351e-05
0.780273	0.254883	0.000125183
0.770508	0.24707	0.000179353
0.762695	0.241211	4.78272e-05
0.756836	0.237305	8.83805e-05
0.44043	0.579102	-0.00149475
0.733398	0.223633	-5.06393e-05
0.737305	0.225586	-0.000110543
0.729492	0.22168	-6.4124e-05
0.725586	0.219727	-0.000149573
0.711914	0.213867	-8.64171e-05
0.696289	0.208008	-0.000152341
0.69043	0.206055	-0.00017658
0.415039	0.563477	-0.000875652
0.702148	0.209961	-0.000249623
0.641602	0.194336	-0.00013492
0.629883	0.192383	-0.000253453
0.614258	0.19043	-0.000282556
0.479492	0.196289	-8.54688e-05
0.50293	0.192383	-0.000106038
0.461914	0.200195	-2.51997e-05
0.418945	0.213867	0.0002462
0.518555	0.19043	-0.000192172
0.401367	0.22168	0.000548353
0.405273	0.219727	0.000393058
0.586914	0.188477	-0.000207883
0.588867	0.188477	-0.000298368
0.389648	0.227539	0.000600625
0.547852	0.188477	-9.92858e-05
0.545898	0.188477	-0.000178428
0.370117	0.239258	0.000865388
0.858398	0.520508	-0.000147956
0.856445	0.508789	-0.000152674
0.356445	0.249023	0.00102075
0.543945	0.188477	-0.000265651
0.375977	0.235352	0.000671352
0.385742	0.229492	0.000475151
0.364258	0.243164	0.000851745
0.862305	0.547852	-6.21448e-06
0.860352	0.532227	6.16529e-05
0.864258	0.56543	5.39501e-05
0.848633	0.47168	-0.000260405
0.850586	0.479492	-0.000142769
0.866211	0.588867	6.035e-05
0.84668	0.463867	-0.00025735
0.842773	0.450195	-0.000413442
0.866211	0.586914	0.000198669
0.34668	0.256836	0.00100687
0.833008	0.420898	-0.00057012
0.868164	0.62793	6.15672e-05
0.868164	0.629883	1.48452e-06
0.829102	0.411133	-0.000710298
0.325195	0.27832	0.00129986
0.868164	0.625977	0.000124878
0.868164	0.624023	0.000191467
0.823242	0.397461	-0.000756412
0.323242	0.280273	0.0011078
0.813477	0.37793	-0.000909359
0.31543	0.290039	0.00116186
0.801758	0.358398	-0.00112211
0.297852	0.317383	0.00116478
0.405273	0.555664	-0.00137255
0.825195	0.401367	-0.000551462
0.811523	0.374023	-0.000755298
0.805664	0.364258	-0.00091861
0.797852	0.352539	-0.00114079
0.30957	0.297852	0.000985637
0.305664	0.303711	0.000966932
0.786133	0.336914	-0.00126146
0.299805	0.313477	0.000983369
0.290039	0.333008	0.0010194
0.743164	0.295898	-0.00144502
0.725586	0.28418	-0.00142321
0.27832	0.366211	0.00107105
0.446289	0.584961	2.04041e-05
0.750977	0.301758	-0.00133065
0.282227	0.352539	0.000810466
0.71582	0.27832	-0.00115201
0.711914	0.276367	-0.00123865
0.708008	0.274414	-0.00124619
0.280273	0.358398	0.000756711
0.704102	0.272461	-0.00117542
0.69043	0.266602	-0.00123611
0.274414	0.381836	0.000922868
0.272461	0.393555	0.0011175
0.674805	0.260742	-0.00105898
0.661133	0.256836	-0.00124821
0.65332	0.254883	-0.00130836
0.645508	0.25293	-0.00114722
0.282227	0.516602	0.0017328
0.62207	0.249023	-0.00132874
0.270508	0.407227	0.000995011
0.280273	0.510742	0.00164914
0.512695	0.25293	-0.00159726
0.448242	0.586914	0.000396018
0.680664	0.262695	-0.00101729
0.272461	0.391602	0.000800926
0.635742	0.250977	-0.00112418
0.458008	0.270508	-0.00172338
0.477539	0.262695	-0.00166724
0.483398	0.260742	-0.00168241
0.47168	0.264648	-0.00150497
0.489258	0.258789	-0.00155429
0.276367	0.49707	0.00144647
0.28418	0.522461	0.0016449
0.270508	0.405273	0.000778393
0.27832	0.504883	0.00139847
0.50293	0.254883	-0.00135238
0.624023	0.249023	-0.00105983
0.522461	0.250977	-0.00150932
0.274414	0.489258	0.00122645
0.288086	0.532227	0.0017055
0.272461	0.477539	0.00137551
0.272461	0.479492	0.00106782
0.270508	0.463867	0.00118039
0.53418	0.249023	-0.00136574
0.604492	0.24707	-0.00126948
0.606445	0.24707	-0.00110715
0.553711	0.24707	-0.00144188
0.520508	0.250977	-0.00116827
0.270508	0.46582	0.000975196
0.551758	0.24707	-0.00129281
0.532227	0.249023	-0.00109832
0.608398	0.24707	-0.000933194
0.549805	0.24707	-0.00113221
0.881836	0.676758	-0.00143656
0.883789	0.663086	-0.00140751
0.887695	0.614258	-0.00131807
0.887695	0.551758	-0.00116569
0.887695	0.549805	-0.00123896
0.883789	0.49707	-0.0010947
0.87793	0.454102	-0.00106827
0.862305	0.387695	-0.000807635
0.856445	0.370117	-0.000738634
0.831055	0.31543	-0.000421891
0.81543	0.291992	-0.000285801
0.807617	0.282227	-0.000174285
0.77832	0.25293	-0.000108584
0.750977	0.233398	-8.10485e-05
0.416992	0.56543	-0.000368409
0.768555	0.245117	-0.000206395
0.741211	0.227539	-0.000245141
0.72168	0.217773	-0.000305464
0.68457	0.204102	-0.000318765
0.670898	0.200195	-0.000456829
0.663086	0.198242	-0.000520288
0.65332	0.196289	-0.000366329
0.643555	0.194336	-0.000469815
0.631836	0.192383	-0.000532604
0.616211	0.19043	-0.000490701
0.469727	0.198242	-0.000162248
0.454102	0.202148	-5.87265e-05
0.489258	0.194336	-0.000252654
0.44043	0.206055	-8.00696e-05
0.43457	0.208008	-2.00925e-06
0.59082	0.188477	-0.000396999
0.428711	0.209961	-3.77512e-05
0.500977	0.192383	-0.000376457
0.40918	0.217773	0.000171057
0.592773	0.188477	-0.000503829
0.516602	0.19043	-0.000394211
0.541992	0.188477	-0.000360943
0.858398	0.518555	0.000158501
0.854492	0.49707	5.88574e-05
0.864258	0.563477	0.000244529
0.358398	0.24707	0.000624865
0.844727	0.456055	-0.000127962
0.407227	0.557617	-0.0010249
0.446289	0.204102	-0.000269487
0.540039	0.188477	-0.000464299
0.381836	0.231445	0.000275894
0.862305	0.545898	0.000227073
0.37207	0.237305	0.000273441
0.366211	0.241211	0.000340155
0.856445	0.506836	0.000188067
0.852539	0.487305	9.07801e-05
0.860352	0.530273	0.000335588
0.866211	0.584961	0.000341085
0.348633	0.254883	0.000765714
0.848633	0.469727	0.000202786
0.350586	0.25293	0.000490035
0.84082	0.442383	-4.59393e-05
0.838867	0.436523	-0.000141547
0.836914	0.430664	-0.00014934
0.868164	0.620117	0.00033478
0.868164	0.62207	0.000261413
0.831055	0.415039	-0.000324732
0.868164	0.618164	0.000411624
0.834961	0.424805	-6.63047e-05
0.827148	0.405273	-0.000291842
0.321289	0.282227	0.000879136
0.313477	0.291992	0.000767641
0.793945	0.34668	-0.000968758
0.319336	0.28418	0.000613962
0.80957	0.370117	-0.000536383
0.803711	0.360352	-0.00052365
0.799805	0.354492	-0.000613926
0.788086	0.338867	-0.00094651
0.301758	0.30957	0.000713555
0.774414	0.323242	-0.00115092
0.772461	0.321289	-0.00122322
0.770508	0.319336	-0.00126232
0.776367	0.325195	-0.0010456
0.768555	0.317383	-0.00126805
0.766602	0.31543	-0.00124027
0.77832	0.327148	-0.00090749
0.764648	0.313477	-0.00117883
0.762695	0.311523	-0.00108366
0.288086	0.336914	0.000769973
0.749023	0.299805	-0.00101444
0.735352	0.290039	-0.00113597
0.28418	0.34668	0.000704902
0.741211	0.293945	-0.00100989
0.729492	0.286133	-0.0010445
0.719727	0.280273	-0.000985411
0.700195	0.270508	-0.00102737
0.760742	0.30957	-0.000954652
0.286133	0.34082	0.000437697
0.27832	0.364258	0.00054646
0.696289	0.268555	-0.00080323
0.276367	0.37207	0.000660909
0.686523	0.264648	-0.000833275
0.668945	0.258789	-0.000961177
0.274414	0.379883	0.000518929
0.663086	0.256836	-0.000726778
0.655273	0.254883	-0.00083964
0.272461	0.389648	0.000470333
0.647461	0.25293	-0.000730259
0.637695	0.250977	-0.000770142
0.461914	0.268555	-0.00149703
0.270508	0.40332	0.000547872
0.495117	0.256836	-0.00128657
0.510742	0.25293	-0.00119304
0.286133	0.52832	0.00138105
0.625977	0.249023	-0.000779203
0.438477	0.280273	-0.00161214
0.46582	0.266602	-0.00119189
0.428711	0.286133	-0.0015592
0.475586	0.262695	-0.00101631
0.481445	0.260742	-0.00107495
0.487305	0.258789	-0.000989628
0.280273	0.512695	0.00107398
0.276367	0.499023	0.00098577
0.282227	0.518555	0.00110656
0.422852	0.290039	-0.00154602
0.27832	0.506836	0.000873727
0.500977	0.254883	-0.000883541
0.274414	0.491211	0.000828435
0.28418	0.524414	0.00096689
0.272461	0.481445	0.000745674
0.508789	0.25293	-0.000776767
0.290039	0.538086	0.00113114
0.518555	0.250977	-0.000815283
0.291992	0.541992	0.00123036
0.270508	0.467773	0.000755761
0.299805	0.555664	0.00164181
0.610352	0.24707	-0.000747584
0.293945	0.545898	0.00123265
0.530273	0.249023	-0.000819146
0.612305	0.24707	-0.000550351
0.547852	0.24707	-0.000960028
0.545898	0.24707	-0.000776222
0.268555	0.430664	0.000548121
0.268555	0.432617	0.000582627
0.268555	0.43457	0.00060322
0.268555	0.436523	0.000609892
0.268555	0.438477	0.000602629
0.268555	0.426758	0.000437374
0.268555	0.428711	0.000499701
0.268555	0.44043	0.000581422
0.268555	0.442383	0.000546272
0.268555	0.444336	0.000497187
0.450195	0.588867	0.000670123
0.358398	0.493164	-0.0016994
0.352539	0.475586	-0.00165421
0.352539	0.389648	-0.00165731
0.348633	0.454102	-0.00192752
0.348633	0.411133	-0.0018714
0.348633	0.456055	-0.00167108
0.348633	0.40918	-0.00161365
0.424805	0.571289	0.000252209
0.885742	0.645508	-0.00144187
0.887695	0.616211	-0.00140463
0.887695	0.547852	-0.00131685
0.885742	0.516602	-0.00124516
0.881836	0.479492	-0.0012008
0.879883	0.46582	-0.00115647
0.883789	0.495117	-0.00130136
0.875977	0.442383	-0.00120183
0.874023	0.432617	-0.0011716
0.864258	0.393555	-0.00101051
0.854492	0.364258	-0.000907753
0.850586	0.354492	-0.000813861
0.844727	0.34082	-0.000864035
0.842773	0.336914	-0.000751191
0.84082	0.333008	-0.00069936
0.838867	0.329102	-0.000710013
0.836914	0.325195	-0.00078542
0.825195	0.305664	-0.000535001
0.821289	0.299805	-0.000519971
0.80957	0.28418	-0.000447049
0.776367	0.250977	-0.000376093
0.760742	0.239258	-0.000453731
0.754883	0.235352	-0.000494393
0.745117	0.229492	-0.000455527
0.717773	0.21582	-0.000530368
0.708008	0.211914	-0.000471886
0.678711	0.202148	-0.000575271
0.655273	0.196289	-0.000759166
0.618164	0.19043	-0.000707457
0.477539	0.196289	-0.000464139
0.422852	0.211914	-0.000191556
0.594727	0.188477	-0.000618926
0.59668	0.188477	-0.000742322
0.413086	0.21582	-0.000115772
0.459961	0.200195	-0.000491497
0.467773	0.198242	-0.000588525
0.487305	0.194336	-0.000585286
0.499023	0.192383	-0.000655478
0.514648	0.19043	-0.000604575
0.538086	0.188477	-0.000575725
0.536133	0.188477	-0.000695233
0.864258	0.561523	0.000439632
0.862305	0.543945	0.000465212
0.866211	0.583008	0.000487663
0.842773	0.448242	0.000133938
0.40918	0.55957	-0.000638326
0.452148	0.202148	-0.000565788
0.399414	0.22168	-0.000281752
0.395508	0.223633	-0.000222045
0.391602	0.225586	-0.000232329
0.37793	0.233398	1.68355e-06
0.858398	0.516602	0.000470449
0.360352	0.245117	0.00019619
0.854492	0.495117	0.000435868
0.850586	0.477539	0.00029272
0.856445	0.504883	0.000534596
0.860352	0.52832	0.000614742
0.864258	0.55957	0.000639337
0.852539	0.485352	0.000499863
0.84668	0.461914	0.000235342
0.866211	0.581055	0.000638479
0.352539	0.250977	0.000180227
0.868164	0.614258	0.000576
0.868164	0.616211	0.00049201
0.844727	0.454102	0.000395438
0.868164	0.612305	0.000663645
0.833008	0.418945	0.000110589
0.829102	0.40918	2.0864e-05
0.821289	0.391602	-7.52179e-05
0.819336	0.387695	-0.000142761
0.823242	0.395508	5.04239e-05
0.817383	0.383789	-0.000150745
0.307617	0.299805	0.000464079
0.795898	0.348633	-0.000516098
0.790039	0.34082	-0.000600787
0.334961	0.266602	0.000319513
0.333008	0.268555	0.000328653
0.81543	0.379883	-9.76733e-05
0.317383	0.286133	0.00031242
0.807617	0.366211	-0.00025124
0.311523	0.293945	0.000337665
0.303711	0.305664	0.00035505
0.780273	0.329102	-0.000736838
0.782227	0.331055	-0.000533931
0.297852	0.31543	0.000228885
0.295898	0.319336	0.000356934
0.293945	0.323242	0.00039788
0.291992	0.327148	0.000352474
0.758789	0.307617	-0.000791798
0.290039	0.331055	0.000221674
0.756836	0.305664	-0.000595137
0.74707	0.297852	-0.000664793
0.733398	0.288086	-0.00058397
0.723633	0.282227	-0.00073819
0.282227	0.350586	0.000177204
0.397461	0.549805	-0.000876813
0.395508	0.547852	-0.00102564
0.393555	0.545898	-0.00112692
0.739258	0.291992	-0.000541959
0.727539	0.28418	-0.000409887
0.28418	0.344727	2.37952e-05
0.280273	0.356445	0.000170924
0.391602	0.543945	-0.00117967
0.389648	0.541992	-0.00118293
0.713867	0.276367	-0.00033884
0.709961	0.274414	-0.000377731
0.706055	0.272461	-0.000338265
0.692383	0.266602	-0.000504348
0.27832	0.362305	7.77354e-06
0.276367	0.370117	0.000182845
0.682617	0.262695	-0.000358644
0.676758	0.260742	-0.000442438
0.670898	0.258789	-0.000386333
0.274414	0.37793	0.000100907
0.657227	0.254883	-0.000358734
0.272461	0.387695	0.000125671
0.270508	0.401367	0.000303475
0.649414	0.25293	-0.000301207
0.639648	0.250977	-0.000404116
0.62793	0.249023	-0.000486853
0.43457	0.282227	-0.00132989
0.452148	0.272461	-0.00103077
0.493164	0.256836	-0.000764185
0.270508	0.469727	0.000522024
0.387695	0.540039	-0.0011359
0.665039	0.256836	-0.000193079
0.37793	0.52832	-0.00133125
0.270508	0.399414	4.51411e-05
0.448242	0.274414	-0.00106069
0.456055	0.270508	-0.000918077
0.469727	0.264648	-0.00080972
0.288086	0.53418	0.000937043
0.444336	0.276367	-0.00100616
0.370117	0.516602	-0.00158997
0.459961	0.268555	-0.000724455
0.44043	0.27832	-0.000865693
0.629883	0.249023	-0.000182654
0.430664	0.28418	-0.000957573
0.424805	0.288086	-0.00103827
0.416992	0.293945	-0.0012835
0.276367	0.500977	0.000510173
0.280273	0.514648	0.000483775
0.274414	0.493164	0.000415572
0.286133	0.530273	0.000650391
0.272461	0.483398	0.000408946
0.499023	0.254883	-0.000402208
0.282227	0.520508	0.000465075
0.405273	0.303711	-0.00145667
0.295898	0.549805	0.00113585
0.614258	0.24707	-0.000341535
0.407227	0.301758	-0.001267
0.506836	0.25293	-0.000348084
0.516602	0.250977	-0.000450168
0.52832	0.249023	-0.000528088
0.270508	0.47168	0.000273966
0.616211	0.24707	-0.00012115
0.297852	0.553711	0.000938052
0.301758	0.55957	0.00127714
0.543945	0.24707	-0.000580739
0.268555	0.420898	0.000167013
0.268555	0.422852	0.000271029
0.268555	0.424805	0.000361148
0.389648	0.319336	-0.00145624
0.268555	0.418945	4.91018e-05
0.268555	0.446289	0.000434161
0.268555	0.448242	0.00035717
0.305664	0.56543	0.00133874
0.268555	0.450195	0.000266172
0.311523	0.573242	0.00148897
0.541992	0.24707	-0.000373575
0.268555	0.452148	0.000161136
0.370117	0.34668	-0.00162205
0.364258	0.506836	-0.00133773
0.375977	0.336914	-0.0013999
0.362305	0.50293	-0.00134157
0.569336	0.245117	-0.000263168
0.571289	0.245117	-0.000308045
0.573242	0.245117	-0.00034151
0.575195	0.245117	-0.000363542
0.577148	0.245117	-0.00037411
0.579102	0.245117	-0.000373193
0.581055	0.245117	-0.000360806
0.583008	0.245117	-0.000336981
0.584961	0.245117	-0.000301742
0.586914	0.245117	-0.000255081
0.360352	0.366211	-0.0015801
0.452148	0.59082	0.000810702
0.366211	0.510742	-0.00120439
0.387695	0.321289	-0.00126212
0.379883	0.331055	-0.00121595
0.37207	0.342773	-0.00129222
0.567383	0.245117	-0.00020687
0.588867	0.245117	-0.000196966
0.59082	0.245117	-0.000127374
0.360352	0.499023	-0.00121665
0.56543	0.245117	-0.000139126
0.356445	0.375977	-0.00143155
0.356445	0.489258	-0.00127021
0.354492	0.483398	-0.00132771
0.358398	0.370117	-0.00123424
0.354492	0.381836	-0.00140564
0.352539	0.477539	-0.00114052
0.352539	0.387695	-0.00115766
0.350586	0.467773	-0.00157241
0.350586	0.397461	-0.00153251
0.34668	0.606445	0.00146488
0.350586	0.469727	-0.00115412
0.350586	0.395508	-0.00112141
0.348633	0.458008	-0.00139208
0.348633	0.407227	-0.0013343
0.356445	0.612305	0.00155127
0.360352	0.614258	0.00166422
0.364258	0.616211	0.00163242
0.348633	0.459961	-0.00109056
0.348633	0.405273	-0.00103349
0.34668	0.422852	-0.00100628
0.34668	0.424805	-0.00110908
0.34668	0.426758	-0.0011899
0.34668	0.428711	-0.00124869
0.34668	0.430664	-0.00128538
0.34668	0.432617	-0.00129988
0.34668	0.43457	-0.00129215
0.34668	0.436523	-0.00126215
0.34668	0.438477	-0.00120988
0.34668	0.44043	-0.00113532
0.34668	0.442383	-0.00103845
0.374023	0.620117	0.00182526
0.395508	0.625977	0.0018164
0.879883	0.688477	-0.00165068
0.887695	0.618164	-0.0014966
0.887695	0.545898	-0.00139936
0.887695	0.543945	-0.00148647
0.885742	0.514648	-0.00140264
0.870117	0.415039	-0.00118176
0.868164	0.407227	-0.00117404
0.87207	0.422852	-0.00131563
0.84668	0.344727	-0.00103692
0.829102	0.311523	-0.000742492
0.834961	0.321289	-0.000926879
0.817383	0.293945	-0.000702801
0.418945	0.567383	0.000166269
0.766602	0.243164	-0.000624933
0.749023	0.231445	-0.000742804
0.713867	0.213867	-0.000822809
0.698242	0.208008	-0.000787143
0.692383	0.206055	-0.000775303
0.686523	0.204102	-0.000882313
0.704102	0.209961	-0.000921284
0.672852	0.200195	-0.000942523
0.665039	0.198242	-0.000963735
0.645508	0.194336	-0.000813885
0.633789	0.192383	-0.000820631
0.411133	0.561523	-0.000214978
0.620117	0.19043	-0.000932851
0.598633	0.188477	-0.000873999
0.600586	0.188477	-0.00101394
0.416992	0.213867	-0.000465949
0.512695	0.19043	-0.000823283
0.475586	0.196289	-0.000852083
0.438477	0.206055	-0.000662453
0.432617	0.208008	-0.000618317
0.40332	0.219727	-0.00040964
0.53418	0.188477	-0.000822834
0.426758	0.209961	-0.000688894
0.387695	0.227539	-0.000313998
0.862305	0.541992	0.00070829
0.485352	0.194336	-0.000926768
0.49707	0.192383	-0.000943054
0.407227	0.217773	-0.000604547
0.532227	0.188477	-0.000958537
0.368164	0.239258	-0.000202655
0.383789	0.229492	-0.000468292
0.374023	0.235352	-0.000348552
0.858398	0.514648	0.000787921
0.362305	0.243164	-0.000264796
0.864258	0.557617	0.0008437
0.866211	0.579102	0.00079358
0.854492	0.493164	0.000818905
0.354492	0.249023	-0.000163343
0.850586	0.475586	0.00073531
0.866211	0.577148	0.000952969
0.848633	0.467773	0.000673269
0.868164	0.610352	0.000754978
0.84082	0.44043	0.000534199
0.868164	0.608398	0.000850029
0.838867	0.43457	0.000464755
0.34082	0.260742	7.62907e-05
0.338867	0.262695	0.000193138
0.336914	0.264648	0.000274284
0.331055	0.270508	0.000301581
0.84668	0.459961	0.000735219
0.842773	0.446289	0.000689085
0.868164	0.606445	0.000948828
0.836914	0.428711	0.000483773
0.342773	0.258789	-7.59743e-05
0.329102	0.272461	0.000238188
0.831055	0.413086	0.000385259
0.825195	0.399414	0.000232638
0.327148	0.274414	0.00013841
0.834961	0.422852	0.000594432
0.325195	0.276367	2.22013e-06
0.813477	0.375977	1.78121e-05
0.801758	0.356445	-5.92741e-05
0.791992	0.342773	-0.000224679
0.827148	0.40332	0.000469981
0.31543	0.288086	-2.53231e-05
0.811523	0.37207	0.000197115
0.805664	0.362305	0.000101432
0.30957	0.295898	-0.000127831
0.797852	0.350586	-3.45115e-05
0.299805	0.311523	1.31247e-05
0.401367	0.553711	-0.000441532
0.399414	0.551758	-0.000681632
0.305664	0.301758	-9.23126e-05
0.78418	0.333008	-0.000299086
0.786133	0.334961	-3.26506e-05
0.754883	0.303711	-0.00036474
0.288086	0.334961	6.58569e-06
0.745117	0.295898	-0.000281891
0.717773	0.27832	-0.000220788
0.702148	0.270508	-0.000221402
0.75293	0.301758	-0.000100711
0.870117	0.698242	-0.000423908
0.286133	0.338867	-0.000291593
0.737305	0.290039	-4.15067e-05
0.731445	0.286133	-1.75673e-07
0.72168	0.280273	-2.28182e-05
0.385742	0.538086	-0.00103803
0.698242	0.268555	-2.82382e-05
0.688477	0.264648	-0.000131995
0.276367	0.368164	-0.000309373
0.274414	0.375977	-0.00033121
0.272461	0.385742	-0.00023305
0.383789	0.536133	-0.000888994
0.678711	0.260742	0.000186514
0.672852	0.258789	0.000200881
0.65918	0.254883	0.00013439
0.651367	0.25293	0.000139923
0.641602	0.250977	-2.60963e-05
0.270508	0.397461	-0.00022721
0.463867	0.266602	-0.000451615
0.479492	0.260742	-0.000454706
0.485352	0.258789	-0.000412392
0.27832	0.508789	0.000333841
0.268555	0.416992	-8.26871e-05
0.526367	0.249023	-0.000225066
0.381836	0.53418	-0.000688519
0.375977	0.526367	-0.000946533
0.37207	0.520508	-0.00111508
0.436523	0.280273	-0.000637813
0.473633	0.262695	-0.000352341
0.631836	0.249023	0.000133455
0.491211	0.256836	-0.000229071
0.418945	0.291992	-0.000872864
0.272461	0.485352	5.75837e-05
0.28418	0.526367	0.000273405
0.368164	0.514648	-0.000940777
0.467773	0.264648	-0.000101331
0.426758	0.286133	-0.000494073
0.40918	0.299805	-0.00103651
0.276367	0.50293	1.93131e-05
0.274414	0.495117	-1.22986e-05
0.270508	0.473633	1.16074e-05
0.411133	0.297852	-0.000765684
0.504883	0.25293	9.32294e-05
0.514648	0.250977	-7.28065e-05
0.288086	0.536133	0.000153059
0.290039	0.540039	0.000308792
0.291992	0.543945	0.000369221
0.618164	0.24707	0.00011085
0.293945	0.547852	0.000332307
0.268555	0.413086	-0.000387823
0.268555	0.415039	-0.000228332
0.524414	0.249023	8.99142e-05
0.270508	0.475586	-0.000265078
0.299805	0.557617	0.000637567
0.540039	0.24707	-0.000154752
0.268555	0.454102	4.20515e-05
0.268555	0.456055	-9.10833e-05
0.303711	0.563477	0.000806606
0.30957	0.571289	0.00111324
0.385742	0.323242	-0.0010244
0.538086	0.24707	7.57329e-05
0.268555	0.458008	-0.000238285
0.592773	0.245117	-4.63093e-05
0.307617	0.569336	0.00069291
0.594727	0.245117	4.61971e-05
0.59668	0.245117	0.000150124
0.561523	0.245117	3.07824e-05
0.563477	0.245117	-5.99122e-05
0.317383	0.581055	0.00106164
0.319336	0.583008	0.00122489
0.321289	0.584961	0.00133962
0.323242	0.586914	0.00140516
0.366211	0.352539	-0.00104135
0.327148	0.59082	0.00138634
0.364258	0.356445	-0.00107793
0.383789	0.325195	-0.000743052
0.37793	0.333008	-0.000779088
0.374023	0.338867	-0.000850787
0.55957	0.245117	0.000132963
0.598633	0.245117	0.000265492
0.31543	0.579102	0.00085056
0.368164	0.348633	-0.000892406
0.358398	0.495117	-0.000964477
0.362305	0.360352	-0.00100199
0.329102	0.592773	0.00130098
0.331055	0.594727	0.0011644
0.360352	0.364258	-0.000813879
0.34082	0.602539	0.00127524
0.557617	0.245117	0.00024663
0.370117	0.344727	-0.000631393
0.356445	0.374023	-0.000777504
0.333008	0.59668	0.000976203
0.354492	0.379883	-0.000818365
0.356445	0.491211	-0.000587263
0.354492	0.485352	-0.000718368
0.358398	0.368164	-0.000514265
0.352539	0.479492	-0.000604564
0.352539	0.385742	-0.000637516
0.342773	0.604492	0.000848144
0.350586	0.47168	-0.000713334
0.352539	0.610352	0.00129589
0.350586	0.393555	-0.000689395
0.348633	0.608398	0.000900565
0.348633	0.461914	-0.000766556
0.348633	0.40332	-0.00071137
0.368164	0.618164	0.00145399
0.34668	0.418945	-0.000734887
0.34668	0.420898	-0.000881544
0.34668	0.444336	-0.000919226
0.34668	0.446289	-0.000777637
0.37207	0.620117	0.00112762
0.37793	0.62207	0.00128636
0.385742	0.624023	0.0016485
0.454102	0.592773	0.00077639
0.348633	0.463867	-0.000420112
0.34668	0.448242	-0.000613698
0.34668	0.416992	-0.000566391
0.34668	0.450195	-0.000427424
0.34668	0.415039	-0.00037621
0.383789	0.624023	0.00113714
0.393555	0.625977	0.00146723
0.391602	0.625977	0.00108589
0.456055	0.59668	0.00163337
0.407227	0.62793	0.00124396
0.40918	0.62793	0.00134552
0.411133	0.62793	0.00140945
0.413086	0.62793	0.00143485
0.415039	0.62793	0.00142079
0.416992	0.62793	0.00136631
0.426758	0.573242	0.000856745
0.883789	0.665039	-0.00165975
0.432617	0.577148	0.00105278
0.885742	0.647461	-0.0016247
0.887695	0.620117	-0.00159405
0.887695	0.541992	-0.00157818
0.885742	0.512695	-0.00156489
0.883789	0.493164	-0.001513
0.881836	0.477539	-0.00145453
0.879883	0.463867	-0.00144909
0.87793	0.452148	-0.00139559
0.866211	0.399414	-0.00129664
0.862305	0.385742	-0.00138109
0.860352	0.379883	-0.00129334
0.858398	0.374023	-0.0012971
0.852539	0.358398	-0.00117822
0.848633	0.348633	-0.00126773
0.811523	0.286133	-0.00075201
0.797852	0.270508	-0.000645416
0.795898	0.268555	-0.00058968
0.793945	0.266602	-0.000567767
0.791992	0.264648	-0.00057968
0.790039	0.262695	-0.000625524
0.420898	0.569336	0.000725152
0.799805	0.272461	-0.000734961
0.788086	0.260742	-0.000705426
0.774414	0.249023	-0.00067707
0.739258	0.225586	-0.00102965
0.735352	0.223633	-0.00094032
0.731445	0.22168	-0.000924684
0.727539	0.219727	-0.000981382
0.680664	0.202148	-0.00110459
0.657227	0.196289	-0.00116171
0.647461	0.194336	-0.00116733
0.635742	0.192383	-0.00111763
0.62207	0.19043	-0.0011669
0.413086	0.563477	0.000242796
0.602539	0.188477	-0.00116219
0.444336	0.204102	-0.000818636
0.458008	0.200195	-0.000967207
0.46582	0.198242	-0.00102419
0.510742	0.19043	-0.0010503
0.450195	0.202148	-0.00108274
0.420898	0.211914	-0.000878238
0.530273	0.188477	-0.00110235
0.411133	0.21582	-0.000864921
0.860352	0.526367	0.000899147
0.856445	0.50293	0.000886832
0.862305	0.540039	0.000956313
0.379883	0.231445	-0.000696651
0.864258	0.555664	0.0010527
0.858398	0.512695	0.00111079
0.852539	0.483398	0.000915298
0.866211	0.575195	0.00111664
0.356445	0.24707	-0.000540285
0.868164	0.604492	0.00105141
0.344727	0.256836	-0.000263389
0.844727	0.452148	0.000926158
0.868164	0.602539	0.00115781
0.34668	0.254883	-0.000485678
0.323242	0.27832	-0.000170385
0.833008	0.416992	0.000799942
0.829102	0.407227	0.000760963
0.321289	0.280273	-0.000379377
0.80957	0.368164	0.000441619
0.793945	0.344727	0.000181405
0.301758	0.307617	-0.000290822
0.405273	0.557617	0.000166861
0.40332	0.555664	-0.000158131
0.821289	0.389648	0.000764323
0.819336	0.385742	0.000720538
0.313477	0.290039	-0.000399061
0.803711	0.358398	0.000522699
0.799805	0.352539	0.000475537
0.788086	0.336914	0.000264996
0.295898	0.317383	-0.000558003
0.293945	0.321289	-0.00048262
0.291992	0.325195	-0.000493556
0.776367	0.323242	0.000278651
0.774414	0.321289	0.0001904
0.772461	0.319336	0.000135063
0.770508	0.317383	0.000112808
0.768555	0.31543	0.00012379
0.766602	0.313477	0.000168149
0.290039	0.329102	-0.000589964
0.870117	0.686523	0.00108804
0.870117	0.688477	0.00104289
0.870117	0.69043	0.000981826
0.870117	0.692383	0.000887867
0.870117	0.694336	0.00071775
0.870117	0.696289	0.000346284
0.764648	0.311523	0.000245992
0.750977	0.299805	0.000196829
0.743164	0.293945	0.000134073
0.282227	0.348633	-0.00047039
0.725586	0.282227	0.000255686
0.280273	0.354492	-0.000429104
0.27832	0.360352	-0.000545179
0.694336	0.266602	0.000239993
0.28418	0.342773	-0.000671595
0.711914	0.274414	0.000503112
0.708008	0.272461	0.000511314
0.68457	0.262695	0.000312585
0.69043	0.264648	0.000581988
0.274414	0.374023	-0.000777502
0.666992	0.256836	0.000352968
0.272461	0.383789	-0.00060583
0.270508	0.395508	-0.000513593
0.379883	0.532227	-0.000436419
0.643555	0.250977	0.000363922
0.450195	0.272461	-0.000178978
0.446289	0.274414	-0.000175329
0.454102	0.270508	-9.94791e-05
0.633789	0.249023	0.000461458
0.432617	0.282227	-0.000321028
0.420898	0.290039	-0.000424296
0.49707	0.254883	9.20423e-05
0.280273	0.516602	-0.000121738
0.27832	0.510742	-0.000221474
0.272461	0.487305	-0.000308408
0.620117	0.24707	0.000354583
0.268555	0.411133	-0.000561163
0.295898	0.551758	0.00019597
0.661133	0.254883	0.000639887
0.65332	0.25293	0.000593229
0.374023	0.524414	-0.00051029
0.442383	0.276367	-8.69581e-05
0.458008	0.268555	6.13899e-05
0.477539	0.260742	0.000178478
0.483398	0.258789	0.000177824
0.282227	0.522461	-0.000191678
0.286133	0.532227	-9.57731e-05
0.413086	0.295898	-0.00045504
0.37793	0.530273	-0.000132616
0.268555	0.40918	-0.000748386
0.370117	0.518555	-0.000546773
0.438477	0.27832	8.75754e-05
0.461914	0.266602	0.000301875
0.47168	0.262695	0.000324724
0.428711	0.28418	8.59135e-05
0.489258	0.256836	0.00031913
0.276367	0.504883	-0.000486599
0.274414	0.49707	-0.000454977
0.422852	0.288086	6.15519e-05
0.415039	0.293945	-0.000105131
0.512695	0.250977	0.00031678
0.62207	0.24707	0.000610091
0.50293	0.25293	0.000546967
0.522461	0.249023	0.000416872
0.270508	0.477539	-0.000556121
0.268555	0.459961	-0.000399581
0.301758	0.561523	0.000232737
0.401367	0.305664	-0.000282718
0.40332	0.303711	-0.000156136
0.399414	0.307617	-0.000367687
0.397461	0.30957	-0.000410681
0.395508	0.311523	-0.000411354
0.536133	0.24707	0.000317942
0.268555	0.461914	-0.000574998
0.297852	0.555664	-4.15808e-05
0.393555	0.313477	-0.000369428
0.391602	0.31543	-0.000284664
0.53418	0.24707	0.000571929
0.381836	0.327148	-0.00041812
0.305664	0.567383	0.000228875
0.600586	0.245117	0.000392347
0.602539	0.245117	0.000530706
0.555664	0.245117	0.000371782
0.313477	0.577148	0.000592395
0.366211	0.512695	-0.000242259
0.364258	0.508789	-0.000426506
0.362305	0.504883	-0.000481682
0.604492	0.245117	0.000680548
0.375977	0.334961	-0.000298917
0.553711	0.245117	0.000508413
0.311523	0.575195	0.000287879
0.360352	0.500977	-0.000408586
0.37207	0.34082	-0.00025885
0.334961	0.598633	0.000736097
0.364258	0.354492	-0.00020237
0.551758	0.245117	0.000656523
0.358398	0.49707	-0.000208217
0.366211	0.350586	-0.000121278
0.362305	0.358398	-0.000171572
0.360352	0.362305	-2.90039e-05
0.356445	0.37207	-0.000103961
0.354492	0.37793	-0.000211096
0.336914	0.600586	0.000443868
0.354492	0.487305	-8.70445e-05
0.352539	0.481445	-4.6419e-05
0.352539	0.383789	-9.70238e-05
0.350586	0.473633	-0.000250147
0.350586	0.391602	-0.000236595
0.344727	0.606445	0.000368319
0.348633	0.401367	-0.000368011
0.350586	0.610352	0.000283406
0.354492	0.612305	0.000592975
0.358398	0.614258	0.000761983
0.362305	0.616211	0.000788123
0.348633	0.46582	-5.13022e-05
0.348633	0.399414	-3.48888e-06
0.34668	0.452148	-0.000218804
0.366211	0.618164	0.000669337
0.34668	0.413086	-0.000164472
0.34668	0.454102	1.21751e-05
0.370117	0.620117	0.000404129
0.375977	0.62207	0.000652394
0.456055	0.594727	0.000515538
0.34668	0.411133	6.88006e-05
0.381836	0.624023	0.000596615
0.389648	0.625977	0.000673138
0.430664	0.625977	0.00168531
0.438477	0.624023	0.00151726
0.399414	0.62793	0.000477343
0.401367	0.62793	0.000721515
0.40332	0.62793	0.000931204
0.405273	0.62793	0.00110561
0.418945	0.62793	0.00127051
0.432617	0.625977	0.00125926
0.420898	0.62793	0.00113246
0.422852	0.62793	0.000951155
0.424805	0.62793	0.000725509
0.458008	0.598633	0.000873245
0.458008	0.600586	0.00159293
0.87207	0.700195	-0.000648893
0.881836	0.678711	-0.00175878
0.887695	0.62207	-0.001697
0.887695	0.540039	-0.00167448
0.875977	0.44043	-0.00156611
0.874023	0.430664	-0.00156873
0.864258	0.391602	-0.00155799
0.856445	0.368164	-0.00139618
0.833008	0.317383	-0.00113539
0.827148	0.307617	-0.00113402
0.823242	0.301758	-0.00104425
0.819336	0.295898	-0.00115035
0.813477	0.288086	-0.00108871
0.801758	0.274414	-0.000858137
0.786133	0.258789	-0.000819399
0.803711	0.276367	-0.00101462
0.78418	0.256836	-0.000967347
0.772461	0.24707	-0.00101124
0.758789	0.237305	-0.00098681
0.764648	0.241211	-0.00107587
0.75293	0.233398	-0.00110776
0.723633	0.217773	-0.00110891
0.743164	0.227539	-0.00119387
0.719727	0.21582	-0.00130586
0.709961	0.211914	-0.00118131
0.694336	0.206055	-0.00138502
0.674805	0.200195	-0.00143857
0.666992	0.198242	-0.00141728
0.637695	0.192383	-0.00142376
0.604492	0.188477	-0.00131881
0.415039	0.56543	0.000732435
0.624023	0.19043	-0.00140966
0.606445	0.188477	-0.00148386
0.473633	0.196289	-0.00124917
0.495117	0.192383	-0.00123911
0.483398	0.194336	-0.00127694
0.508789	0.19043	-0.00128565
0.52832	0.188477	-0.0012543
0.436523	0.206055	-0.00125507
0.430664	0.208008	-0.00124491
0.415039	0.213867	-0.00118894
0.526367	0.188477	-0.00141442
0.370117	0.237305	-0.000776136
0.364258	0.241211	-0.000757654
0.860352	0.524414	0.0011887
0.862305	0.538086	0.00120924
0.864258	0.553711	0.00126634
0.866211	0.573242	0.00128464
0.448242	0.584961	-0.00114916
0.397461	0.22168	-0.00112299
0.393555	0.223633	-0.00109116
0.389648	0.225586	-0.00112975
0.375977	0.233398	-0.00100008
0.856445	0.500977	0.00124463
0.854492	0.491211	0.00120763
0.850586	0.473633	0.00118438
0.848633	0.46582	0.00115086
0.868164	0.600586	0.00126805
0.852539	0.481445	0.00133653
0.84668	0.458008	0.00124223
0.348633	0.25293	-0.000742493
0.868164	0.598633	0.00138215
0.84082	0.438477	0.00112212
0.838867	0.432617	0.001079
0.842773	0.444336	0.00125171
0.836914	0.426758	0.0011251
0.823242	0.393555	0.000866641
0.817383	0.381836	0.00073676
0.831055	0.411133	0.00110407
0.825195	0.397461	0.00102602
0.319336	0.282227	-0.000624711
0.81543	0.37793	0.00081442
0.807617	0.364258	0.000752687
0.307617	0.297852	-0.000628577
0.795898	0.34668	0.000617024
0.303711	0.303711	-0.000683257
0.297852	0.313477	-0.000720399
0.450195	0.586914	-0.00082669
0.407227	0.55957	0.000531613
0.870117	0.655273	0.00144513
0.870117	0.657227	0.00142159
0.870117	0.65918	0.0013994
0.870117	0.661133	0.00137853
0.870117	0.663086	0.0013589
0.870117	0.665039	0.00134029
0.870117	0.666992	0.00132245
0.870117	0.668945	0.00130521
0.870117	0.670898	0.00128838
0.870117	0.672852	0.00127151
0.870117	0.674805	0.00125337
0.870117	0.676758	0.00123306
0.870117	0.678711	0.00121026
0.870117	0.680664	0.00118473
0.870117	0.682617	0.00115642
0.870117	0.68457	0.0011247
0.813477	0.374023	0.000954865
0.311523	0.291992	-0.000808541
0.790039	0.338867	0.000593485
0.77832	0.325195	0.000399624
0.780273	0.327148	0.000553091
0.762695	0.30957	0.000357418
0.288086	0.333008	-0.000770818
0.760742	0.307617	0.000502487
0.749023	0.297852	0.000527748
0.741211	0.291992	0.000582889
0.735352	0.288086	0.000491205
0.286133	0.336914	-0.00103498
0.729492	0.28418	0.000615163
0.71582	0.276367	0.000573291
0.704102	0.270508	0.000597068
0.276367	0.366211	-0.000815845
0.452148	0.588867	-0.00061968
0.758789	0.305664	0.000681191
0.719727	0.27832	0.00072268
0.280273	0.352539	-0.00104342
0.395508	0.549805	0.000422369
0.393555	0.547852	0.000298252
0.391602	0.545898	0.000221791
0.389648	0.543945	0.000193925
0.387695	0.541992	0.000215523
0.700195	0.268555	0.000759352
0.27832	0.358398	-0.00111245
0.686523	0.262695	0.000996529
0.680664	0.260742	0.000828106
0.674805	0.258789	0.000800696
0.272461	0.381836	-0.000992736
0.668945	0.256836	0.000911557
0.270508	0.393555	-0.000813939
0.645508	0.250977	0.000766031
0.635742	0.249023	0.000801341
0.28418	0.52832	-0.000435514
0.268555	0.407227	-0.000949555
0.495117	0.254883	0.000598885
0.272461	0.489258	-0.00068889
0.268555	0.463867	-0.000764537
0.385742	0.540039	0.000287252
0.383789	0.538086	0.00040953
0.270508	0.391602	-0.00112824
0.655273	0.25293	0.00105887
0.37207	0.522461	-2.29632e-05
0.43457	0.280273	0.000349776
0.46582	0.264648	0.000620285
0.280273	0.518555	-0.000742698
0.624023	0.24707	0.000877324
0.268555	0.405273	-0.00116466
0.27832	0.512695	-0.000791969
0.510742	0.250977	0.000718398
0.290039	0.541992	-0.000529145
0.375977	0.52832	0.000222778
0.368164	0.516602	7.16219e-05
0.448242	0.272461	0.000686207
0.452148	0.270508	0.000732482
0.444336	0.274414	0.000723417
0.475586	0.260742	0.00082473
0.481445	0.258789	0.000781033
0.416992	0.291992	0.000283477
0.424805	0.286133	0.00058404
0.487305	0.256836	0.000879995
0.274414	0.499023	-0.00091211
0.282227	0.524414	-0.000863881
0.405273	0.301758	1.16306e-05
0.407227	0.299805	0.000220167
0.288086	0.538086	-0.000646491
0.520508	0.249023	0.00075574
0.270508	0.479492	-0.000861485
0.291992	0.545898	-0.000507482
0.389648	0.317383	-0.000156862
0.293945	0.549805	-0.000583587
0.268555	0.46582	-0.000968199
0.299805	0.55957	-0.000381967
0.387695	0.319336	1.41134e-05
0.532227	0.24707	0.000837661
0.606445	0.245117	0.000841894
0.303711	0.56543	-0.000277989
0.379883	0.329102	-4.96902e-05
0.608398	0.245117	0.00101482
0.30957	0.573242	-6.22157e-05
0.385742	0.321289	0.000228328
0.549805	0.245117	0.000816118
0.547852	0.245117	0.000987233
0.307617	0.571289	-0.000457079
0.374023	0.336914	0.000224335
0.368164	0.34668	7.14892e-05
0.37793	0.331055	0.000362085
0.317383	0.583008	-0.000230096
0.319336	0.584961	-9.22827e-05
0.321289	0.586914	-2.91022e-06
0.370117	0.342773	0.000375588
0.323242	0.588867	3.73994e-05
0.325195	0.59082	2.8106e-05
0.356445	0.493164	0.000117341
0.327148	0.592773	-3.12784e-05
0.358398	0.366211	0.000224778
0.338867	0.602539	9.93714e-05
0.454102	0.59082	-0.000562332
0.370117	0.520508	0.000514983
0.364258	0.510742	0.000504738
0.362305	0.506836	0.000398684
0.360352	0.50293	0.000420432
0.358398	0.499023	0.00056926
0.329102	0.594727	-0.000141196
0.331055	0.59668	-0.000302054
0.354492	0.375977	0.00041606
0.350586	0.389648	0.000236863
0.354492	0.489258	0.000566148
0.356445	0.370117	0.00058907
0.34082	0.604492	-0.00029745
0.352539	0.483398	0.000533793
0.350586	0.475586	0.00023528
0.352539	0.381836	0.000463768
0.34668	0.608398	-0.000164148
0.350586	0.387695	0.000730958
0.348633	0.467773	0.000339793
0.348633	0.397461	0.000382088
0.352539	0.612305	-0.000386372
0.356445	0.614258	-0.000162346
0.360352	0.616211	-7.93713e-05
0.34668	0.456055	0.000265525
0.34668	0.40918	0.000323578
0.364258	0.618164	-0.000139596
0.34668	0.458008	0.00054121
0.34668	0.407227	0.000599747
0.374023	0.62207	-8.54334e-06
0.379883	0.624023	2.75628e-05
0.387695	0.625977	0.000229638
0.368164	0.620117	-0.000344721
0.344727	0.426758	0.000764047
0.344727	0.428711	0.000705898
0.344727	0.430664	0.0006696
0.344727	0.432617	0.000655229
0.344727	0.43457	0.000662843
0.344727	0.436523	0.000692468
0.344727	0.438477	0.00074411
0.385742	0.625977	-0.000244019
0.397461	0.62793	0.000199506
0.395508	0.62793	-0.000111274
0.393555	0.62793	-0.000454449
0.43457	0.625977	0.000781437
0.444336	0.62207	0.00111819
0.44043	0.624023	0.000854502
0.426758	0.62793	0.000454325
0.450195	0.618164	0.00152392
0.458008	0.59668	-3.09647e-05
0.436523	0.625977	0.000250359
0.428711	0.62793	0.000136393
0.448242	0.620117	0.000975917
0.456055	0.612305	0.00157661
0.458008	0.608398	0.0016159
0.458008	0.610352	0.00087864
0.459961	0.602539	0.000142616
0.459961	0.604492	0.000293414
0.885742	0.649414	-0.00181447
0.887695	0.624023	-0.00180554
0.887695	0.538086	-0.00177541
0.885742	0.510742	-0.00173198
0.883789	0.491211	-0.00172978
0.881836	0.475586	-0.00171345
0.879883	0.461914	-0.00174724
0.87793	0.450195	-0.00172889
0.870117	0.413086	-0.00164225
0.868164	0.405273	-0.00166449
0.87207	0.420898	-0.00174673
0.854492	0.362305	-0.00159519
0.850586	0.352539	-0.00155445
0.831055	0.313477	-0.00141286
0.422852	0.571289	0.00130469
0.805664	0.27832	-0.00120413
0.782227	0.254883	-0.00114916
0.74707	0.229492	-0.00143411
0.700195	0.208008	-0.00143311
0.71582	0.213867	-0.00157079
0.706055	0.209961	-0.00160431
0.688477	0.204102	-0.00145668
0.682617	0.202148	-0.00164451
0.65918	0.196289	-0.0015741
0.649414	0.194336	-0.00153031
0.416992	0.567383	0.00125116
0.625977	0.19043	-0.00166119
0.608398	0.188477	-0.00165734
0.442383	0.204102	-0.00137769
0.463867	0.198242	-0.00146934
0.456055	0.200195	-0.00145237
0.493164	0.192383	-0.00154373
0.424805	0.209961	-0.00135062
0.506836	0.19043	-0.00152941
0.401367	0.219727	-0.00122347
0.47168	0.196289	-0.00165527
0.481445	0.194336	-0.00163582
0.448242	0.202148	-0.00160955
0.524414	0.188477	-0.00158274
0.405273	0.217773	-0.00139119
0.385742	0.227539	-0.00123994
0.858398	0.510742	0.0014391
0.862305	0.536133	0.00146716
0.864258	0.551758	0.00148473
0.358398	0.245117	-0.000950141
0.860352	0.522461	0.00148347
0.866211	0.571289	0.00145705
0.868164	0.59668	0.00150013
0.40918	0.561523	0.000934145
0.561523	0.186523	-0.00172602
0.563477	0.186523	-0.00171128
0.56543	0.186523	-0.00170455
0.567383	0.186523	-0.00170584
0.569336	0.186523	-0.00171517
0.366211	0.239258	-0.0012819
0.856445	0.499023	0.00160822
0.866211	0.569336	0.0016339
0.854492	0.489258	0.00160223
0.350586	0.250977	-0.00103345
0.868164	0.594727	0.00162206
0.844727	0.450195	0.00146401
0.834961	0.420898	0.00126356
0.827148	0.401367	0.00124096
0.870117	0.647461	0.00155613
0.870117	0.649414	0.00152533
0.870117	0.651367	0.00149675
0.870117	0.65332	0.00147011
0.317383	0.28418	-0.000906286
0.833008	0.415039	0.00149796
0.870117	0.641602	0.00166363
0.870117	0.643555	0.00162509
0.870117	0.645508	0.00158931
0.811523	0.370117	0.0011595
0.805664	0.360352	0.00113152
0.801758	0.354492	0.00101358
0.299805	0.30957	-0.0009704
0.782227	0.329102	0.000738785
0.870117	0.639648	0.00170507
0.797852	0.348633	0.00108173
0.305664	0.299805	-0.00116425
0.791992	0.34082	0.00095244
0.78418	0.331055	0.000956419
0.756836	0.303711	0.00089349
0.291992	0.323242	-0.0013536
0.74707	0.295898	0.000891891
0.282227	0.34668	-0.00113223
0.397461	0.551758	0.000593101
0.739258	0.290039	0.00106433
0.28418	0.34082	-0.00138121
0.723633	0.280273	0.00095197
0.733398	0.286133	0.0010559
0.696289	0.266602	0.000996973
0.274414	0.37207	-0.00123803
0.401367	0.555664	0.0010691
0.399414	0.553711	0.000809173
0.727539	0.282227	0.00126171
0.276367	0.364258	-0.00133658
0.692383	0.264648	0.00130868
0.272461	0.379883	-0.00139381
0.676758	0.258789	0.0014132
0.663086	0.254883	0.00115788
0.647461	0.250977	0.00118037
0.381836	0.536133	0.000582637
0.270508	0.389648	-0.00145656
0.637695	0.249023	0.0011532
0.456055	0.268555	0.000860572
0.430664	0.282227	0.000701044
0.44043	0.276367	0.000845604
0.469727	0.262695	0.00101494
0.268555	0.40332	-0.00139364
0.276367	0.506836	-0.00100719
0.500977	0.25293	0.00101277
0.625977	0.24707	0.00115629
0.272461	0.491211	-0.00108384
0.286133	0.53418	-0.000857498
0.40918	0.297852	0.000469018
0.270508	0.481445	-0.0011812
0.295898	0.553711	-0.000759403
0.518555	0.249023	0.00110651
0.268555	0.467773	-0.00118601
0.530273	0.24707	0.00111512
0.610352	0.245117	0.00119938
0.379883	0.53418	0.000806808
0.459961	0.266602	0.00106868
0.418945	0.290039	0.000710157
0.493164	0.254883	0.00111785
0.508789	0.250977	0.001132
0.28418	0.530273	-0.00115992
0.374023	0.526367	0.000629466
0.62793	0.24707	0.001447
0.436523	0.27832	0.0010542
0.411133	0.295898	0.000757702
0.27832	0.514648	-0.00137744
0.274414	0.500977	-0.00138396
0.280273	0.520508	-0.00137895
0.516602	0.249023	0.00146933
0.268555	0.469727	-0.00141804
0.297852	0.557617	-0.00103661
0.612305	0.245117	0.00139553
0.301758	0.563477	-0.000826842
0.366211	0.514648	0.00073941
0.52832	0.24707	0.0014044
0.383789	0.323242	0.000485828
0.545898	0.245117	0.00116992
0.305664	0.569336	-0.000895839
0.543945	0.245117	0.00136424
0.266602	0.428711	-0.00145507
0.266602	0.430664	-0.00140694
0.266602	0.432617	-0.00137264
0.266602	0.43457	-0.00135216
0.266602	0.436523	-0.0013455
0.266602	0.438477	-0.00135268
0.266602	0.44043	-0.00137371
0.313477	0.579102	-0.000648382
0.31543	0.581055	-0.000415697
0.381836	0.325195	0.000786613
0.266602	0.426758	-0.00151702
0.266602	0.442383	-0.00140859
0.266602	0.444336	-0.00145731
0.266602	0.446289	-0.00151988
0.375977	0.333008	0.000817025
0.37207	0.338867	0.000790403
0.311523	0.577148	-0.000927448
0.364258	0.352539	0.000690912
0.362305	0.356445	0.000677033
0.366211	0.348633	0.00081606
0.360352	0.360352	0.000774482
0.333008	0.598633	-0.00051419
0.356445	0.495117	0.000843486
0.350586	0.477539	0.000742849
0.456055	0.592773	-0.000697046
0.368164	0.344727	0.00105222
0.358398	0.364258	0.000982851
0.334961	0.600586	-0.000777866
0.342773	0.606445	-0.00074659
0.354492	0.374023	0.00106305
0.354492	0.491211	0.00124105
0.352539	0.485352	0.00113594
0.352539	0.379883	0.00104467
0.350586	0.479492	0.00127251
0.350586	0.385742	0.00124552
0.348633	0.469727	0.000753112
0.348633	0.395508	0.000788604
0.348633	0.610352	-0.000749158
0.348633	0.47168	0.00118871
0.348633	0.393555	0.00121596
0.34668	0.459961	0.000839182
0.34668	0.405273	0.000897231
0.358398	0.616211	-0.000969739
0.362305	0.618164	-0.000972463
0.34668	0.461914	0.00115941
0.34668	0.40332	0.00121588
0.344727	0.420898	0.00106903
0.344727	0.422852	0.000945651
0.344727	0.424805	0.000843981
0.344727	0.44043	0.000817782
0.344727	0.442383	0.000913517
0.344727	0.444336	0.00103136
0.37207	0.62207	-0.000695965
0.37793	0.624023	-0.000569569
0.366211	0.620117	-0.00111856
0.344727	0.418945	0.0012141
0.344727	0.446289	0.00117132
0.344727	0.448242	0.00133339
0.383789	0.625977	-0.00074729
0.391602	0.62793	-0.000829473
0.442383	0.624023	0.000132004
0.430664	0.62793	-0.000229434
0.446289	0.62207	0.000240454
0.438477	0.625977	-0.000335532
0.452148	0.618164	0.000342498
0.405273	0.629883	-0.000843617
0.407227	0.629883	-0.000707795
0.40918	0.629883	-0.000608144
0.411133	0.629883	-0.000545433
0.413086	0.629883	-0.000520512
0.415039	0.629883	-0.000534265
0.416992	0.629883	-0.000587578
0.418945	0.629883	-0.00068132
0.454102	0.616211	0.000519654
0.432617	0.62793	-0.000644222
0.444336	0.624023	-0.000651613
0.450195	0.620117	-7.96291e-05
0.40332	0.629883	-0.0010149
0.420898	0.629883	-0.000816357
0.422852	0.629883	-0.000993646
0.456055	0.614258	0.000401042
0.458008	0.612305	-5.96668e-05
0.459961	0.598633	-0.000916161
0.459961	0.600586	-0.00027354
0.459961	0.606445	0.000159576
0.459961	0.608398	-0.000249954
0.87207	0.698242	0.00104684
0.428711	0.575195	0.00147106
0.883789	0.666992	-0.00192062
0.887695	0.625977	-0.00191975
0.887695	0.536133	-0.00188096
0.885742	0.508789	-0.00190393
0.866211	0.397461	-0.00181903
0.842773	0.334961	-0.00159637
0.84082	0.331055	-0.00156936
0.844727	0.338867	-0.00168465
0.838867	0.327148	-0.00160557
0.836914	0.323242	-0.00170702
0.825195	0.303711	-0.00159758
0.81543	0.290039	-0.00145682
0.807617	0.280273	-0.00142646
0.780273	0.25293	-0.00136476
0.770508	0.245117	-0.00137841
0.762695	0.239258	-0.00155887
0.756836	0.235352	-0.00155108
0.446289	0.583008	-0.00156017
0.668945	0.198242	-0.00188087
0.651367	0.194336	-0.00190281
0.639648	0.192383	-0.00173912
0.62793	0.19043	-0.0019216
0.610352	0.188477	-0.00183927
0.418945	0.211914	-0.00157552
0.491211	0.192383	-0.0018571
0.504883	0.19043	-0.00178166
0.40918	0.21582	-0.00162494
0.522461	0.188477	-0.00175928
0.381836	0.229492	-0.0014231
0.37207	0.235352	-0.00137979
0.553711	0.186523	-0.00186498
0.555664	0.186523	-0.00181825
0.557617	0.186523	-0.00177951
0.55957	0.186523	-0.00174877
0.571289	0.186523	-0.00173256
0.573242	0.186523	-0.001758
0.575195	0.186523	-0.00179148
0.577148	0.186523	-0.00183301
0.579102	0.186523	-0.00188258
0.864258	0.549805	0.00170794
0.862305	0.53418	0.0017302
0.860352	0.520508	0.0017837
0.858398	0.508789	0.00177314
0.360352	0.243164	-0.0013924
0.850586	0.47168	0.00163952
0.848633	0.463867	0.00163513
0.868164	0.592773	0.00174798
0.334961	0.264648	-0.0010802
0.333008	0.266602	-0.00105322
0.331055	0.268555	-0.00106216
0.411133	0.563477	0.00137227
0.520508	0.188477	-0.00194404
0.581055	0.186523	-0.00194025
0.37793	0.231445	-0.00168051
0.551758	0.186523	-0.00191971
0.866211	0.567383	0.00181522
0.852539	0.479492	0.0017638
0.352539	0.249023	-0.00135817
0.864258	0.547852	0.001936
0.84668	0.456055	0.00175637
0.868164	0.59082	0.00187797
0.84082	0.436523	0.00171791
0.338867	0.260742	-0.00124133
0.336914	0.262695	-0.00114297
0.842773	0.442383	0.00182181
0.34082	0.258789	-0.00137504
0.838867	0.430664	0.00170123
0.829102	0.405273	0.00151006
0.329102	0.270508	-0.00110714
0.870117	0.637695	0.00174946
0.327148	0.272461	-0.00118824
0.836914	0.424805	0.00177466
0.870117	0.635742	0.00179687
0.870117	0.631836	0.00190095
0.870117	0.633789	0.00184735
0.325195	0.274414	-0.00130552
0.31543	0.286133	-0.00122396
0.30957	0.293945	-0.00125354
0.823242	0.391602	0.00169233
0.821289	0.387695	0.00161345
0.819336	0.383789	0.00159354
0.817383	0.379883	0.00163407
0.80957	0.366211	0.00142968
0.301758	0.305664	-0.00130837
0.793945	0.342773	0.00134148
0.786133	0.333008	0.00120567
0.293945	0.319336	-0.00137699
0.290039	0.327148	-0.00141574
0.323242	0.276367	-0.00145899
0.803711	0.356445	0.00157914
0.295898	0.31543	-0.00148667
0.40332	0.557617	0.00137125
0.799805	0.350586	0.00157507
0.788086	0.334961	0.00148618
0.297852	0.311523	-0.00168329
0.754883	0.301758	0.00113931
0.288086	0.331055	-0.00156246
0.745117	0.293945	0.00128909
0.75293	0.299805	0.00141854
0.280273	0.350586	-0.00167209
0.717773	0.276367	0.00149802
0.713867	0.274414	0.00139659
0.709961	0.272461	0.00137363
0.27832	0.356445	-0.00169406
0.706055	0.270508	0.00142834
0.682617	0.260742	0.00148242
0.286133	0.334961	-0.0017927
0.737305	0.288086	0.00157814
0.282227	0.344727	-0.00180841
0.731445	0.28418	0.00165232
0.72168	0.27832	0.00167869
0.702148	0.268555	0.00155979
0.276367	0.362305	-0.00187157
0.698242	0.266602	0.00176686
0.274414	0.370117	-0.0017128
0.688477	0.262695	0.00169329
0.670898	0.256836	0.00148275
0.272461	0.37793	-0.00180904
0.665039	0.254883	0.00168838
0.657227	0.25293	0.00153688
0.270508	0.387695	-0.00179896
0.649414	0.250977	0.00160693
0.639648	0.249023	0.00151712
0.268555	0.401367	-0.00163645
0.37793	0.532227	0.00108218
0.463867	0.264648	0.00135517
0.426758	0.28418	0.00114253
0.473633	0.260742	0.00148405
0.479492	0.258789	0.00139705
0.485352	0.256836	0.00145336
0.420898	0.288086	0.00117428
0.276367	0.508789	-0.00154275
0.499023	0.25293	0.00149093
0.272461	0.493164	-0.00149352
0.282227	0.526367	-0.00155158
0.270508	0.483398	-0.00151541
0.413086	0.293945	0.00108571
0.506836	0.250977	0.00155792
0.288086	0.540039	-0.00146167
0.290039	0.543945	-0.00138269
0.291992	0.547852	-0.0013998
0.614258	0.245117	0.00160327
0.266602	0.424805	-0.00159278
0.268555	0.399414	-0.00189315
0.37207	0.524414	0.00108704
0.641602	0.249023	0.00189314
0.629883	0.24707	0.00174958
0.432617	0.280273	0.00135069
0.450195	0.270508	0.00157787
0.491211	0.254883	0.00164937
0.268555	0.47168	-0.00166432
0.375977	0.530273	0.00140876
0.446289	0.272461	0.00156484
0.454102	0.268555	0.00167312
0.467773	0.262695	0.00171832
0.286133	0.536133	-0.00163478
0.442383	0.274414	0.0016356
0.368164	0.518555	0.00110299
0.415039	0.291992	0.00145247
0.274414	0.50293	-0.00187098
0.270508	0.485352	-0.00186419
0.401367	0.303711	0.0011558
0.40332	0.301758	0.00130194
0.399414	0.305664	0.00105078
0.397461	0.307617	0.00098726
0.395508	0.30957	0.000965585
0.393555	0.311523	0.000986051
0.293945	0.551758	-0.00151505
0.616211	0.245117	0.00182256
0.514648	0.249023	0.0018444
0.391602	0.313477	0.00104892
0.389648	0.31543	0.00115442
0.526367	0.24707	0.00170562
0.268555	0.473633	-0.00192484
0.299805	0.561523	-0.00141681
0.541992	0.245117	0.0015702
0.266602	0.418945	-0.00190292
0.266602	0.420898	-0.00178572
0.266602	0.422852	-0.00168234
0.387695	0.317383	0.00130269
0.379883	0.327148	0.00113065
0.266602	0.448242	-0.00159632
0.266602	0.450195	-0.00168668
0.303711	0.567383	-0.00137763
0.266602	0.452148	-0.00179099
0.30957	0.575195	-0.00125216
0.540039	0.245117	0.00178779
0.266602	0.454102	-0.00190926
0.362305	0.508789	0.00129934
0.374023	0.334961	0.00131494
0.360352	0.504883	0.00127025
0.567383	0.243164	0.00174807
0.569336	0.243164	0.00169209
0.571289	0.243164	0.00164748
0.573242	0.243164	0.00161422
0.575195	0.243164	0.00159234
0.577148	0.243164	0.00158186
0.579102	0.243164	0.00158281
0.581055	0.243164	0.00159516
0.583008	0.243164	0.0016189
0.584961	0.243164	0.00165399
0.586914	0.243164	0.00170044
0.588867	0.243164	0.0017583
0.364258	0.512695	0.00145583
0.37793	0.329102	0.00151785
0.370117	0.34082	0.00139898
0.56543	0.243164	0.00181543
0.59082	0.243164	0.00182757
0.592773	0.243164	0.00190827
0.358398	0.500977	0.00136784
0.563477	0.243164	0.00189421
0.336914	0.602539	-0.00109328
0.356445	0.368164	0.00130151
0.344727	0.608398	-0.00124799
0.354492	0.614258	-0.0011085
0.370117	0.522461	0.00159506
0.321289	0.588867	-0.00135833
0.323242	0.59082	-0.00134292
0.364258	0.350586	0.00160192
0.325195	0.592773	-0.00137694
0.362305	0.354492	0.00154382
0.356445	0.49707	0.00159095
0.360352	0.358398	0.00159653
0.358398	0.362305	0.00175986
0.338867	0.604492	-0.00146056
0.354492	0.37207	0.00172973
0.352539	0.37793	0.00164563
0.352539	0.487305	0.00175994
0.350586	0.481445	0.00182422
0.350586	0.383789	0.00178045
0.348633	0.473633	0.00164655
0.350586	0.612305	-0.00138657
0.348633	0.391602	0.00166405
0.34668	0.463867	0.00150187
0.34668	0.401367	0.00155562
0.344727	0.416992	0.00138081
0.370117	0.62207	-0.00140939
0.375977	0.624023	-0.00119426
0.34668	0.46582	0.00186652
0.344727	0.450195	0.00151756
0.344727	0.415039	0.001569
0.344727	0.452148	0.00172385
0.344727	0.413086	0.00177856
0.381836	0.625977	-0.00127961
0.389648	0.62793	-0.00123562
0.458008	0.594727	-0.00107325
0.34668	0.399414	0.00191642
0.379883	0.625977	-0.00184045
0.387695	0.62793	-0.00167228
0.44043	0.625977	-0.000977617
0.397461	0.629883	-0.00173425
0.399414	0.629883	-0.00146097
0.401367	0.629883	-0.00122094
0.43457	0.62793	-0.00110916
0.448242	0.62207	-0.000703996
0.424805	0.629883	-0.00121418
0.426758	0.629883	-0.00147909
0.436523	0.62793	-0.00162558
0.446289	0.624023	-0.00149764
0.442383	0.625977	-0.00167709
0.428711	0.629883	-0.00178953
0.454102	0.618164	-0.000914035
0.452148	0.620117	-0.00120696
0.456055	0.616211	-0.000879823
0.458008	0.614258	-0.00114716
0.459961	0.610352	-0.00090185
0.461914	0.602539	-0.00179058
0.461914	0.604492	-0.00165869
0.461914	0.606445	-0.00177559
