0.887695	0.59668	-0.000823684
0.887695	0.598633	-0.000868914
0.887695	0.600586	-0.000920502
0.887695	0.602539	-0.000978922
0.887695	0.604492	-0.00104438
0.887695	0.606445	-0.00111676
0.887695	0.608398	-0.00119563
0.885742	0.612305	0.000577671
0.887695	0.610352	-0.00128043
0.885742	0.614258	0.000481323
0.887695	0.536133	-0.00185992
0.887695	0.612305	-0.00137079
0.887695	0.538086	-0.00175499
0.887695	0.540039	-0.00165508
0.885742	0.616211	0.000378816
0.887695	0.541992	-0.00156024
0.885742	0.508789	-0.00189354
0.887695	0.543945	-0.00147046
0.885742	0.510742	-0.00172089
0.887695	0.614258	-0.0014668
0.885742	0.618164	0.000269589
0.887695	0.545898	-0.00138561
0.883789	0.491211	-0.00173182
0.450195	0.588867	-4.23046e-05
0.887695	0.594727	-0.000784225
0.887695	0.547852	-0.00130551
0.887695	0.549805	-0.00122994
0.885742	0.512695	-0.00155284
0.887695	0.592773	-0.00075003
0.887695	0.551758	-0.00115882
0.887695	0.553711	-0.0010922
0.885742	0.514648	-0.00138933
0.883789	0.493164	-0.00151456
0.881836	0.475586	-0.00172076
0.879883	0.461914	-0.00175858
0.887695	0.616211	-0.00156892
0.885742	0.620117	0.000152923
0.887695	0.588867	-0.00069657
0.887695	0.59082	-0.000720822
0.887695	0.555664	-0.00103023
0.887695	0.557617	-0.000973031
0.885742	0.516602	-0.00123044
0.87793	0.450195	-0.00174305
0.887695	0.584961	-0.000663308
0.887695	0.586914	-0.000677369
0.887695	0.55957	-0.000920659
0.887695	0.561523	-0.000873094
0.887695	0.563477	-0.000830282
0.883789	0.495117	-0.00130195
0.881836	0.477539	-0.00146137
0.879883	0.463867	-0.00146019
0.885742	0.62207	2.70436e-05
0.887695	0.575195	-0.000669088
0.887695	0.577148	-0.000658049
0.887695	0.579102	-0.000651846
0.887695	0.581055	-0.000650602
0.887695	0.583008	-0.000654401
0.887695	0.571289	-0.000705001
0.887695	0.573242	-0.000684795
0.887695	0.56543	-0.000792159
0.887695	0.567383	-0.000758635
0.887695	0.569336	-0.00072961
0.885742	0.518555	-0.00107625
0.875977	0.44043	-0.00158289
0.87207	0.420898	-0.00177258
0.887695	0.618164	-0.0016777
0.885742	0.520508	-0.000926811
0.883789	0.49707	-0.00109402
0.881836	0.479492	-0.00120703
0.87793	0.452148	-0.00140913
0.874023	0.430664	-0.00159076
0.870117	0.413086	-0.00167183
0.866211	0.397461	-0.00185043
0.448242	0.586914	-3.00468e-05
0.883789	0.625977	0.00166775
0.885742	0.522461	-0.000782289
0.883789	0.499023	-0.000890874
0.879883	0.46582	-0.00116718
0.868164	0.405273	-0.00169504
0.885742	0.624023	-0.000112487
0.885742	0.524414	-0.000642941
0.881836	0.481445	-0.000957866
0.875977	0.442383	-0.00121845
0.87793	0.454102	-0.00108136
0.874023	0.432617	-0.00119289
0.87207	0.422852	-0.00134038
0.864258	0.391602	-0.00158794
0.444336	0.584961	0.00103649
0.883789	0.62793	0.00146573
0.885742	0.526367	-0.000508893
0.883789	0.500977	-0.000692556
0.879883	0.467773	-0.000879731
0.870117	0.415039	-0.00121118
0.887695	0.620117	-0.00179381
0.881836	0.483398	-0.000714019
0.875977	0.444336	-0.000860124
0.868164	0.407227	-0.00120403
0.866211	0.399414	-0.00132839
0.862305	0.385742	-0.0014098
0.854492	0.362305	-0.00162047
0.885742	0.625977	-0.000274678
0.883789	0.629883	0.00121362
0.885742	0.52832	-0.000380009
0.883789	0.50293	-0.000499173
0.87793	0.456055	-0.000759732
0.879883	0.469727	-0.000597975
0.874023	0.43457	-0.00080125
0.87207	0.424805	-0.000915155
0.860352	0.379883	-0.00131989
0.858398	0.374023	-0.00132321
0.856445	0.368164	-0.00142088
0.850586	0.352539	-0.00157976
0.844727	0.338867	-0.00171465
0.446289	0.584961	-0.000191834
0.885742	0.530273	-0.000255985
0.883789	0.504883	-0.000310884
0.881836	0.485352	-0.000475588
0.864258	0.393555	-0.0010407
0.842773	0.334961	-0.00162861
0.885742	0.532227	-0.000136571
0.879883	0.47168	-0.000321921
0.87793	0.458008	-0.000444084
0.875977	0.446289	-0.000507638
0.870117	0.416992	-0.00075716
0.868164	0.40918	-0.000720405
0.866211	0.401367	-0.000813661
0.852539	0.358398	-0.00120355
0.848633	0.348633	-0.00129444
0.84082	0.331055	-0.0016025
0.838867	0.327148	-0.00164017
0.442383	0.583008	0.000635792
0.885742	0.62793	-0.000472498
0.883789	0.631836	0.000903898
0.885742	0.53418	-2.17294e-05
0.883789	0.506836	-0.000127777
0.881836	0.487305	-0.000242592
0.874023	0.436523	-0.000416009
0.87207	0.426758	-0.000496799
0.862305	0.387695	-0.000836846
0.854492	0.364258	-0.000932474
0.887695	0.62207	-0.00191892
0.639648	0.192383	-0.00176333
0.610352	0.188477	-0.00186462
0.579102	0.186523	-0.0019063
0.577148	0.186523	-0.0018569
0.551758	0.186523	-0.00194387
0.575195	0.186523	-0.00181566
0.573242	0.186523	-0.00178252
0.553711	0.186523	-0.00188937
0.555664	0.186523	-0.0018428
0.557617	0.186523	-0.00180413
0.885742	0.536133	8.83952e-05
0.883789	0.508789	5.0218e-05
0.881836	0.489258	-1.49051e-05
0.87793	0.459961	-0.000134139
0.860352	0.381836	-0.000719455
0.858398	0.375977	-0.000694806
0.856445	0.370117	-0.000763554
0.84668	0.344727	-0.00106474
0.831055	0.313477	-0.00144928
0.682617	0.202148	-0.00166935
0.65918	0.196289	-0.00159868
0.649414	0.194336	-0.00155457
0.625977	0.19043	-0.00168684
0.608398	0.188477	-0.00168338
0.571289	0.186523	-0.00175738
0.522461	0.188477	-0.0017861
0.569336	0.186523	-0.00174013
0.567383	0.186523	-0.00173075
0.56543	0.186523	-0.00172932
0.55957	0.186523	-0.00177338
0.561523	0.186523	-0.00175063
0.563477	0.186523	-0.00173593
0.491211	0.192383	-0.00189735
0.504883	0.19043	-0.00181793
0.438477	0.581055	0.001205
0.885742	0.538086	0.000193619
0.885742	0.540039	0.000293811
0.879883	0.473633	-5.14356e-05
0.875977	0.448242	-0.000160878
0.870117	0.418945	-0.000309751
0.864258	0.395508	-0.00050129
0.850586	0.354492	-0.000838717
0.844727	0.34082	-0.000892935
0.833008	0.317383	-0.00117102
0.81543	0.290039	-0.00149265
0.71582	0.213867	-0.00160685
0.706055	0.209961	-0.00163599
0.700195	0.208008	-0.00146339
0.688477	0.204102	-0.00148279
0.694336	0.206055	-0.00141329
0.674805	0.200195	-0.00146378
0.666992	0.198242	-0.00144284
0.637695	0.192383	-0.00144969
0.624023	0.19043	-0.00143648
0.606445	0.188477	-0.00151047
0.604492	0.188477	-0.00134594
0.524414	0.188477	-0.00160937
0.866211	0.567383	0.00181946
0.868164	0.59082	0.00183546
0.868164	0.592773	0.00170246
0.885742	0.629883	-0.000718024
0.870117	0.629883	0.00189398
0.870117	0.631836	0.001834
0.883789	0.633789	0.000534763
0.885742	0.610352	0.000668337
0.885742	0.541992	0.000388907
0.883789	0.510742	0.00022333
0.881836	0.491211	0.000207715
0.874023	0.438477	-3.73268e-05
0.87207	0.428711	-8.50696e-05
0.868164	0.411133	-0.000244109
0.866211	0.40332	-0.000306149
0.862305	0.389648	-0.000271733
0.852539	0.360352	-0.000494605
0.842773	0.336914	-0.000782391
0.84082	0.333008	-0.000732036
0.834961	0.321289	-0.000963142
0.836914	0.325195	-0.000821202
0.827148	0.307617	-0.00116909
0.823242	0.301758	-0.00108037
0.819336	0.295898	-0.00118558
0.807617	0.280273	-0.00146356
0.762695	0.239258	-0.0015903
0.756836	0.235352	-0.00158234
0.74707	0.229492	-0.00146935
0.719727	0.21582	-0.00134492
0.657227	0.196289	-0.0011881
0.647461	0.194336	-0.00119316
0.444336	0.583008	-0.00051446
0.635742	0.192383	-0.00114483
0.62207	0.19043	-0.00119464
0.602539	0.188477	-0.00118982
0.481445	0.194336	-0.00167663
0.47168	0.196289	-0.00169561
0.506836	0.19043	-0.00156519
0.493164	0.192383	-0.00158402
0.526367	0.188477	-0.00144094
0.860352	0.520508	0.00179055
0.862305	0.53418	0.00175157
0.864258	0.549805	0.00173389
0.52832	0.188477	-0.00128076
0.858398	0.508789	0.00176888
0.866211	0.569336	0.00163567
0.868164	0.594727	0.00157365
0.864258	0.551758	0.00151032
0.868164	0.59668	0.0014492
0.870117	0.633789	0.00177631
0.870117	0.635742	0.00172095
0.881836	0.637695	0.0015195
0.885742	0.608398	0.000753415
0.885742	0.543945	0.000478925
0.883789	0.512695	0.000391797
0.879883	0.475586	0.000213731
0.87793	0.461914	0.000170379
0.875977	0.450195	0.000180095
0.848633	0.350586	-0.000530024
0.838867	0.329102	-0.000743634
0.829102	0.311523	-0.000778866
0.813477	0.288086	-0.00112451
0.805664	0.27832	-0.00124135
0.780273	0.25293	-0.00139963
0.770508	0.245117	-0.00141128
0.743164	0.227539	-0.00123232
0.723633	0.217773	-0.00114976
0.709961	0.211914	-0.00121655
0.680664	0.202148	-0.00113182
0.672852	0.200195	-0.000969733
0.665039	0.198242	-0.000991078
0.620117	0.19043	-0.000961428
0.600586	0.188477	-0.001042
0.598633	0.188477	-0.000902342
0.463867	0.198242	-0.00150995
0.448242	0.202148	-0.00164917
0.508789	0.19043	-0.00132089
0.483398	0.194336	-0.00131808
0.495117	0.192383	-0.00127937
0.456055	0.200195	-0.00149237
0.530273	0.188477	-0.00112881
0.866211	0.571289	0.00145604
0.44043	0.581055	0.000130869
0.473633	0.196289	-0.00129009
0.860352	0.522461	0.00149339
0.862305	0.536133	0.00149076
0.856445	0.499023	0.00159938
0.852539	0.479492	0.00176562
0.854492	0.489258	0.00159642
0.858398	0.510742	0.00143726
0.864258	0.553711	0.00129136
0.850586	0.47168	0.00164951
0.866211	0.573242	0.00128062
0.868164	0.598633	0.00132925
0.84668	0.456055	0.00178057
0.868164	0.600586	0.00121383
0.842773	0.442383	0.00185477
0.883789	0.635742	0.000109177
0.885742	0.606445	0.000832551
0.885742	0.545898	0.000563983
0.881836	0.493164	0.000425526
0.870117	0.420898	0.000130932
0.864258	0.397461	3.03762e-05
0.860352	0.383789	-0.000127556
0.854492	0.366211	-0.000253465
0.858398	0.37793	-7.46898e-05
0.856445	0.37207	-0.000115222
0.84668	0.34668	-0.000277479
0.803711	0.276367	-0.00105186
0.782227	0.254883	-0.00118506
0.764648	0.241211	-0.00110909
0.75293	0.233398	-0.0011412
0.739258	0.225586	-0.00107004
0.758789	0.237305	-0.00101948
0.735352	0.223633	-0.000982485
0.731445	0.22168	-0.000967605
0.727539	0.219727	-0.00102344
0.713867	0.213867	-0.000861081
0.704102	0.209961	-0.000955166
0.686523	0.204102	-0.000910711
0.698242	0.208008	-0.000819483
0.692383	0.206055	-0.000805399
0.655273	0.196289	-0.000786919
0.645508	0.194336	-0.00084107
0.633789	0.192383	-0.000848824
0.618164	0.19043	-0.00073691
0.59668	0.188477	-0.000770791
0.442383	0.204102	-0.00141748
0.510742	0.19043	-0.00108497
0.418945	0.211914	-0.00161485
0.532227	0.188477	-0.000985098
0.40918	0.21582	-0.00166479
0.49707	0.192383	-0.000983343
0.436523	0.206055	-0.00129503
0.512695	0.19043	-0.000857294
0.424805	0.209961	-0.00139008
0.53418	0.188477	-0.000849638
0.862305	0.538086	0.00123458
0.860352	0.524414	0.00120156
0.848633	0.463867	0.00165259
0.856445	0.500977	0.00123703
0.852539	0.481445	0.00133666
0.864258	0.555664	0.00107692
0.866211	0.575195	0.00110942
0.868164	0.602539	0.00110277
0.84082	0.436523	0.00175475
0.838867	0.430664	0.00174102
0.836914	0.424805	0.00181599
0.868164	0.604492	0.000995791
0.436523	0.579102	0.000620162
0.432617	0.577148	0.0010551
0.428711	0.575195	0.00147371
0.870117	0.637695	0.00166803
0.885742	0.604492	0.000905194
0.885742	0.547852	0.000644277
0.885742	0.549805	0.00072001
0.883789	0.514648	0.000555703
0.879883	0.477539	0.000473811
0.87793	0.463867	0.000469607
0.874023	0.44043	0.000334765
0.87207	0.430664	0.000320299
0.868164	0.413086	0.000225056
0.866211	0.405273	0.000194121
0.850586	0.356445	-0.00010746
0.831055	0.31543	-0.000457934
0.825195	0.305664	-0.000570109
0.817383	0.293945	-0.000738419
0.821289	0.299805	-0.000556145
0.811523	0.286133	-0.000787935
0.801758	0.274414	-0.000895814
0.78418	0.256836	-0.00100404
0.772461	0.24707	-0.00104556
0.749023	0.231445	-0.000778749
0.678711	0.202148	-0.00060449
0.663086	0.198242	-0.000549103
0.631836	0.192383	-0.000561738
0.643555	0.194336	-0.000498303
0.616211	0.19043	-0.000521029
0.594727	0.188477	-0.000647412
0.485352	0.194336	-0.00096839
0.46582	0.198242	-0.00106531
0.592773	0.188477	-0.000532305
0.450195	0.202148	-0.00112288
0.475586	0.196289	-0.000893689
0.458008	0.200195	-0.00100752
0.430664	0.208008	-0.00128459
0.405273	0.217773	-0.00143141
0.536133	0.188477	-0.000722409
0.858398	0.512695	0.00111145
0.885742	0.631836	-0.00101882
0.499023	0.192383	-0.000695761
0.514648	0.19043	-0.000637795
0.415039	0.213867	-0.00122858
0.538086	0.188477	-0.00060333
0.854492	0.491211	0.00120172
0.862305	0.540039	0.000983208
0.866211	0.577148	0.000942414
0.860352	0.526367	0.000914839
0.864258	0.557617	0.000866613
0.850586	0.473633	0.00119343
0.844727	0.450195	0.00149309
0.866211	0.579102	0.000779556
0.848633	0.46582	0.00116769
0.84668	0.458008	0.00126586
0.868164	0.606445	0.000892704
0.868164	0.608398	0.000793551
0.842773	0.444336	0.0012845
0.833008	0.415039	0.00153919
0.868164	0.610352	0.000698546
0.881836	0.639648	0.000989527
0.870117	0.639648	0.00161734
0.885742	0.602539	0.000970899
0.885742	0.551758	0.000791282
0.885742	0.553711	0.000858034
0.883789	0.516602	0.000714974
0.881836	0.495117	0.00063866
0.875977	0.452148	0.000515091
0.862305	0.391602	0.000285594
0.844727	0.342773	-8.14466e-05
0.833008	0.319336	-0.000207108
0.799805	0.272461	-0.000773127
0.786133	0.258789	-0.000856522
0.797852	0.270508	-0.000683628
0.788086	0.260742	-0.000742906
0.774414	0.249023	-0.000712567
0.766602	0.243164	-0.000659399
0.717773	0.21582	-0.000571577
0.708008	0.211914	-0.000509091
0.670898	0.200195	-0.000485945
0.68457	0.204102	-0.000349155
0.65332	0.196289	-0.000395227
0.629883	0.192383	-0.000283638
0.614258	0.19043	-0.000313639
0.59082	0.188477	-0.000425541
0.588867	0.188477	-0.000327105
0.487305	0.194336	-0.000627439
0.444336	0.204102	-0.000858512
0.401367	0.219727	-0.00126371
0.540039	0.188477	-0.000492292
0.381836	0.229492	-0.00146365
0.467773	0.198242	-0.000629957
0.516602	0.19043	-0.000426552
0.420898	0.211914	-0.000917613
0.397461	0.22168	-0.0011633
0.541992	0.188477	-0.000389215
0.393555	0.223633	-0.00113172
0.385742	0.227539	-0.00128051
0.856445	0.50293	0.000880884
0.389648	0.225586	-0.0011703
0.858398	0.514648	0.000791151
0.862305	0.541992	0.000736731
0.37207	0.235352	-0.00142024
0.852539	0.483398	0.000914279
0.854492	0.493164	0.000813049
0.860352	0.52832	0.0006331
0.864258	0.55957	0.000660272
0.866211	0.581055	0.000620867
0.84082	0.438477	0.00115872
0.834961	0.420898	0.00130586
0.829102	0.405273	0.00154852
0.823242	0.391602	0.00172498
0.868164	0.612305	0.000607841
0.844727	0.452148	0.000954742
0.838867	0.432617	0.00111876
0.836914	0.426758	0.00116687
0.821289	0.387695	0.00164502
0.819336	0.383789	0.00162424
0.817383	0.379883	0.00166425
0.868164	0.614258	0.000521328
0.27832	0.356445	-0.00172758
0.274414	0.370117	-0.00174274
0.272461	0.37793	-0.00183702
0.270508	0.387695	-0.00182602
0.268555	0.399414	-0.00191874
0.266602	0.418945	-0.00192995
0.883789	0.637695	-0.000366701
0.266602	0.420898	-0.00181407
0.870117	0.641602	0.00156781
0.885742	0.598633	0.0010813
0.885742	0.600586	0.00102953
0.885742	0.555664	0.000920133
0.885742	0.557617	0.000977449
0.883789	0.518555	0.000869531
0.879883	0.479492	0.000728835
0.87793	0.46582	0.000763457
0.874023	0.442383	0.0007004
0.870117	0.422852	0.000564713
0.860352	0.385742	0.000455961
0.852539	0.362305	0.000205491
0.848633	0.352539	0.000224806
0.842773	0.338867	5.40539e-05
0.84082	0.334961	0.00012851
0.834961	0.323242	-2.57261e-05
0.827148	0.30957	-0.000134621
0.836914	0.327148	9.10975e-05
0.81543	0.291992	-0.000322089
0.80957	0.28418	-0.000483803
0.795898	0.268555	-0.000627701
0.790039	0.262695	-0.000663395
0.793945	0.266602	-0.000605745
0.791992	0.264648	-0.000617712
0.760742	0.239258	-0.000487911
0.754883	0.235352	-0.000529046
0.745117	0.229492	-0.000494915
0.741211	0.227539	-0.000287081
0.72168	0.217773	-0.000348725
0.702148	0.209961	-0.000285264
0.696289	0.208008	-0.000186272
0.69043	0.206055	-0.000208216
0.661133	0.198242	-0.000116982
0.641602	0.194336	-0.000164795
0.612305	0.19043	-0.000114643
0.586914	0.188477	-0.000236914
0.477539	0.196289	-0.000506339
0.459961	0.200195	-0.000532222
0.452148	0.202148	-0.000606362
0.500977	0.192383	-0.00041656
0.438477	0.206055	-0.00070272
0.584961	0.188477	-0.00015486
0.426758	0.209961	-0.000728625
0.411133	0.21582	-0.000904742
0.432617	0.208008	-0.000658188
0.543945	0.188477	-0.000294086
0.489258	0.194336	-0.000295183
0.583008	0.188477	-8.08643e-05
0.518555	0.19043	-0.00022368
0.545898	0.188477	-0.000206962
0.547852	0.188477	-0.000127922
0.366211	0.239258	-0.00132218
0.360352	0.243164	-0.00143245
0.862305	0.543945	0.000495172
0.866211	0.583008	0.000466385
0.375977	0.233398	-0.00104059
0.856445	0.504883	0.000530497
0.858398	0.516602	0.000476247
0.864258	0.561523	0.000458099
0.850586	0.475586	0.000743752
0.860352	0.530273	0.000356566
0.352539	0.249023	-0.00139706
0.848633	0.467773	0.000689456
0.84668	0.459961	0.000758106
0.866211	0.584961	0.000316136
0.831055	0.411133	0.00114468
0.827148	0.401367	0.00127791
0.868164	0.616211	0.000438615
0.868164	0.618164	0.000359249
0.852539	0.485352	0.000498365
0.842773	0.446289	0.000721658
0.825195	0.397461	0.00106134
0.868164	0.620117	0.000283012
0.80957	0.366211	0.00146472
0.803711	0.356445	0.00162771
0.295898	0.31543	-0.0015311
0.288086	0.331055	-0.00160373
0.280273	0.350586	-0.00170728
0.430664	0.575195	0.000437246
0.426758	0.573242	0.000859487
0.290039	0.327148	-0.00145815
0.28418	0.34082	-0.00142076
0.422852	0.571289	0.00130702
0.276367	0.364258	-0.00136958
0.272461	0.379883	-0.00142335
0.270508	0.389648	-0.00148498
0.268555	0.401367	-0.00166295
0.665039	0.254883	0.00173079
0.268555	0.40332	-0.0014209
0.266602	0.422852	-0.00171201
0.629883	0.24707	0.00178556
0.266602	0.424805	-0.00162379
0.270508	0.485352	-0.00190099
0.616211	0.245117	0.0018582
0.266602	0.452148	-0.00182887
0.592773	0.243164	0.00194382
0.266602	0.426758	-0.00154939
0.266602	0.428711	-0.00148876
0.268555	0.47168	-0.00170224
0.614258	0.245117	0.00163997
0.266602	0.450195	-0.00172485
0.266602	0.448242	-0.00163475
0.59082	0.243164	0.00186358
0.266602	0.446289	-0.00155849
0.540039	0.245117	0.00182039
0.588867	0.243164	0.00179462
0.586914	0.243164	0.00173694
0.563477	0.243164	0.00192752
0.56543	0.243164	0.00184925
0.584961	0.243164	0.00169057
0.567383	0.243164	0.00178236
0.569336	0.243164	0.00172683
0.881836	0.641602	0.000420606
0.879883	0.643555	0.00165166
0.870117	0.643555	0.00151732
0.885742	0.59668	0.00112668
0.885742	0.55957	0.00102992
0.885742	0.561523	0.00107758
0.881836	0.49707	0.000847085
0.875977	0.454102	0.000843919
0.87207	0.432617	0.000719456
0.868164	0.415039	0.000687335
0.864258	0.399414	0.000554462
0.866211	0.407227	0.000687046
0.858398	0.379883	0.000537029
0.854492	0.368164	0.00041636
0.856445	0.374023	0.000524413
0.838867	0.331055	0.000142342
0.823242	0.303711	-2.3231e-07
0.819336	0.297852	-6.08025e-05
0.807617	0.282227	-0.000212098
0.776367	0.250977	-0.000412405
0.768555	0.245117	-0.000241803
0.442383	0.581055	-0.000964409
0.750977	0.233398	-0.000117719
0.737305	0.225586	-0.000154281
0.733398	0.223633	-9.59757e-05
0.729492	0.22168	-0.000109544
0.725586	0.219727	-0.000193962
0.711914	0.213867	-0.000126443
0.676758	0.202148	-8.7269e-05
0.668945	0.200195	-1.22012e-05
0.651367	0.196289	-1.30005e-05
0.62793	0.192383	-1.45141e-05
0.438477	0.579102	-0.000433679
0.639648	0.194336	0.000159562
0.610352	0.19043	7.59671e-05
0.469727	0.198242	-0.000203879
0.581055	0.188477	-1.49149e-05
0.50293	0.192383	-0.00014576
0.446289	0.204102	-0.000309546
0.579102	0.188477	4.2939e-05
0.407227	0.217773	-0.000644722
0.549805	0.188477	-5.70176e-05
0.43457	0.577148	1.56962e-05
0.479492	0.196289	-0.000128017
0.520508	0.19043	-2.92529e-05
0.416992	0.213867	-0.000505599
0.577148	0.188477	9.26267e-05
0.575195	0.188477	0.000134115
0.551758	0.188477	5.76594e-06
0.553711	0.188477	6.04944e-05
0.854492	0.495117	0.000430163
0.862305	0.545898	0.000258245
0.864258	0.563477	0.000260404
0.573242	0.188477	0.000167452
0.379883	0.231445	-0.000737246
0.555664	0.188477	0.000107243
0.557617	0.188477	0.000146056
0.370117	0.237305	-0.00081671
0.856445	0.506836	0.000185862
0.858398	0.518555	0.000166914
0.358398	0.245117	-0.000990202
0.866211	0.586914	0.000170135
0.860352	0.532227	8.53143e-05
0.850586	0.477539	0.000300239
0.864258	0.56543	6.73115e-05
0.350586	0.250977	-0.0010723
0.34082	0.258789	-0.00141241
0.338867	0.260742	-0.00127914
0.84082	0.44043	0.000570292
0.833008	0.416992	0.000842232
0.868164	0.62207	0.000209962
0.868164	0.624023	0.00014013
0.866211	0.588867	2.8378e-05
0.844727	0.454102	0.000423419
0.838867	0.43457	0.000504258
0.834961	0.422852	0.000637262
0.829102	0.407227	0.000800715
0.325195	0.274414	-0.00135266
0.823242	0.393555	0.000900565
0.811523	0.370117	0.00119142
0.868164	0.625977	7.32269e-05
0.31543	0.286133	-0.00127417
0.30957	0.293945	-0.0013024
0.813477	0.374023	0.000985694
0.301758	0.305664	-0.00135459
0.805664	0.360352	0.00117539
0.305664	0.299805	-0.00121172
0.293945	0.319336	-0.00142117
0.793945	0.342773	0.00140077
0.291992	0.323242	-0.00139699
0.868164	0.62793	8.75658e-06
0.286133	0.336914	-0.00107705
0.282227	0.34668	-0.00117078
0.280273	0.352539	-0.00108079
0.27832	0.358398	-0.00114809
0.274414	0.37207	-0.00126961
0.717773	0.276367	0.00154111
0.702148	0.268555	0.00159731
0.688477	0.262695	0.00172701
0.649414	0.250977	0.00164566
0.416992	0.567383	0.00125451
0.713867	0.274414	0.00143913
0.706055	0.270508	0.00146785
0.272461	0.381836	-0.00102361
0.682617	0.260742	0.00151984
0.676758	0.258789	0.00145462
0.670898	0.256836	0.00152618
0.270508	0.391602	-0.00115773
0.657227	0.25293	0.00157829
0.268555	0.405273	-0.00119267
0.639648	0.249023	0.00155483
0.62793	0.24707	0.00148442
0.270508	0.483398	-0.0015533
0.266602	0.430664	-0.00144183
0.514648	0.249023	0.00188515
0.266602	0.432617	-0.00140858
0.268555	0.469727	-0.00145659
0.612305	0.245117	0.00143316
0.266602	0.43457	-0.00138899
0.266602	0.436523	-0.00138306
0.266602	0.444336	-0.00149598
0.526367	0.24707	0.0017397
0.266602	0.442383	-0.00144721
0.266602	0.44043	-0.00141215
0.583008	0.243164	0.00165552
0.571289	0.243164	0.00168265
0.272461	0.493164	-0.00153065
0.276367	0.508789	-0.00157889
0.491211	0.254883	0.00169526
0.506836	0.250977	0.00160358
0.266602	0.438477	-0.00139078
0.516602	0.249023	0.00150999
0.541992	0.245117	0.00160369
0.581055	0.243164	0.0016318
0.579102	0.243164	0.00161939
0.573242	0.243164	0.00164984
0.52832	0.24707	0.00143864
0.543945	0.245117	0.00139855
0.577148	0.243164	0.00161825
0.575195	0.243164	0.00162839
0.885742	0.594727	0.00116626
0.885742	0.592773	0.00120056
0.885742	0.59082	0.00122985
0.885742	0.563477	0.00112048
0.885742	0.56543	0.00115866
0.885742	0.567383	0.00119223
0.883789	0.520508	0.00101932
0.881836	0.499023	0.00105071
0.879883	0.481445	0.000978659
0.84668	0.348633	0.000500327
0.850586	0.358398	0.000614222
0.829102	0.313477	0.000228714
0.813477	0.290039	6.35839e-05
0.805664	0.280273	2.75274e-05
0.77832	0.25293	-0.000145616
0.762695	0.241211	1.21503e-05
0.756836	0.237305	5.28522e-05
0.71582	0.21582	0.000190686
0.706055	0.211914	0.000187425
0.682617	0.204102	0.000202074
0.65918	0.198242	0.000305443
0.625977	0.192383	0.000245775
0.649414	0.196289	0.000359794
0.608398	0.19043	0.000258177
0.491211	0.194336	2.8364e-05
0.461914	0.200195	-6.64404e-05
0.454102	0.202148	-9.95718e-05
0.44043	0.206055	-0.000120509
0.504883	0.192383	0.000116606
0.422852	0.211914	-0.000231061
0.522461	0.19043	0.000156707
0.40332	0.219727	-0.000449984
0.571289	0.188477	0.000192755
0.55957	0.188477	0.00017691
0.43457	0.208008	-4.21195e-05
0.428711	0.209961	-7.76879e-05
0.569336	0.188477	0.00021013
0.413086	0.21582	-0.000155602
0.399414	0.22168	-0.000322063
0.567383	0.188477	0.00021959
0.383789	0.229492	-0.000509028
0.56543	0.188477	0.000221063
0.563477	0.188477	0.000214459
0.561523	0.188477	0.000199734
0.364258	0.241211	-0.000798173
0.862305	0.547852	2.55437e-05
0.387695	0.227539	-0.000354659
0.852539	0.487305	8.9039e-05
0.854492	0.49707	5.33633e-05
0.848633	0.469727	0.000217867
0.858398	0.520508	-0.000136772
0.84668	0.461914	0.000257215
0.864258	0.567383	-0.000121289
0.336914	0.262695	-0.00118159
0.866211	0.59082	-0.000109169
0.836914	0.428711	0.000525689
0.334961	0.264648	-0.00111996
0.327148	0.272461	-0.00123416
0.333008	0.266602	-0.00109439
0.331055	0.268555	-0.00110495
0.329102	0.270508	-0.00115157
0.821289	0.389648	0.000797062
0.819336	0.385742	0.00075229
0.868164	0.629883	-5.35266e-05
0.348633	0.25293	-0.000781366
0.842773	0.448242	0.0001662
0.831055	0.413086	0.000426887
0.827148	0.40332	0.000508318
0.817383	0.381836	0.000767853
0.81543	0.37793	0.000845223
0.317383	0.28418	-0.00095721
0.311523	0.291992	-0.000859024
0.807617	0.364258	0.000791359
0.801758	0.354492	0.00106552
0.797852	0.348633	0.00113876
0.299805	0.30957	-0.00101739
0.786133	0.333008	0.00126477
0.868164	0.631836	-0.00011356
0.868164	0.633789	-0.000171299
0.297852	0.313477	-0.000767695
0.791992	0.34082	0.00101265
0.288086	0.333008	-0.000814699
0.75293	0.299805	0.00146516
0.28418	0.342773	-0.000713104
0.745117	0.293945	0.0013354
0.727539	0.282227	0.00130698
0.276367	0.366211	-0.000850441
0.709961	0.272461	0.00141486
0.692383	0.264648	0.00134429
0.420898	0.569336	0.000728209
0.274414	0.374023	-0.00081046
0.411133	0.563477	0.00137626
0.696289	0.266602	0.00103489
0.686523	0.262695	0.0010341
0.270508	0.393555	-0.000844301
0.663086	0.254883	0.00120274
0.647461	0.250977	0.00122082
0.668945	0.256836	0.000958123
0.268555	0.407227	-0.000978299
0.655273	0.25293	0.00110207
0.268555	0.40918	-0.000777804
0.637695	0.249023	0.00119247
0.625977	0.24707	0.00119493
0.274414	0.500977	-0.00142063
0.282227	0.526367	-0.00158727
0.27832	0.514648	-0.00141341
0.286133	0.536133	-0.00167029
0.280273	0.520508	-0.00141477
0.270508	0.481445	-0.00121977
0.268555	0.467773	-0.00122521
0.467773	0.262695	0.00176229
0.610352	0.245117	0.00123783
0.499023	0.25293	0.00153776
0.454102	0.268555	0.00171613
0.485352	0.256836	0.00149844
0.473633	0.260742	0.00152836
0.624023	0.24707	0.000917139
0.288086	0.540039	-0.00149706
0.272461	0.491211	-0.00112169
0.268555	0.46582	-0.00100799
0.479492	0.258789	0.00144152
0.450195	0.270508	0.00162072
0.608398	0.245117	0.00105403
0.446289	0.272461	0.00160739
0.442383	0.274414	0.00167768
0.508789	0.250977	0.00117777
0.606445	0.245117	0.000881776
0.518555	0.249023	0.00114649
0.530273	0.24707	0.00114962
0.545898	0.245117	0.00120492
0.547852	0.245117	0.00102279
0.879883	0.645508	0.000956476
0.870117	0.645508	0.00146
0.885742	0.586914	0.00127345
0.885742	0.588867	0.00125418
0.885742	0.583008	0.00129651
0.885742	0.584961	0.00128756
0.885742	0.573242	0.00126615
0.885742	0.575195	0.00128187
0.885742	0.577148	0.00129291
0.885742	0.579102	0.00129911
0.885742	0.581055	0.00130033
0.885742	0.569336	0.00122129
0.885742	0.571289	0.00124592
0.883789	0.522461	0.00116417
0.87793	0.467773	0.00105172
0.874023	0.444336	0.00105984
0.870117	0.424805	0.000991489
0.862305	0.393555	0.000835102
0.844727	0.344727	0.000719916
0.831055	0.317383	0.000522916
0.825195	0.307617	0.000481981
0.780273	0.254883	8.7363e-05
0.770508	0.24707	0.000142893
0.74707	0.231445	0.000214371
0.700195	0.209961	0.000373741
0.688477	0.206055	0.000378278
0.885742	0.633789	-0.00137725
0.719727	0.217773	0.000441053
0.694336	0.208008	0.000436276
0.674805	0.202148	0.000419969
0.666992	0.200195	0.000451812
0.637695	0.194336	0.000474917
0.624023	0.192383	0.000497433
0.606445	0.19043	0.000431984
0.47168	0.198242	0.000212919
0.481445	0.196289	0.000241279
0.524414	0.19043	0.000334233
0.493164	0.194336	0.000343174
0.506836	0.192383	0.000370502
0.395508	0.223633	-0.000262598
0.391602	0.225586	-0.000272995
0.604492	0.19043	0.000597337
0.448242	0.204102	0.000229454
0.526367	0.19043	0.000503399
0.374023	0.235352	-0.00038929
0.860352	0.53418	-0.000180917
0.856445	0.508789	-0.000152889
0.862305	0.549805	-0.000203028
0.356445	0.24707	-0.000580283
0.368164	0.239258	-0.000243352
0.850586	0.479492	-0.000136985
0.864258	0.569336	-0.00030559
0.866211	0.592773	-0.000242542
0.362305	0.243164	-0.00030549
0.854492	0.499023	-0.000316974
0.866211	0.594727	-0.000371702
0.34668	0.254883	-0.000524538
0.844727	0.456055	-0.000100737
0.84082	0.442383	-1.03655e-05
0.833008	0.418945	0.00015375
0.862305	0.551758	-0.000427228
0.834961	0.424805	-2.30784e-05
0.829102	0.40918	6.16999e-05
0.825195	0.399414	0.00026927
0.319336	0.282227	-0.000675948
0.307617	0.297852	-0.00067803
0.80957	0.368164	0.000475941
0.303711	0.303711	-0.000731454
0.803711	0.358398	0.000570446
0.795898	0.34668	0.000675821
0.295898	0.317383	-0.00060523
0.78418	0.331055	0.00101503
0.293945	0.321289	-0.000529366
0.291992	0.325195	-0.000539432
0.290039	0.329102	-0.000634945
0.754883	0.301758	0.00118711
0.739258	0.290039	0.00111069
0.428711	0.573242	-0.000180286
0.424805	0.571289	0.000255134
0.868164	0.635742	-0.000226728
0.868164	0.637695	-0.000279726
0.883789	0.639648	-0.000885783
0.799805	0.352539	0.000530349
0.790039	0.338867	0.00065423
0.782227	0.329102	0.000796571
0.756836	0.303711	0.000942286
0.733398	0.286133	0.00110185
0.282227	0.348633	-0.000510689
0.74707	0.295898	0.000939514
0.280273	0.354492	-0.000468082
0.27832	0.360352	-0.000582397
0.723633	0.280273	0.00099798
0.719727	0.27832	0.0007691
0.272461	0.383789	-0.000637851
0.700195	0.268555	0.000799731
0.680664	0.260742	0.000869617
0.674805	0.258789	0.000845875
0.415039	0.56543	0.000736488
0.276367	0.368164	-0.000345251
0.274414	0.375977	-0.000365295
0.704102	0.270508	0.000639373
0.69043	0.264648	0.000620492
0.270508	0.395508	-0.000544731
0.661133	0.254883	0.000686713
0.65332	0.25293	0.000637901
0.645508	0.250977	0.000808013
0.268555	0.411133	-0.000591178
0.635742	0.249023	0.000841982
0.268555	0.413086	-0.000418462
0.276367	0.506836	-0.00104386
0.28418	0.530273	-0.00119608
0.274414	0.499023	-0.00094921
0.290039	0.543945	-0.0014177
0.293945	0.551758	-0.0015491
0.291992	0.547852	-0.00143442
0.270508	0.479492	-0.00090055
0.463867	0.264648	0.00139958
0.40918	0.561523	0.000938805
0.268555	0.463867	-0.000804808
0.493164	0.254883	0.00116462
0.40332	0.557617	0.00137667
0.62207	0.24707	0.000651019
0.272461	0.489258	-0.000727151
0.500977	0.25293	0.00106019
0.604492	0.245117	0.000721014
0.532227	0.24707	0.000872633
0.868164	0.639648	-0.000330497
0.633789	0.249023	0.00050334
0.282227	0.524414	-0.000900374
0.27832	0.512695	-0.000828589
0.299805	0.561523	-0.00145089
0.270508	0.477539	-0.000595841
0.469727	0.262695	0.0010598
0.459961	0.266602	0.00111309
0.268555	0.461914	-0.000615713
0.487305	0.256836	0.000926
0.432617	0.280273	0.00139255
0.520508	0.249023	0.000794847
0.268555	0.459961	-0.000440776
0.510742	0.250977	0.000763662
0.602539	0.245117	0.000571713
0.415039	0.291992	0.00149313
0.549805	0.245117	0.000852187
0.53418	0.24707	0.00060753
0.551758	0.245117	0.000693085
0.553711	0.245117	0.000545471
0.868164	0.641602	-0.000380072
0.881836	0.643555	-0.00019109
0.364258	0.350586	0.0016408
0.360352	0.358398	0.00163401
0.354492	0.37207	0.00176248
0.352539	0.37793	0.00167713
0.350586	0.383789	0.00180914
0.348633	0.391602	0.00169066
0.352539	0.487305	0.00177792
0.350586	0.481445	0.00184297
0.34668	0.401367	0.00157999
0.348633	0.473633	0.00166659
0.34668	0.46582	0.00188741
0.344727	0.413086	0.00179983
0.344727	0.452148	0.00174698
0.344727	0.415039	0.00159088
0.344727	0.450195	0.00154143
0.452148	0.59082	-0.000221729
0.883789	0.524414	0.00130385
0.881836	0.500977	0.00124948
0.879883	0.483398	0.00122314
0.875977	0.456055	0.00116654
0.87207	0.43457	0.00111237
0.868164	0.416992	0.00114292
0.864258	0.401367	0.00107116
0.860352	0.387695	0.00103135
0.852539	0.364258	0.000896796
0.842773	0.34082	0.000880477
0.817383	0.295898	0.000404349
0.833008	0.321289	0.000746161
0.821289	0.301758	0.00054096
0.811523	0.288086	0.000418103
0.803711	0.27832	0.000234701
0.801758	0.276367	0.000408525
0.782227	0.256836	0.000286457
0.764648	0.243164	0.000480549
0.75293	0.235352	0.000513167
0.743164	0.229492	0.000468323
0.723633	0.219727	0.000623922
0.709961	0.213867	0.00059688
0.680664	0.204102	0.000742912
0.657227	0.198242	0.00071831
0.647461	0.196289	0.000723186
0.635742	0.194336	0.00078134
0.62207	0.192383	0.000740486
0.602539	0.19043	0.00075421
0.463867	0.200195	0.000389845
0.456055	0.202148	0.000397483
0.418945	0.213867	0.000206574
0.40918	0.217773	0.000130971
0.432617	0.575195	-0.000599165
0.483398	0.196289	0.000601536
0.473633	0.198242	0.000620418
0.442383	0.206055	0.000451601
0.508789	0.192383	0.000615895
0.495117	0.194336	0.000649219
0.424805	0.211914	0.000444841
0.52832	0.19043	0.000664261
0.37793	0.233398	-3.90086e-05
0.852539	0.489258	-0.000313641
0.858398	0.522461	-0.000434891
0.860352	0.536133	-0.000442455
0.405273	0.219727	0.000352667
0.856445	0.510742	-0.000485666
0.848633	0.47168	-0.000246887
0.864258	0.571289	-0.000485694
0.84668	0.463867	-0.000236667
0.866211	0.59668	-0.000496496
0.862305	0.553711	-0.000646785
0.354492	0.249023	-0.00020323
0.344727	0.256836	-0.000302146
0.838867	0.436523	-0.000102331
0.836914	0.430664	-0.000107403
0.866211	0.598633	-0.000616759
0.823242	0.395508	8.55033e-05
0.864258	0.573242	-0.00066156
0.842773	0.450195	-0.000381695
0.831055	0.415039	-0.000282116
0.321289	0.280273	-0.000430579
0.821289	0.391602	-4.14291e-05
0.313477	0.290039	-0.000450749
0.811523	0.37207	0.00022906
0.819336	0.387695	-0.000110065
0.81543	0.379883	-6.62004e-05
0.813477	0.375977	4.91878e-05
0.30957	0.295898	-0.00017903
0.805664	0.362305	0.000144022
0.301758	0.307617	-0.000339813
0.780273	0.327148	0.00061009
0.286133	0.338867	-0.000335515
0.758789	0.305664	0.000730857
0.458008	0.59668	-0.00165877
0.305664	0.301758	-0.000142222
0.793945	0.344727	0.000241611
0.788086	0.336914	0.000325987
0.77832	0.325195	0.000456148
0.288086	0.334961	-3.93088e-05
0.760742	0.307617	0.000552916
0.741211	0.291992	0.000630954
0.28418	0.344727	-1.93281e-05
0.749023	0.297852	0.000576409
0.735352	0.288086	0.000539005
0.729492	0.28418	0.000662625
0.71582	0.276367	0.000619636
0.27832	0.362305	-3.05966e-05
0.711914	0.274414	0.000548531
0.708008	0.272461	0.000555275
0.418945	0.567383	0.000170098
0.272461	0.385742	-0.000266082
0.270508	0.397461	-0.000259066
0.725586	0.282227	0.000304175
0.274414	0.37793	6.58699e-05
0.694336	0.266602	0.000280256
0.68457	0.262695	0.000353645
0.678711	0.260742	0.000231639
0.666992	0.256836	0.000401848
0.672852	0.258789	0.000249111
0.643555	0.250977	0.000407194
0.270508	0.399414	1.27147e-05
0.65918	0.254883	0.000182669
0.651367	0.25293	0.000185742
0.268555	0.415039	-0.000259702
0.280273	0.518555	-0.000779315
0.268555	0.416992	-0.000114926
0.286133	0.53418	-0.000893895
0.276367	0.504883	-0.000523757
0.274414	0.49707	-0.000492544
0.620117	0.24707	0.000396571
0.475586	0.260742	0.000869881
0.481445	0.258789	0.000826378
0.303711	0.567383	-0.00141372
0.456055	0.268555	0.000904664
0.436523	0.27832	0.00109653
0.407227	0.55957	0.000536968
0.401367	0.555664	0.00107523
0.631836	0.249023	0.00017651
0.272461	0.487305	-0.000347385
0.297852	0.557617	-0.00107068
0.270508	0.475586	-0.000305602
0.495117	0.254883	0.000646247
0.268555	0.458008	-0.000279971
0.50293	0.25293	0.000594646
0.426758	0.28418	0.00118444
0.420898	0.288086	0.00121589
0.600586	0.245117	0.000433856
0.268555	0.418945	1.58792e-05
0.288086	0.538086	-0.000682833
0.28418	0.52832	-0.000472355
0.295898	0.553711	-0.000793886
0.618164	0.24707	0.000153747
0.46582	0.264648	0.000665583
0.452148	0.270508	0.000776342
0.448242	0.272461	0.000729804
0.444336	0.274414	0.000766597
0.44043	0.276367	0.000888329
0.30957	0.575195	-0.0012928
0.522461	0.249023	0.000455456
0.399414	0.553711	0.000815991
0.489258	0.256836	0.000366243
0.268555	0.456055	-0.000133186
0.512695	0.250977	0.000361633
0.598633	0.245117	0.000307438
0.413086	0.293945	0.00112662
0.40332	0.301758	0.00134051
0.536133	0.24707	0.000354195
0.555664	0.245117	0.000409342
0.37793	0.329102	0.00156183
0.401367	0.303711	0.00119432
0.59668	0.245117	0.000192439
0.594727	0.245117	8.88406e-05
0.387695	0.317383	0.00134714
0.557617	0.245117	0.0002847
0.55957	0.245117	0.000171529
0.379883	0.327148	0.00117624
0.374023	0.334961	0.00135775
0.370117	0.34082	0.00144013
0.362305	0.354492	0.0015823
0.375977	0.530273	0.0014196
0.370117	0.522461	0.00160692
0.364258	0.512695	0.00147001
0.338867	0.604492	-0.00149912
0.356445	0.368164	0.00133727
0.356445	0.49707	0.00160759
0.358398	0.500977	0.00138422
0.868164	0.643555	-0.000430487
0.368164	0.344727	0.00109365
0.350586	0.612305	-0.00142328
0.358398	0.364258	0.001021
0.362305	0.508789	0.00131443
0.354492	0.374023	0.00109756
0.360352	0.504883	0.00128611
0.352539	0.379883	0.00107758
0.350586	0.385742	0.00127545
0.354492	0.491211	0.00125914
0.348633	0.393555	0.00124375
0.34668	0.463867	0.00152389
0.352539	0.485352	0.0011551
0.350586	0.479492	0.00129233
0.370117	0.62207	-0.00144343
0.34668	0.40332	0.00124092
0.348633	0.47168	0.00120987
0.34668	0.405273	0.00092282
0.344727	0.416992	0.00140332
0.34668	0.461914	0.00118237
0.344727	0.418945	0.00123724
0.344727	0.448242	0.00135797
0.344727	0.420898	0.00109271
0.344727	0.446289	0.00119661
0.870117	0.647461	0.00137601
0.387695	0.62793	-0.00169868
0.344727	0.422852	0.00096981
0.344727	0.444336	0.00105732
0.344727	0.442383	0.000940046
0.397461	0.629883	-0.00175923
0.456055	0.594727	-0.00102678
0.454102	0.592773	-0.000552527
0.883789	0.526367	0.00143822
0.881836	0.50293	0.0014433
0.87793	0.469727	0.00133427
0.866211	0.40918	0.00117255
0.858398	0.381836	0.00114022
0.856445	0.375977	0.00115563
0.854492	0.370117	0.00107695
0.848633	0.354492	0.000969866
0.84082	0.336914	0.000979368
0.834961	0.325195	0.00090184
0.838867	0.333008	0.00101789
0.836914	0.329102	0.000993086
0.827148	0.311523	0.000889352
0.799805	0.274414	0.000548654
0.78418	0.258789	0.000451837
0.772461	0.249023	0.000494458
0.758789	0.239258	0.000603505
0.739258	0.227539	0.00064674
0.735352	0.225586	0.000749802
0.731445	0.223633	0.000779106
0.727539	0.22168	0.000737031
0.704102	0.211914	0.000872735
0.686523	0.206055	0.0009539
0.672852	0.202148	0.000916936
0.665039	0.200195	0.000906087
0.436523	0.577148	-0.00102764
0.620117	0.192383	0.000974808
0.600586	0.19043	0.000902714
0.436523	0.208008	0.000563669
0.430664	0.209961	0.000562743
0.530273	0.19043	0.000816842
0.381836	0.231445	0.000235088
0.598633	0.19043	0.001043
0.46582	0.200195	0.000836677
0.450195	0.204102	0.000758522
0.510742	0.192383	0.00085282
0.49707	0.194336	0.000946546
0.415039	0.21582	0.000582635
0.401367	0.22168	0.000507988
0.532227	0.19043	0.00096113
0.397461	0.223633	0.000595293
0.385742	0.229492	0.000434323
0.37207	0.237305	0.000232537
0.858398	0.524414	-0.000727567
0.860352	0.538086	-0.000699318
0.854492	0.500977	-0.000680639
0.850586	0.481445	-0.00056758
0.360352	0.245117	0.000155432
0.366211	0.241211	0.000299251
0.852539	0.491211	-0.000709721
0.856445	0.512695	-0.000812495
0.862305	0.555664	-0.000861726
0.848633	0.473633	-0.000704659
0.864258	0.575195	-0.000833156
0.352539	0.250977	0.000140414
0.342773	0.258789	-0.00011469
0.866211	0.600586	-0.000732462
0.844727	0.458008	-0.000617505
0.866211	0.602539	-0.000843762
0.84082	0.444336	-0.000583077
0.827148	0.405273	-0.000252241
0.323242	0.27832	-0.000221182
0.817383	0.383789	-0.000118857
0.84668	0.46582	-0.000723406
0.34082	0.260742	3.72965e-05
0.866211	0.604492	-0.000950935
0.833008	0.420898	-0.000526226
0.325195	0.276367	-4.77704e-05
0.31543	0.288086	-7.79495e-05
0.825195	0.401367	-0.000513533
0.807617	0.366211	-0.000213782
0.801758	0.356445	-8.02615e-06
0.299805	0.311523	-3.63648e-05
0.797852	0.350586	2.26681e-05
0.776367	0.323242	0.000334816
0.762695	0.30957	0.000408564
0.422852	0.569336	-0.000334565
0.297852	0.31543	0.000179306
0.295898	0.319336	0.000307499
0.786133	0.334961	2.83604e-05
0.291992	0.327148	0.000304443
0.290039	0.331055	0.000174498
0.774414	0.321289	0.000245927
0.772461	0.319336	0.000189665
0.764648	0.311523	0.000297851
0.770508	0.317383	0.000166523
0.768555	0.31543	0.00017685
0.766602	0.313477	0.000220657
0.282227	0.350586	0.000135282
0.750977	0.299805	0.000246463
0.280273	0.356445	0.000130552
0.743164	0.293945	0.000183528
0.737305	0.290039	7.87502e-06
0.731445	0.286133	4.89601e-05
0.276367	0.370117	0.000145947
0.72168	0.280273	2.60991e-05
0.698242	0.268555	1.43193e-05
0.272461	0.387695	9.17246e-05
0.413086	0.563477	0.000247434
0.702148	0.270508	-0.000176754
0.688477	0.264648	-9.07442e-05
0.272461	0.389648	0.000435546
0.665039	0.256836	-0.000142466
0.270508	0.401367	0.000270614
0.641602	0.250977	1.83318e-05
0.649414	0.25293	-0.000254365
0.268555	0.420898	0.00013273
0.629883	0.249023	-0.000138578
0.27832	0.510742	-0.000258914
0.282227	0.522461	-0.000228776
0.290039	0.541992	-0.000565114
0.280273	0.516602	-0.000159103
0.291992	0.545898	-0.000543053
0.274414	0.495117	-5.08953e-05
0.293945	0.549805	-0.00061868
0.301758	0.563477	-0.000862019
0.270508	0.473633	-2.95799e-05
0.47168	0.262695	0.000370337
0.430664	0.282227	0.000743451
0.405273	0.557617	0.000172889
0.268555	0.422852	0.000235635
0.276367	0.50293	-1.8775e-05
0.272461	0.485352	1.7566e-05
0.616211	0.24707	-7.75591e-05
0.305664	0.569336	-0.000933691
0.461914	0.266602	0.00034723
0.477539	0.260742	0.000224383
0.483398	0.258789	0.000224175
0.268555	0.454102	-3.48071e-07
0.49707	0.254883	0.000140468
0.504883	0.25293	0.00014149
0.311523	0.577148	-0.000969288
0.424805	0.286133	0.00062647
0.418945	0.290039	0.000752033
0.524414	0.249023	0.000128363
0.399414	0.305664	0.00108949
0.538086	0.24707	0.000112596
0.389648	0.31543	0.00119778
0.397461	0.551758	0.000600489
0.286133	0.532227	-0.000132868
0.268555	0.424805	0.000324587
0.299805	0.55957	-0.00041677
0.270508	0.47168	0.000232282
0.458008	0.268555	0.000106422
0.43457	0.280273	0.000392643
0.268555	0.452148	0.0001185
0.411133	0.295898	0.000798761
0.268555	0.426758	0.000399602
0.614258	0.24707	-0.000297351
0.268555	0.450195	0.000223293
0.514648	0.250977	-2.8089e-05
0.592773	0.245117	-3.3754e-06
0.397461	0.307617	0.0010264
0.395508	0.30957	0.00100544
0.393555	0.311523	0.00102691
0.391602	0.313477	0.00109101
0.59082	0.245117	-8.42152e-05
0.561523	0.245117	6.9812e-05
0.395508	0.549805	0.000430156
0.307617	0.571289	-0.000496707
0.313477	0.579102	-0.000691066
0.268555	0.448242	0.000314045
0.526367	0.249023	-0.000186681
0.540039	0.24707	-0.000117253
0.588867	0.245117	-0.000153687
0.563477	0.245117	-2.04387e-05
0.381836	0.325195	0.000833368
0.586914	0.245117	-0.000211792
0.584961	0.245117	-0.000258518
0.56543	0.245117	-9.92025e-05
0.375977	0.333008	0.0008616
0.567383	0.245117	-0.000166496
0.37207	0.338867	0.000833595
0.583008	0.245117	-0.000293841
0.336914	0.602539	-0.00113298
0.569336	0.245117	-0.000222354
0.571289	0.245117	-0.000266783
0.344727	0.608398	-0.00128619
0.366211	0.348633	0.000857489
0.364258	0.352539	0.000732229
0.360352	0.360352	0.000814127
0.37793	0.532227	0.00109317
0.379883	0.53418	0.000817724
0.37207	0.524414	0.00109874
0.368164	0.518555	0.00111625
0.362305	0.356445	0.000717739
0.354492	0.614258	-0.00114512
0.366211	0.514648	0.000753758
0.356445	0.495117	0.000861311
0.868164	0.645508	-0.000487306
0.879883	0.647461	0.000168771
0.459961	0.600586	-0.00169499
0.581055	0.245117	-0.000317754
0.573242	0.245117	-0.000299769
0.334961	0.600586	-0.00081844
0.575195	0.245117	-0.000321318
0.342773	0.606445	-0.000786201
0.348633	0.610352	-0.000787883
0.356445	0.370117	0.00062621
0.374023	0.526367	0.000641089
0.358398	0.616211	-0.00100637
0.354492	0.375977	0.000451925
0.350586	0.387695	0.000761773
0.352539	0.381836	0.000497569
0.358398	0.499023	0.000586679
0.348633	0.395508	0.000817208
0.362305	0.618164	-0.00100898
0.366211	0.620117	-0.00115426
0.354492	0.489258	0.000585287
0.352539	0.483398	0.000553976
0.350586	0.477539	0.000763567
0.348633	0.469727	0.000775237
0.375977	0.624023	-0.00122738
0.348633	0.397461	0.000411193
0.34668	0.407227	0.000625769
0.34668	0.459961	0.000863016
0.381836	0.625977	-0.00130991
0.34668	0.458008	0.000565892
0.344727	0.424805	0.00086867
0.344727	0.426758	0.000789385
0.344727	0.44043	0.000844764
0.389648	0.62793	-0.001263
0.344727	0.428711	0.000731974
0.344727	0.438477	0.000771432
0.344727	0.430664	0.000696382
0.344727	0.436523	0.000719998
0.344727	0.432617	0.00068253
0.344727	0.43457	0.000690389
0.87793	0.649414	0.00093562
0.34668	0.40918	0.000349876
0.399414	0.629883	-0.00148743
0.401367	0.629883	-0.00124888
0.40332	0.629883	-0.00104419
0.870117	0.649414	0.00119847
0.428711	0.629883	-0.00181675
0.426758	0.629883	-0.00150771
0.875977	0.651367	0.00124669
0.883789	0.52832	0.00156738
0.879883	0.485352	0.00146219
0.874023	0.446289	0.00141334
0.875977	0.458008	0.0014831
0.87207	0.436523	0.00149888
0.870117	0.426758	0.00141131
0.862305	0.395508	0.00137676
0.84668	0.350586	0.00126877
0.81543	0.293945	0.000838493
0.80957	0.286133	0.000740381
0.797852	0.272461	0.000655352
0.786133	0.260742	0.000583336
0.795898	0.270508	0.000728525
0.788086	0.262695	0.000680545
0.790039	0.264648	0.000743544
0.774414	0.250977	0.00081305
0.749023	0.233398	0.000894146
0.713867	0.21582	0.000941466
0.698242	0.209961	0.00102168
0.692383	0.208008	0.00104791
0.655273	0.198242	0.00112155
0.645508	0.196289	0.00107706
0.633789	0.194336	0.00107876
0.618164	0.192383	0.00120034
0.59668	0.19043	0.00117511
0.485352	0.196289	0.000952816
0.458008	0.202148	0.000884815
0.475586	0.198242	0.00101868
0.393555	0.225586	0.000613048
0.389648	0.227539	0.000559891
0.444336	0.206055	0.00101359
0.512695	0.192383	0.00108142
0.420898	0.213867	0.000907936
0.53418	0.19043	0.00109712
0.411133	0.217773	0.000895664
0.536133	0.19043	0.00122483
0.375977	0.235352	0.00063044
0.860352	0.540039	-0.000951315
0.858398	0.526367	-0.00101502
0.854492	0.50293	-0.00103788
0.850586	0.483398	-0.000991411
0.862305	0.557617	-0.00107241
0.864258	0.577148	-0.00100051
0.350586	0.25293	0.000450192
0.838867	0.438477	-0.000700917
0.338867	0.262695	0.000153451
0.836914	0.432617	-0.000732373
0.834961	0.426758	-0.000675119
0.866211	0.606445	-0.00105419
0.336914	0.264648	0.000233536
0.327148	0.274414	8.9641e-05
0.829102	0.411133	-0.00066844
0.426758	0.571289	-0.000791319
0.856445	0.514648	-0.00113366
0.358398	0.24707	0.000584101
0.852539	0.493164	-0.00109956
0.864258	0.579102	-0.00116368
0.842773	0.452148	-0.000922124
0.334961	0.266602	0.000277393
0.333008	0.268555	0.000284895
0.331055	0.270508	0.000256039
0.329102	0.272461	0.000190934
0.866211	0.608398	-0.0011535
0.823242	0.397461	-0.000720137
0.317383	0.286133	0.000259134
0.311523	0.293945	0.000284989
0.80957	0.370117	-0.00050264
0.307617	0.299805	0.000412497
0.303711	0.305664	0.000304428
0.803711	0.360352	-0.000477104
0.791992	0.342773	-0.000163409
0.293945	0.323242	0.000349036
0.78418	0.333008	-0.000238353
0.286133	0.34082	0.000391951
0.799805	0.354492	-0.000559556
0.795898	0.348633	-0.000456957
0.75293	0.301758	-5.01445e-05
0.28418	0.34668	0.000660165
0.754883	0.303711	-0.000313333
0.745117	0.295898	-0.000231321
0.27832	0.364258	0.000506977
0.717773	0.27832	-0.000171536
0.280273	0.358398	0.000714791
0.727539	0.28418	-0.000359383
0.713867	0.276367	-0.00028994
0.709961	0.274414	-0.00032992
0.706055	0.272461	-0.00029197
0.416992	0.56543	-0.000363868
0.276367	0.37207	0.00062295
0.274414	0.379883	0.000482948
0.682617	0.262695	-0.000314114
0.670898	0.258789	-0.000335373
0.657227	0.254883	-0.000309285
0.411133	0.561523	-0.000209774
0.692383	0.266602	-0.000461633
0.676758	0.260742	-0.00039387
0.272461	0.391602	0.000765339
0.270508	0.40332	0.000514587
0.663086	0.256836	-0.000674404
0.639648	0.250977	-0.000358582
0.270508	0.405273	0.000744587
0.62793	0.249023	-0.000441877
0.27832	0.508789	0.000295504
0.272461	0.483398	0.000367942
0.467773	0.264648	-5.53148e-05
0.40332	0.555664	-0.00015145
0.28418	0.526367	0.000235956
0.288086	0.536133	0.000115973
0.274414	0.493164	0.000375762
0.268555	0.428711	0.000460735
0.297852	0.555664	-7.64572e-05
0.268555	0.430664	0.000508053
0.303711	0.56543	-0.000314471
0.270508	0.469727	0.00047981
0.454102	0.270508	-5.47864e-05
0.438477	0.27832	0.000130808
0.612305	0.24707	-0.000505578
0.491211	0.256836	-0.000180625
0.442383	0.276367	-4.33439e-05
0.428711	0.28418	0.000128794
0.506836	0.25293	-0.000299136
0.416992	0.291992	0.000325545
0.40918	0.297852	0.000510038
0.268555	0.446289	0.000390848
0.393555	0.547852	0.000306369
0.268555	0.444336	0.000453785
0.541992	0.24707	-0.000335348
0.381836	0.536133	0.000593278
0.881836	0.645508	-0.000859558
0.458008	0.598633	-0.00072589
0.647461	0.25293	-0.000682248
0.280273	0.514648	0.000445776
0.282227	0.520508	0.000427416
0.276367	0.500977	0.000471078
0.290039	0.540039	0.000271993
0.295898	0.551758	0.000160597
0.473633	0.262695	-0.000305983
0.450195	0.272461	-0.000134533
0.446289	0.274414	-0.000131256
0.485352	0.258789	-0.000364976
0.499023	0.254883	-0.000352533
0.422852	0.288086	0.000104337
0.479492	0.260742	-0.000408039
0.268555	0.432617	0.000541594
0.516602	0.250977	-0.000405684
0.463867	0.266602	-0.000405443
0.268555	0.43457	0.000561367
0.270508	0.467773	0.000712913
0.610352	0.24707	-0.000702206
0.268555	0.436523	0.000567379
0.30957	0.573242	-0.000103457
0.31543	0.581055	-0.00045878
0.268555	0.438477	0.000559644
0.407227	0.299805	0.000260936
0.268555	0.442383	0.000502883
0.52832	0.249023	-0.000489701
0.268555	0.44043	0.000538158
0.383789	0.323242	0.000533292
0.391602	0.545898	0.000230371
0.389648	0.543945	0.000203103
0.317383	0.583008	-0.000273167
0.543945	0.24707	-0.00054176
0.385742	0.321289	0.000275999
0.579102	0.245117	-0.000330286
0.577148	0.245117	-0.000331475
0.37793	0.331055	0.000408197
0.387695	0.541992	0.000225231
0.383789	0.538086	0.000419846
0.370117	0.342773	0.000418997
0.385742	0.540039	0.000297302
0.333008	0.598633	-0.000555415
0.331055	0.59668	-0.000343793
0.374023	0.336914	0.000269256
0.368164	0.34668	0.000114974
0.375977	0.52832	0.000234471
0.370117	0.520508	0.000528077
0.364258	0.510742	0.000520044
0.362305	0.506836	0.000414856
0.358398	0.366211	0.000264381
0.360352	0.50293	0.000437379
0.350586	0.389648	0.000268406
0.34082	0.604492	-0.00033816
0.34668	0.608398	-0.000204379
0.352539	0.612305	-0.000425083
0.360352	0.362305	1.22451e-05
0.368164	0.516602	8.59521e-05
0.356445	0.37207	-6.57022e-05
0.356445	0.493164	0.000136222
0.350586	0.475586	0.00025694
0.348633	0.467773	0.00036287
0.356445	0.614258	-0.000200936
0.352539	0.383789	-6.25051e-05
0.37207	0.62207	-0.000731697
0.354492	0.487305	-6.69063e-05
0.352539	0.481445	-2.52375e-05
0.364258	0.618164	-0.000178006
0.368164	0.620117	-0.000382087
0.348633	0.399414	2.59606e-05
0.37793	0.624023	-0.000603652
0.34668	0.411133	9.52915e-05
0.348633	0.46582	-2.72144e-05
0.383789	0.625977	-0.000778296
0.34668	0.456055	0.000291032
0.34668	0.454102	3.84451e-05
0.391602	0.62793	-0.000857647
0.868164	0.647461	-0.000568557
0.459961	0.602539	-0.00105035
0.34668	0.413086	-0.00013779
0.385742	0.625977	-0.00027549
0.34668	0.452148	-0.00019185
0.393555	0.62793	-0.000483346
0.405273	0.629883	-0.000874012
0.407227	0.629883	-0.000738984
0.40918	0.629883	-0.00063981
0.436523	0.62793	-0.0016511
0.442383	0.625977	-0.00170212
0.424805	0.629883	-0.00124379
0.411133	0.629883	-0.000577298
0.43457	0.62793	-0.00113623
0.446289	0.624023	-0.00152375
0.422852	0.629883	-0.00102397
0.420898	0.629883	-0.00084725
0.413086	0.629883	-0.000552383
0.415039	0.629883	-0.000566038
0.416992	0.629883	-0.000619172
0.418945	0.629883	-0.000712626
0.44043	0.625977	-0.00100428
0.883789	0.530273	0.00169164
0.881836	0.504883	0.00163202
0.87793	0.47168	0.00161107
0.868164	0.418945	0.00159186
0.864258	0.40332	0.00158061
0.850586	0.360352	0.00132668
0.823242	0.305664	0.00106954
0.829102	0.31543	0.00122617
0.819336	0.299805	0.00105357
0.793945	0.268555	0.000767673
0.791992	0.266602	0.000772613
0.44043	0.579102	-0.00149805
0.807617	0.28418	0.0010299
0.766602	0.245117	0.000916902
0.760742	0.241211	0.00112232
0.754883	0.237305	0.00111364
0.745117	0.231445	0.00119561
0.717773	0.217773	0.00121936
0.708008	0.213867	0.0013087
0.678711	0.204102	0.00127314
0.670898	0.202148	0.00140327
0.663086	0.200195	0.00135031
0.643555	0.196289	0.00142141
0.631836	0.194336	0.00136713
0.616211	0.192383	0.00141713
0.594727	0.19043	0.00129902
0.499023	0.194336	0.00123532
0.438477	0.208008	0.00115921
0.514648	0.192383	0.00130177
0.426758	0.211914	0.00111011
0.430664	0.573242	-0.00121761
0.592773	0.19043	0.00141461
0.487305	0.196289	0.00129526
0.467773	0.200195	0.00127412
0.452148	0.204102	0.0012777
0.477539	0.198242	0.00140781
0.459961	0.202148	0.00136247
0.432617	0.209961	0.00119268
0.407227	0.219727	0.00114423
0.538086	0.19043	0.00134435
0.540039	0.19043	0.00145579
0.379883	0.233398	0.000951249
0.370117	0.239258	0.000824344
0.860352	0.541992	-0.00119835
0.364258	0.243164	0.000810578
0.858398	0.52832	-0.00129742
0.862305	0.55957	-0.00127909
0.848633	0.475586	-0.00115579
0.864258	0.581055	-0.00132264
0.84668	0.467773	-0.00120328
0.844727	0.459961	-0.0011271
0.866211	0.610352	-0.00124866
0.348633	0.254883	0.000725778
0.84082	0.446289	-0.00114814
0.831055	0.416992	-0.000982383
0.866211	0.612305	-0.00133951
0.883789	0.641602	-0.00144331
0.854492	0.504883	-0.00138922
0.833008	0.422852	-0.00119783
0.827148	0.407227	-0.00100378
0.821289	0.393555	-0.000870369
0.866211	0.614258	-0.00142613
0.319336	0.28418	0.000560337
0.811523	0.374023	-0.000723125
0.819336	0.389648	-0.000962741
0.817383	0.385742	-0.000995759
0.81543	0.381836	-0.000967775
0.813477	0.37793	-0.000877372
0.313477	0.291992	0.000713719
0.805664	0.364258	-0.000877382
0.301758	0.30957	0.000662117
0.790039	0.34082	-0.000538785
0.782227	0.331055	-0.000473856
0.288086	0.336914	0.000722056
0.420898	0.567383	-0.000905626
0.305664	0.303711	0.000914602
0.299805	0.313477	0.000931414
0.780273	0.329102	-0.000677569
0.290039	0.333008	0.000969956
0.756836	0.305664	-0.00054296
0.282227	0.352539	0.000766883
0.74707	0.297852	-0.000613284
0.739258	0.291992	-0.000491058
0.733398	0.288086	-0.000533209
0.723633	0.282227	-0.000686824
0.27832	0.366211	0.00103015
0.274414	0.381836	0.000885808
0.696289	0.268555	-0.000758398
0.415039	0.563477	-0.000870463
0.456055	0.59668	2.27973e-05
0.276367	0.374023	0.00108561
0.686523	0.264648	-0.000788939
0.40918	0.55957	-0.000632475
0.680664	0.262695	-0.000969026
0.674805	0.260742	-0.00100682
0.668945	0.258789	-0.000907385
0.272461	0.393555	0.00108109
0.655273	0.254883	-0.000788884
0.270508	0.407227	0.000960564
0.637695	0.250977	-0.000723451
0.625977	0.249023	-0.000733313
0.291992	0.543945	0.000332855
0.293945	0.547852	0.000296364
0.272461	0.481445	0.000703959
0.401367	0.553711	-0.000434184
0.286133	0.530273	0.000612659
0.274414	0.491211	0.000787809
0.27832	0.506836	0.000834821
0.301758	0.561523	0.000197071
0.305664	0.567383	0.000190826
0.432617	0.282227	-0.000277728
0.493164	0.256836	-0.000714787
0.415039	0.293945	-6.28785e-05
0.508789	0.25293	-0.000727601
0.405273	0.301758	5.20706e-05
0.518555	0.250977	-0.000771429
0.319336	0.584961	-0.000135109
0.530273	0.249023	-0.000780557
0.545898	0.24707	-0.000736557
0.387695	0.319336	6.13661e-05
0.645508	0.25293	-0.00109775
0.270508	0.40918	0.00116251
0.635742	0.250977	-0.00107618
0.624023	0.249023	-0.00101287
0.276367	0.499023	0.000946153
0.272461	0.479492	0.00102555
0.270508	0.46582	0.000931704
0.459961	0.268555	-0.000678483
0.469727	0.264648	-0.000762985
0.299805	0.557617	0.000602126
0.608398	0.24707	-0.000887184
0.436523	0.280273	-0.000594094
0.500977	0.254883	-0.000833145
0.426758	0.286133	-0.000450712
0.420898	0.290039	-0.000381263
0.487305	0.258789	-0.000941316
0.311523	0.575195	0.00024529
0.413086	0.295898	-0.000412618
0.40332	0.303711	-0.000115878
0.321289	0.586914	-4.54892e-05
0.401367	0.305664	-0.000242377
0.379883	0.329102	-2.18105e-06
0.606445	0.24707	-0.0010605
0.323242	0.588867	-5.0797e-06
0.532227	0.249023	-0.00105924
0.325195	0.59082	-1.43804e-05
0.399414	0.307617	-0.000326985
0.547852	0.24707	-0.000919749
0.389648	0.317383	-0.000110617
0.391602	0.31543	-0.000239771
0.327148	0.592773	-7.37275e-05
0.329102	0.594727	-0.000183391
0.393555	0.313477	-0.000325942
0.549805	0.24707	-0.00109133
0.381836	0.327148	-0.000369428
0.375977	0.334961	-0.000252461
0.37207	0.34082	-0.000213736
0.338867	0.602539	5.77495e-05
0.366211	0.350586	-7.78558e-05
0.364258	0.354492	-0.00015919
0.362305	0.358398	-0.000129188
0.37793	0.530273	-0.000120788
0.379883	0.532227	-0.000424572
0.37207	0.522461	-1.01771e-05
0.366211	0.512695	-0.000226929
0.354492	0.37793	-0.000174104
0.360352	0.616211	-0.000118013
0.358398	0.49707	-0.000189872
0.350586	0.391602	-0.00020437
0.879883	0.649414	-0.000736377
0.458008	0.600586	0.00010977
0.344727	0.606445	0.000326832
0.350586	0.610352	0.000242895
0.358398	0.368164	-0.000473457
0.370117	0.518555	-0.000532608
0.364258	0.508789	-0.000410211
0.362305	0.504883	-0.000464515
0.360352	0.500977	-0.000390699
0.350586	0.473633	-0.000227443
0.352539	0.385742	-0.000602263
0.356445	0.491211	-0.000567369
0.348633	0.401367	-0.000338225
0.374023	0.62207	-4.54875e-05
0.350586	0.393555	-0.00065638
0.352539	0.479492	-0.000582431
0.370117	0.620117	0.000365383
0.348633	0.40332	-0.000681214
0.350586	0.47168	-0.000689577
0.348633	0.463867	-0.000395019
0.379883	0.624023	-7.19115e-06
0.34668	0.415039	-0.000349244
0.34668	0.450195	-0.000399814
0.34668	0.416992	-0.000539022
0.34668	0.448242	-0.000585399
0.395508	0.62793	-0.00014088
0.87793	0.651367	-0.000209392
0.459961	0.604492	-0.000606286
0.348633	0.461914	-0.00074053
0.387695	0.625977	0.0001977
0.34668	0.418945	-0.000707047
0.34668	0.446289	-0.000748606
0.868164	0.649414	-0.000728757
0.397461	0.62793	0.000169029
0.399414	0.62793	0.000445738
0.432617	0.62793	-0.000672848
0.870117	0.651367	0.000689513
0.438477	0.625977	-0.00036361
0.430664	0.62793	-0.000259655
0.444336	0.624023	-0.000678777
0.448242	0.62207	-0.000732059
0.452148	0.620117	-0.00123466
0.459961	0.606445	-0.000440726
0.428711	0.62793	0.000104662
0.454102	0.618164	-0.000946214
0.458008	0.614258	-0.00120425
0.459961	0.608398	-0.000608722
0.456055	0.616211	-0.000919671
0.459961	0.610352	-0.00110383
0.87207	0.65332	0.000644866
0.874023	0.65332	0.000668636
0.452148	0.592773	0.0010022
0.883789	0.624023	0.00183221
0.446289	0.586914	0.00128924
0.883789	0.532227	0.00181125
0.881836	0.506836	0.00181554
0.879883	0.487305	0.00169576
0.875977	0.459961	0.00179387
0.874023	0.448242	0.00176107
0.866211	0.411133	0.00165066
0.860352	0.389648	0.00159882
0.852539	0.366211	0.00157919
0.844727	0.34668	0.00151145
0.831055	0.319336	0.001493
0.813477	0.291992	0.0012417
0.885742	0.635742	-0.00179126
0.805664	0.282227	0.00128698
0.776367	0.25293	0.00109834
0.768555	0.24707	0.00132051
0.741211	0.229492	0.00141984
0.72168	0.219727	0.00143002
0.702148	0.211914	0.00154649
0.68457	0.206055	0.00151845
0.65332	0.198242	0.00151505
0.629883	0.194336	0.00164637
0.614258	0.192383	0.00162531
0.59082	0.19043	0.00152181
0.500977	0.194336	0.00151565
0.516602	0.192383	0.00151384
0.416992	0.21582	0.00130996
0.588867	0.19043	0.00162064
0.586914	0.19043	0.00171118
0.489258	0.196289	0.00162892
0.446289	0.206055	0.00156545
0.40332	0.22168	0.00132684
0.541992	0.19043	0.00155921
0.383789	0.231445	0.00119609
0.399414	0.223633	0.00144191
0.543945	0.19043	0.00165465
0.387695	0.229492	0.00136632
0.856445	0.516602	-0.00144936
0.860352	0.543945	-0.00144041
0.374023	0.237305	0.00127054
0.850586	0.485352	-0.00140866
0.852539	0.495117	-0.00148351
0.858398	0.530273	-0.00157459
0.862305	0.561523	-0.00148161
0.356445	0.249023	0.00097999
0.864258	0.583008	-0.00147736
0.34668	0.256836	0.000966893
0.838867	0.44043	-0.00129173
0.842773	0.454102	-0.00145536
0.836914	0.43457	-0.00134942
0.834961	0.428711	-0.00131904
0.321289	0.282227	0.000825453
0.866211	0.616211	-0.00150892
0.454102	0.594727	0.00058919
0.860352	0.545898	-0.00167774
0.864258	0.584961	-0.00162781
0.862305	0.563477	-0.00167962
0.848633	0.477539	-0.00160062
0.829102	0.413086	-0.00138968
0.825195	0.40332	-0.00128705
0.866211	0.618164	-0.00158833
0.866211	0.620117	-0.00166459
0.323242	0.280273	0.00105436
0.31543	0.290039	0.00110684
0.30957	0.297852	0.000932249
0.807617	0.368164	-0.00120866
0.801758	0.358398	-0.00107175
0.797852	0.352539	-0.00108366
0.793945	0.34668	-0.000907941
0.297852	0.317383	0.00111267
0.788086	0.338867	-0.000884043
0.291992	0.329102	0.0011343
0.77832	0.327148	-0.000848781
0.758789	0.307617	-0.000738901
0.286133	0.342773	0.00110522
0.295898	0.321289	0.00120643
0.293945	0.325195	0.00121349
0.776367	0.325195	-0.000987159
0.760742	0.30957	-0.000901091
0.762695	0.311523	-0.00102943
0.28418	0.348633	0.00132533
0.749023	0.299805	-0.00096198
0.741211	0.293945	-0.000957473
0.282227	0.354492	0.00138418
0.735352	0.290039	-0.00108346
0.729492	0.286133	-0.000992112
0.280273	0.360352	0.00128471
0.719727	0.280273	-0.00093348
0.71582	0.27832	-0.0010998
0.700195	0.270508	-0.000980245
0.711914	0.276367	-0.00118703
0.704102	0.272461	-0.00112654
0.274414	0.383789	0.00127438
0.708008	0.274414	-0.00119577
0.69043	0.266602	-0.00119061
0.272461	0.395508	0.00138276
0.661133	0.256836	-0.0011938
0.666992	0.258789	-0.00146704
0.65332	0.254883	-0.001256
0.270508	0.411133	0.00135045
0.28418	0.524414	0.000928733
0.280273	0.512695	0.00103538
0.288086	0.53418	0.0008992
0.282227	0.518555	0.00106817
0.407227	0.557617	-0.00101833
0.456055	0.270508	-0.000872489
0.475586	0.262695	-0.000969165
0.399414	0.551758	-0.000673649
0.62207	0.249023	-0.00128056
0.290039	0.538086	0.00109344
0.274414	0.489258	0.00118533
0.297852	0.553711	0.000902337
0.303711	0.563477	0.000769791
0.270508	0.463867	0.00113631
0.481445	0.260742	-0.00102748
0.452148	0.272461	-0.000985437
0.44043	0.27832	-0.000821603
0.307617	0.569336	0.000653078
0.448242	0.274414	-0.00101568
0.444336	0.276367	-0.000961615
0.510742	0.25293	-0.00114424
0.604492	0.24707	-0.0012222
0.313477	0.577148	0.000548739
0.520508	0.250977	-0.00112525
0.397461	0.30957	-0.000369349
0.397461	0.549805	-0.000868335
0.395508	0.311523	-0.000369077
0.643555	0.25293	-0.00150093
0.270508	0.413086	0.00152435
0.633789	0.250977	-0.00141681
0.27832	0.504883	0.00135903
0.286133	0.52832	0.00134256
0.276367	0.49707	0.00140635
0.291992	0.541992	0.00119308
0.295898	0.549805	0.00109953
0.293945	0.545898	0.00119579
0.272461	0.477539	0.00133251
0.46582	0.266602	-0.00114483
0.430664	0.28418	-0.00091378
0.270508	0.461914	0.00132672
0.495117	0.256836	-0.00123654
0.418945	0.291992	-0.000829589
0.411133	0.297852	-0.000723163
0.50293	0.254883	-0.00130163
0.424805	0.288086	-0.000994425
0.602539	0.24707	-0.00137236
0.53418	0.249023	-0.00132589
0.270508	0.459961	0.00150285
0.31543	0.579102	0.000806196
0.522461	0.250977	-0.00146673
0.600586	0.24707	-0.00151098
0.551758	0.24707	-0.00125131
0.383789	0.325195	-0.000693507
0.553711	0.24707	-0.00139971
0.37793	0.333008	-0.000731138
0.370117	0.344727	-0.000586032
0.336914	0.600586	0.000401449
0.374023	0.338867	-0.000803943
0.334961	0.598633	0.000693021
0.368164	0.348633	-0.00084692
0.381836	0.53418	-0.00067687
0.383789	0.536133	-0.000877661
0.374023	0.524414	-0.000497747
0.375977	0.526367	-0.000934021
0.360352	0.364258	-0.000771034
0.366211	0.352539	-0.000995827
0.362305	0.360352	-0.000957814
0.354492	0.612305	0.000552544
0.356445	0.374023	-0.000738017
0.368164	0.514648	-0.000925424
0.354492	0.379883	-0.000780283
0.354492	0.485352	-0.000697192
0.456055	0.598633	0.00100175
0.342773	0.604492	0.00080552
0.364258	0.356445	-0.0010328
0.348633	0.608398	0.000858428
0.358398	0.614258	0.000721472
0.358398	0.370117	-0.00119212
0.358398	0.495117	-0.000945071
0.362305	0.616211	0.000747538
0.360352	0.499023	-0.00119772
0.366211	0.618164	0.00062925
0.352539	0.387695	-0.00112158
0.356445	0.489258	-0.00124921
0.350586	0.395508	-0.00108762
0.352539	0.477539	-0.00111745
0.37207	0.620117	0.00108731
0.375977	0.62207	0.000614394
0.348633	0.405273	-0.00100289
0.350586	0.469727	-0.00112931
0.381836	0.624023	0.000561219
0.348633	0.407227	-0.0013032
0.348633	0.459961	-0.00106359
0.34668	0.420898	-0.000853263
0.34668	0.422852	-0.000977587
0.34668	0.444336	-0.000889477
0.389648	0.625977	0.000640592
0.34668	0.424805	-0.0010799
0.34668	0.442383	-0.00100805
0.34668	0.44043	-0.00110438
0.458008	0.602539	0.000813526
0.383789	0.624023	0.00110108
0.34668	0.426758	-0.00116011
0.34668	0.428711	-0.00121819
0.34668	0.438477	-0.00117849
0.391602	0.625977	0.00105263
0.34668	0.430664	-0.00125422
0.34668	0.436523	-0.00123046
0.34668	0.432617	-0.00126826
0.34668	0.43457	-0.00126036
0.401367	0.62793	0.000688614
0.40332	0.62793	0.000897028
0.405273	0.62793	0.00107033
0.436523	0.625977	0.000221022
0.868164	0.651367	-0.00113151
0.442383	0.624023	0.000103667
0.426758	0.62793	0.000421331
0.446289	0.62207	0.000211335
0.424805	0.62793	0.000691557
0.450195	0.620117	-0.000108172
0.870117	0.65332	-0.000379831
0.875977	0.65332	-0.000246339
0.43457	0.625977	0.000750767
0.44043	0.624023	0.000824707
0.422852	0.62793	0.000916438
0.420898	0.62793	0.00109709
0.452148	0.618164	0.000311925
0.458008	0.612305	-0.000146104
0.456055	0.614258	0.000353796
0.448242	0.588867	0.00136684
0.450195	0.59082	0.00126634
0.883789	0.53418	0.00192627
0.87793	0.473633	0.00188223
0.879883	0.489258	0.00192397
0.87207	0.438477	0.00187881
0.870117	0.428711	0.0018244
0.858398	0.383789	0.00173485
0.856445	0.37793	0.00177855
0.854492	0.37207	0.00172845
0.848633	0.356445	0.00170511
0.842773	0.342773	0.0016967
0.833008	0.323242	0.00168912
0.825195	0.30957	0.00152321
0.821289	0.303711	0.00162792
0.817383	0.297852	0.00153659
0.77832	0.254883	0.0013498
0.750977	0.235352	0.00154359
0.737305	0.227539	0.00156852
0.733398	0.225586	0.0016419
0.729492	0.223633	0.00164246
0.725586	0.22168	0.00157173
0.711914	0.21582	0.00168039
0.696289	0.209961	0.00165829
0.69043	0.208008	0.00164828
0.43457	0.575195	-0.00163691
0.676758	0.204102	0.00179275
0.661133	0.200195	0.00178433
0.641602	0.196289	0.00175627
0.668945	0.202148	0.00187908
0.651367	0.198242	0.0018988
0.62793	0.194336	0.00191647
0.612305	0.192383	0.00182501
0.469727	0.200195	0.00170219
0.518555	0.192383	0.00171749
0.422852	0.213867	0.0015985
0.395508	0.225586	0.00148779
0.391602	0.227539	0.00146308
0.584961	0.19043	0.00179354
0.479492	0.198242	0.00178781
0.461914	0.202148	0.0018305
0.454102	0.204102	0.00178705
0.50293	0.194336	0.00178751
0.44043	0.208008	0.00174455
0.583008	0.19043	0.00186781
0.428711	0.211914	0.00176475
0.413086	0.217773	0.00164935
0.43457	0.209961	0.00181215
0.545898	0.19043	0.00174205
0.581055	0.19043	0.001934
0.520508	0.192383	0.00191263
0.547852	0.19043	0.00182132
0.549805	0.19043	0.00189243
0.368164	0.241211	0.00138553
0.362305	0.245117	0.00129018
0.37793	0.235352	0.00163882
0.854492	0.506836	-0.00173472
0.856445	0.518555	-0.00175941
0.858398	0.532227	-0.00184636
0.354492	0.250977	0.00134254
0.84668	0.469727	-0.00167639
0.844727	0.461914	-0.0016297
0.344727	0.258789	0.00117313
0.864258	0.586914	-0.00177396
0.850586	0.487305	-0.00181922
0.84082	0.448242	-0.00170566
0.823242	0.399414	-0.00151631
0.866211	0.62207	-0.00173765
0.424805	0.569336	-0.00139043
0.852539	0.49707	-0.00186133
0.860352	0.547852	-0.0019107
0.862305	0.56543	-0.00187296
0.864258	0.588867	-0.00191582
0.342773	0.260742	0.00134392
0.831055	0.418945	-0.00167398
0.866211	0.624023	-0.00180748
0.325195	0.27832	0.00124704
0.866211	0.625977	-0.00187434
0.827148	0.40918	-0.00174633
0.327148	0.276367	0.0014035
0.821289	0.395508	-0.00168971
0.80957	0.37207	-0.00147082
0.866211	0.62793	-0.00193874
0.317383	0.288086	0.00146408
0.311523	0.295898	0.00141681
0.811523	0.375977	-0.00166507
0.303711	0.307617	0.00132713
0.803711	0.362305	-0.00151466
0.307617	0.301758	0.00149017
0.791992	0.344727	-0.00132978
0.786133	0.336914	-0.0011987
0.774414	0.323242	-0.00109282
0.772461	0.321289	-0.00116582
0.764648	0.313477	-0.00112397
0.288086	0.338867	0.00146923
0.418945	0.56543	-0.00145446
0.795898	0.350586	-0.00157984
0.301758	0.311523	0.00165052
0.78418	0.334961	-0.0014824
0.770508	0.319336	-0.00120576
0.768555	0.317383	-0.00121217
0.766602	0.31543	-0.00118488
0.290039	0.334961	0.00175105
0.750977	0.301758	-0.00127714
0.286133	0.344727	0.00180399
0.743164	0.295898	-0.00139112
0.725586	0.28418	-0.00136923
0.27832	0.368164	0.00153894
0.276367	0.375977	0.00153391
0.413086	0.561523	-0.00134668
0.694336	0.268555	-0.00151816
0.68457	0.264648	-0.00147399
0.881836	0.647461	-0.00160642
0.737305	0.291992	-0.0016014
0.731445	0.288086	-0.00159335
0.280273	0.362305	0.00184029
0.72168	0.282227	-0.00166529
0.274414	0.385742	0.00164868
0.698242	0.270508	-0.00177073
0.678711	0.262695	-0.00161103
0.672852	0.260742	-0.00160723
0.272461	0.397461	0.00167034
0.65918	0.256836	-0.00170073
0.651367	0.254883	-0.00171071
0.270508	0.415039	0.00168418
0.405273	0.555664	-0.00136527
0.620117	0.249023	-0.00153642
0.274414	0.487305	0.00156796
0.395508	0.547852	-0.00101682
0.631836	0.250977	-0.00174538
0.28418	0.522461	0.00160592
0.280273	0.510742	0.00160962
0.301758	0.55957	0.00124084
0.272461	0.475586	0.00162481
0.47168	0.264648	-0.00145737
0.461914	0.268555	-0.00144997
0.489258	0.258789	-0.00150481
0.43457	0.282227	-0.0012856
0.30957	0.571289	0.00107159
0.40918	0.299805	-0.000994049
0.270508	0.458008	0.00166471
0.512695	0.25293	-0.00154874
0.416992	0.293945	-0.00123992
0.393555	0.545898	-0.00111772
0.317383	0.581055	0.00101698
0.536133	0.249023	-0.00158064
0.385742	0.323242	-0.000974386
0.391602	0.543945	-0.0011699
0.555664	0.24707	-0.00153654
0.385742	0.538086	-0.00102699
0.641602	0.25293	-0.00189183
0.270508	0.416992	0.00182991
0.282227	0.516602	0.00169342
0.288086	0.532227	0.00166674
0.27832	0.50293	0.00186793
0.276367	0.495117	0.00185135
0.618164	0.249023	-0.00178049
0.477539	0.262695	-0.00161914
0.483398	0.260742	-0.00163379
0.305664	0.56543	0.00130039
0.458008	0.270508	-0.00167665
0.438477	0.280273	-0.00156739
0.299805	0.555664	0.00160548
0.272461	0.473633	0.00190267
0.49707	0.256836	-0.00174557
0.270508	0.456055	0.0018124
0.504883	0.254883	-0.00175761
0.428711	0.286133	-0.00151477
0.422852	0.290039	-0.0015017
0.407227	0.301758	-0.00122474
0.598633	0.24707	-0.00163807
0.389648	0.541992	-0.00117258
0.387695	0.540039	-0.00112512
0.311523	0.573242	0.00144565
0.524414	0.250977	-0.00179572
0.270508	0.454102	0.00194604
0.319336	0.583008	0.00118028
0.59668	0.24707	-0.00175367
0.405273	0.303711	-0.00141457
0.538086	0.249023	-0.00182352
0.557617	0.24707	-0.00166179
0.387695	0.321289	-0.00121217
0.379883	0.331055	-0.00116646
0.321289	0.584961	0.00129518
0.594727	0.24707	-0.0018578
0.323242	0.586914	0.00136081
0.389648	0.319336	-0.001407
0.333008	0.59668	0.0009326
0.55957	0.24707	-0.00177548
0.325195	0.588867	0.00137649
0.327148	0.59082	0.00134184
0.329102	0.592773	0.00125658
0.331055	0.594727	0.00112033
0.561523	0.24707	-0.00187765
0.375977	0.336914	-0.00135124
0.37207	0.342773	-0.00124489
0.37793	0.52832	-0.00131857
0.37207	0.520508	-0.00110116
0.366211	0.510742	-0.00118797
0.34082	0.602539	0.00123155
0.370117	0.34668	-0.00157421
0.352539	0.610352	0.00125337
0.360352	0.366211	-0.0015354
0.364258	0.506836	-0.0013203
0.356445	0.375977	-0.00139053
0.362305	0.50293	-0.00132325
0.354492	0.381836	-0.00136648
0.354492	0.483398	-0.00130542
0.34668	0.606445	0.00142117
0.362305	0.362305	-0.00176771
0.370117	0.516602	-0.00157459
0.356445	0.612305	0.00150859
0.358398	0.493164	-0.00167867
0.360352	0.614258	0.00162123
0.352539	0.389648	-0.0016202
0.350586	0.397461	-0.00149797
0.364258	0.616211	0.00158946
0.368164	0.618164	0.00141198
0.352539	0.475586	-0.00162998
0.350586	0.467773	-0.00154644
0.37793	0.62207	0.00124734
0.350586	0.399414	-0.00188722
0.348633	0.40918	-0.00158206
0.348633	0.458008	-0.0013641
0.348633	0.456055	-0.00164203
0.348633	0.411133	-0.00183933
0.374023	0.620117	0.00178305
0.379883	0.62207	0.00185246
0.385742	0.624023	0.00161162
0.348633	0.454102	-0.00189737
0.393555	0.625977	0.0014331
0.458008	0.604492	0.00131775
0.395508	0.625977	0.00178121
0.407227	0.62793	0.00120787
0.40918	0.62793	0.00130892
0.411133	0.62793	0.00137265
0.413086	0.62793	0.00139808
0.432617	0.625977	0.00122694
0.444336	0.62207	0.0010881
0.418945	0.62793	0.00123461
0.415039	0.62793	0.00138418
0.416992	0.62793	0.00132999
0.438477	0.624023	0.00148567
0.448242	0.620117	0.000945798
0.454102	0.616211	0.000483016
0.458008	0.610352	0.000723131
0.458008	0.606445	0.00151329
0.430664	0.625977	0.00165097
0.450195	0.618164	0.00149321
0.458008	0.608398	0.00130953
0.456055	0.612305	0.00151207
0.87207	0.655273	-0.00123393
0.874023	0.655273	-0.00122689
