0.5575	0.8925	-0.00366271
0.5525	0.8925	-0.0018655
0.5475	0.8925	-0.000214154
0.5525	0.6075	-0.00213334
0.5425	0.8975	-0.00351242
0.5375	0.8975	-0.0022081
0.5325	0.8975	-0.00105747
0.5475	0.6075	-0.00091883
0.4725	0.6125	-0.00281708
0.5275	0.8975	-6.37414e-05
0.5225	0.8975	0.00077011
0.5175	0.8975	0.00144148
0.4675	0.6125	0.000806441
0.5125	0.8975	0.00194817
0.5075	0.8975	0.00228834
0.4625	0.6125	0.00338262
0.5425	0.6075	-0.000565716
0.5025	0.8975	0.00246053
0.4975	0.8975	0.00246372
0.5225	0.9025	-0.0041747
0.5175	0.9025	-0.0035248
0.4575	0.6125	0.00445918
0.4925	0.8975	0.00229747
0.5375	0.6125	0.00331265
0.4675	0.6075	-0.00331369
0.5125	0.9025	-0.00303443
0.4875	0.8975	0.00196206
0.4725	0.8925	0.00486739
0.5575	0.6075	-0.00380823
0.5075	0.9025	-0.0027053
0.4825	0.8975	0.00145853
0.5175	0.8475	0.00308774
0.5675	0.8875	-0.00317097
0.4625	0.6075	-0.00133913
0.4525	0.6125	0.00403683
0.5025	0.9025	-0.00253873
0.4675	0.8925	0.00383876
0.5325	0.6175	0.00396116
0.5125	0.8475	0.000347982
0.5425	0.8925	0.00128695
0.4975	0.9025	-0.00253564
0.4775	0.8975	0.000788627
0.4625	0.8925	0.00264734
0.4525	0.8875	0.00452729
0.5775	0.8825	-0.0034989
0.4775	0.6225	-0.00351824
0.5625	0.8875	-0.00103477
0.5375	0.6075	-0.00138818
0.4575	0.6075	-0.000531172
0.4475	0.6125	0.00267105
0.5675	0.6125	-0.00325452
0.5325	0.6125	0.000650332
0.5075	0.8475	-0.00162093
0.4925	0.9025	-0.00269644
0.4375	0.6175	0.00342296
0.5775	0.6175	-0.0035001
0.4725	0.8975	-4.52906e-05
0.4775	0.6275	-0.00289092
0.4575	0.8925	0.00129711
0.4475	0.8875	0.00281915
0.4375	0.8825	0.00350053
0.5025	0.8475	-0.00267495
0.5725	0.8825	-0.00103509
0.4725	0.6175	-0.000218105
0.5825	0.8775	-0.00186351
0.5925	0.8725	-0.00350287
0.5625	0.6125	-0.00114408
0.4525	0.6075	-0.000875786
0.4875	0.9025	-0.00302087
0.4425	0.6125	0.000883721
0.4275	0.6225	0.00330971
0.4675	0.8975	-0.00104042
0.4775	0.6325	-0.00264439
0.4775	0.6375	-0.00254983
0.5925	0.6275	-0.00350606
0.4775	0.6425	-0.00251482
0.5275	0.6225	0.00125878
0.5275	0.6275	0.00203119
0.5275	0.6325	0.00232398
0.5275	0.6375	0.00243603
0.4275	0.8775	0.00332998
0.5075	0.8525	0.00317858
0.4775	0.6475	-0.00250299
0.5275	0.6425	0.00247772
0.5275	0.6475	0.00249266
0.5575	0.8875	0.000963219
0.5575	0.6125	0.000834441
0.5375	0.8925	0.00263364
0.5975	0.8675	-0.002686
0.5725	0.6175	-0.00106198
0.4325	0.6175	0.00123522
0.4525	0.8925	-0.000207691
0.5825	0.6225	-0.00185586
0.4425	0.8875	0.000962677
0.4175	0.6275	0.00231513
0.4125	0.6325	0.00349982
0.5275	0.6175	-0.000392399
0.4325	0.8825	0.00129868
0.5975	0.6325	-0.00268726
0.4775	0.6525	-0.00249933
0.5275	0.6525	0.00249759
0.4175	0.8725	0.00231124
0.4125	0.8675	0.00350144
0.4775	0.6575	-0.00249846
0.5275	0.6575	0.00249899
0.4775	0.6625	-0.00249852
0.4775	0.6675	-0.00249877
0.5275	0.6625	0.00249914
0.4775	0.6725	-0.00249889
0.5275	0.6675	0.00249901
0.5275	0.6725	0.00249892
0.4775	0.6775	-0.00249883
0.5275	0.6775	0.00249888
0.4775	0.6825	-0.00249873
0.5025	0.8525	0.00229881
0.4975	0.8475	-0.00271475
0.5275	0.6825	0.00249882
0.4775	0.6875	-0.00249867
0.4725	0.6225	0.00137746
0.5675	0.8825	0.00130093
0.5225	0.8425	0.00320614
0.4825	0.9025	-0.00350801
0.5875	0.8725	-0.00054234
0.5675	0.6175	0.0012357
0.4375	0.6125	-0.00111422
0.4625	0.8975	-0.0021936
0.6025	0.8625	-0.00219262
0.6075	0.8575	-0.00202669
0.4225	0.6225	0.000793875
0.5875	0.6275	-0.000543051
0.4375	0.8875	-0.00103669
0.6125	0.8525	-0.00219014
0.6175	0.8475	-0.00268219
0.6025	0.6375	-0.00219178
0.6225	0.8425	-0.00349935
0.6075	0.6425	-0.0020275
0.4225	0.8775	0.00079525
0.6325	0.8275	-0.00350096
0.6125	0.6475	-0.00219265
0.6225	0.6575	-0.00350118
0.3825	0.6625	0.00349864
0.6175	0.6525	-0.00268475
0.3825	0.8375	0.00350226
0.6375	0.8175	-0.003175
0.6325	0.6725	-0.0035003
0.3775	0.6675	0.00230868
0.6425	0.8075	-0.00366353
0.5275	0.6875	0.00249874
0.4775	0.6925	-0.00249868
0.4775	0.6975	-0.00249875
0.5275	0.6925	0.00249865
0.4775	0.7025	-0.00249884
0.5275	0.6975	0.00249859
0.6375	0.6825	-0.00317363
0.3725	0.6775	0.00332728
0.6425	0.6925	-0.00366236
0.3775	0.8325	0.0023124
0.3725	0.8225	0.00333154
0.3675	0.6875	0.00349723
0.5275	0.7025	0.00249853
0.3675	0.8125	0.00350176
0.3625	0.7025	0.00452439
0.6475	0.7925	-0.00350039
0.4775	0.7075	-0.00249894
0.4775	0.7125	-0.00249905
0.5275	0.7075	0.00249848
0.6475	0.7075	-0.00349974
0.6525	0.7725	-0.00414995
0.3625	0.7975	0.00452814
0.3575	0.7175	0.00383902
0.3575	0.7225	0.00486901
0.3575	0.7775	0.00487027
0.4925	0.8475	-0.00172695
0.5275	0.7125	0.00249843
0.4775	0.7175	-0.00249912
0.3625	0.6975	0.00281589
0.4775	0.7225	-0.00249915
0.5275	0.7175	0.00249838
0.4775	0.7275	-0.00249917
0.5275	0.7225	0.00249833
0.6525	0.7675	-0.00349968
0.6525	0.7275	-0.00414971
0.3625	0.8025	0.00282
0.3575	0.7125	0.00264642
0.3575	0.7825	0.00384083
0.5275	0.7275	0.0024983
0.6525	0.7625	-0.0030102
0.4775	0.7325	-0.00249919
0.4775	0.7375	-0.00249921
0.5275	0.7325	0.00249829
0.5275	0.7375	0.00249828
0.6525	0.7325	-0.00349972
0.3575	0.7875	0.00264889
0.6525	0.7575	-0.00268307
0.4775	0.7425	-0.00249925
0.4775	0.7475	-0.00249929
0.5275	0.7425	0.00249829
0.6525	0.7375	-0.00301041
0.6525	0.7525	-0.00251931
0.5275	0.7475	0.0024983
0.6525	0.7425	-0.00268329
0.6525	0.7475	-0.00251941
0.4875	0.8425	-0.0040643
0.5525	0.8875	0.00281732
0.5525	0.6125	0.00261389
0.5325	0.8925	0.00382217
0.5775	0.8775	0.000794936
0.4475	0.6075	-0.0020773
0.5775	0.6225	0.000801072
0.4275	0.6175	-0.00107226
0.4475	0.8925	-0.00186251
0.4725	0.6275	0.00209305
0.5925	0.8675	0.000456999
0.5925	0.6325	0.000453957
0.4075	0.6325	0.000458568
0.4025	0.6375	0.00112952
0.3975	0.6425	0.00146646
0.4275	0.8825	-0.00103668
0.4725	0.6325	0.00235329
0.4125	0.6275	-0.000538072
0.6275	0.8325	-0.00186313
0.3925	0.6475	0.00146596
0.4125	0.8725	-0.000538632
0.3875	0.6525	0.00112915
0.4075	0.8675	0.000461664
0.4025	0.8625	0.00113248
0.3975	0.8575	0.00146912
0.3925	0.8525	0.00146922
0.6275	0.6675	-0.00186322
0.3875	0.8475	0.00113284
0.4975	0.8525	0.00226538
0.6225	0.8375	-0.000539693
0.6325	0.8225	-0.00103836
0.3825	0.6575	0.000458644
0.6225	0.6625	-0.000540878
0.6375	0.8125	-0.00103824
0.6425	0.8025	-0.00186321
0.6325	0.6775	-0.00103733
0.6475	0.7875	-0.00219182
0.6375	0.6875	-0.00103683
0.3825	0.8425	0.00046234
0.3725	0.6725	0.000792674
0.3675	0.6825	0.0012956
0.3725	0.8275	0.000796719
0.6425	0.6975	-0.0018623
0.3675	0.8175	0.00130008
0.3625	0.6925	0.000959248
0.6475	0.7125	-0.00219115
0.3625	0.8075	0.000963613
0.3575	0.7075	0.00129517
0.3575	0.7925	0.00129826
0.4775	0.7525	-0.00249937
0.5275	0.7525	0.00249837
0.5275	0.8325	0.00386414
0.6425	0.7975	-0.00020785
0.6475	0.7825	-0.00103748
0.6425	0.7025	-0.000207143
0.6475	0.7175	-0.00103683
0.4775	0.7575	-0.00249947
0.5275	0.7575	0.00249845
0.5275	0.8275	0.00310637
0.6475	0.7775	-4.09182e-05
0.6475	0.7225	-4.04043e-05
0.4775	0.7625	-0.00249958
0.5275	0.7625	0.0024985
0.3525	0.7325	0.00146381
0.3525	0.7375	0.0019697
0.3525	0.7425	0.00230801
0.3525	0.7475	0.00247752
0.3525	0.7525	0.0024776
0.3525	0.7575	0.00230826
0.3525	0.7625	0.00197014
0.4775	0.7675	-0.00249965
0.3525	0.7275	0.00079205
0.3525	0.7675	0.00146443
0.4775	0.7725	-0.00249962
0.5275	0.7675	0.00249855
0.3525	0.7725	0.000792892
0.4775	0.7775	-0.00249958
0.5275	0.7725	0.00249865
0.4775	0.7825	-0.00249963
0.5275	0.7775	0.0024988
0.4775	0.7875	-0.00249991
0.5275	0.7825	0.00249887
0.4775	0.7925	-0.00250018
0.5275	0.7875	0.00249878
0.5275	0.7925	0.00249876
0.4825	0.8375	-0.00376939
0.4775	0.7975	-0.00249964
0.5275	0.7975	0.0024996
0.5275	0.8225	0.0027606
0.4775	0.8025	-0.00249633
0.4775	0.8075	-0.00248594
0.5275	0.8025	0.00250312
0.4775	0.8125	-0.00245855
0.5275	0.8075	0.0025135
0.5275	0.8125	0.00254048
0.5275	0.8175	0.00260645
0.4775	0.8175	-0.00239143
0.4775	0.8225	-0.00223147
0.4775	0.8275	-0.0018454
0.5475	0.6125	0.00399026
0.5425	0.6125	0.0044258
0.5325	0.6075	-0.00341274
0.5175	0.8425	-0.000643924
0.4775	0.9025	-0.00415629
0.5625	0.8825	0.00350278
0.5275	0.6125	-0.00301327
0.4575	0.8975	-0.00350122
0.5825	0.8725	0.00230864
0.5625	0.6175	0.00340335
0.5975	0.8625	0.00112811
0.4325	0.6125	-0.00324621
0.5825	0.6275	0.00231327
0.4175	0.6225	-0.00185724
0.5975	0.6375	0.0011283
0.4325	0.8875	-0.00317332
0.4175	0.8775	-0.00186178
0.5225	0.8375	0.000672177
0.6025	0.8575	0.00146597
0.6075	0.8525	0.00146732
0.4725	0.6375	0.00244985
0.6125	0.8475	0.00113148
0.4725	0.6425	0.00248514
0.6175	0.8425	0.000460817
0.4725	0.6475	0.002497
0.6025	0.6425	0.00146635
0.5225	0.6225	-0.00362474
0.5225	0.6275	-0.00294936
0.5225	0.6325	-0.002673
0.5225	0.6375	-0.00256354
0.5225	0.6425	-0.00252223
0.6075	0.6475	0.00146543
0.4725	0.6525	0.00250067
0.5225	0.6475	-0.00250735
0.5225	0.6525	-0.00250243
0.6125	0.6525	0.00112881
0.6175	0.6575	0.000458614
0.3775	0.6625	-0.000541308
0.3775	0.8375	-0.000537642
0.6275	0.8275	0.000793746
0.4725	0.6575	0.00250155
0.5225	0.6575	-0.00250102
0.4725	0.6625	0.00250149
0.5225	0.6625	-0.00250087
0.6275	0.6725	0.000794172
0.6325	0.8175	0.00129696
0.4725	0.6675	0.00250124
0.4725	0.6725	0.00250112
0.5225	0.6675	-0.002501
0.6375	0.8075	0.000961395
0.4725	0.6775	0.00250117
0.5225	0.6725	-0.00250109
0.5225	0.6775	-0.00250114
0.3725	0.6675	-0.00186432
0.4725	0.6825	0.00250128
0.5225	0.6825	-0.00250119
0.4725	0.6875	0.00250134
0.6325	0.6825	0.00129829
0.6375	0.6925	0.00096269
0.3675	0.6775	-0.00103952
0.3725	0.8325	-0.00186047
0.3675	0.8225	-0.00103516
0.3625	0.6875	-0.00104008
0.4925	0.8525	0.00308663
0.3625	0.8125	-0.00103559
0.3575	0.7025	-0.000210416
0.3575	0.7975	-0.000206825
0.4875	0.8475	0.000201555
0.5225	0.6875	-0.00250127
0.4725	0.6925	0.00250133
0.6425	0.7925	0.00129769
0.6425	0.7075	0.00129832
0.6475	0.7725	0.000794696
0.6475	0.7275	0.000794969
0.3525	0.7225	-4.33965e-05
0.3525	0.7775	-4.22238e-05
0.4825	0.8425	-0.000772262
0.5225	0.8325	-0.0010039
0.5225	0.6925	-0.00250135
0.4725	0.6975	0.00250126
0.4725	0.7025	0.00250118
0.5225	0.6975	-0.00250142
0.4725	0.7075	0.00250107
0.5225	0.7025	-0.00250147
0.5225	0.7075	-0.00250152
0.3575	0.6975	-0.00186568
0.4725	0.7125	0.00250097
0.4725	0.7175	0.00250089
0.5225	0.7125	-0.00250157
0.6475	0.7675	0.00146661
0.3575	0.8025	-0.00186173
0.3525	0.7125	-0.00219424
0.3525	0.7175	-0.00103988
0.3525	0.7825	-0.0010382
0.5225	0.7175	-0.00250162
0.4725	0.7225	0.00250086
0.4725	0.7275	0.00250085
0.5225	0.7225	-0.00250167
0.4725	0.7325	0.00250083
0.5225	0.7275	-0.00250169
0.6475	0.7625	0.00197252
0.6475	0.7325	0.00146661
0.3525	0.7875	-0.00219195
0.5225	0.7325	-0.00250171
0.6475	0.7575	0.00231069
0.4725	0.7375	0.0025008
0.4725	0.7425	0.00250077
0.5225	0.7375	-0.00250172
0.5225	0.7425	-0.00250171
0.6475	0.7375	0.00197233
0.6475	0.7525	0.00247999
0.4725	0.7475	0.00250073
0.5225	0.7475	-0.00250169
0.6475	0.7425	0.00231047
0.6475	0.7475	0.0024799
0.4775	0.8325	-0.000961879
0.4775	0.8375	0.000676836
0.5475	0.8875	0.00452207
0.5275	0.8925	0.00484912
0.4675	0.6175	0.00414822
0.5125	0.8425	-0.00390894
0.5725	0.8775	0.00333101
0.4425	0.6075	-0.00375377
0.5725	0.6225	0.00332077
0.4425	0.8925	-0.0036624
0.5875	0.8675	0.00349717
0.4225	0.6175	-0.00351012
0.5875	0.6325	0.0034943
0.4225	0.8825	-0.00349937
0.4075	0.6275	-0.00350055
0.4025	0.6325	-0.00268459
0.3975	0.6375	-0.00219152
0.6225	0.8325	0.00230999
0.3925	0.6425	-0.00202718
0.3875	0.6475	-0.0021922
0.4075	0.8725	-0.00349843
0.4025	0.8675	-0.00268131
0.3975	0.8625	-0.00218881
0.3925	0.8575	-0.00202421
0.3825	0.6525	-0.00268463
0.3875	0.8525	-0.00218859
0.6225	0.6675	0.00230952
0.3825	0.8475	-0.0026808
0.5175	0.8375	-0.00373288
0.6175	0.8375	0.00350045
0.6275	0.8225	0.00332833
0.6175	0.6625	0.00349888
0.3775	0.6575	-0.00350136
0.3775	0.8425	-0.00349761
0.6325	0.8125	0.00349886
0.6275	0.6775	0.00332924
0.6375	0.8025	0.00281828
0.6325	0.6875	0.00350035
0.3675	0.6725	-0.00350203
0.6375	0.6975	0.0028193
0.3675	0.8275	-0.00349787
0.3625	0.6825	-0.00317652
0.3625	0.8175	-0.00317204
0.6425	0.7875	0.00264886
0.6425	0.7125	0.00264949
0.3575	0.6925	-0.0036658
0.3575	0.8075	-0.00366158
0.3525	0.7075	-0.0035029
0.3525	0.7925	-0.00349999
0.4725	0.7525	0.00250066
0.5225	0.7525	-0.00250162
0.4825	0.8475	0.00292861
0.6375	0.7975	0.00452695
0.6425	0.7825	0.00384143
0.6375	0.7025	0.00452764
0.6425	0.7175	0.00384206
0.4725	0.7575	0.00250055
0.5225	0.7575	-0.00250153
0.5225	0.8275	-0.00186566
0.6425	0.7775	0.00487147
0.6425	0.7225	0.00487202
0.4725	0.7625	0.00250044
0.5225	0.7625	-0.00250148
0.5225	0.8225	-0.00223407
0.4725	0.7675	0.00250038
0.5225	0.7675	-0.00250143
0.3475	0.7275	-0.00415261
0.3475	0.7325	-0.00350249
0.3475	0.7375	-0.00301301
0.3475	0.7425	-0.00268574
0.3475	0.7475	-0.00252178
0.3475	0.7525	-0.0025217
0.3475	0.7575	-0.0026855
0.3475	0.7625	-0.00301259
0.3475	0.7675	-0.00350188
0.4725	0.7725	0.0025004
0.3475	0.7725	-0.0041518
0.4725	0.7775	0.00250045
0.5225	0.7725	-0.00250133
0.4725	0.7825	0.0025004
0.5225	0.7775	-0.00250118
0.4725	0.7875	0.00250012
0.5225	0.7825	-0.00250111
0.4725	0.7925	0.00249985
0.5225	0.7875	-0.0025012
0.4725	0.7975	0.00250039
0.5225	0.7925	-0.00250122
0.5225	0.7975	-0.00250037
0.4775	0.8425	0.00313404
0.4725	0.8025	0.00250369
0.5225	0.8025	-0.00249685
0.5225	0.8175	-0.00239253
0.4725	0.8075	0.00251406
0.4725	0.8125	0.0025413
0.5225	0.8075	-0.00248645
0.4725	0.8175	0.0026076
0.5225	0.8125	-0.00245932
0.4725	0.8225	0.00276303
0.4725	0.8275	0.00312375
0.4725	0.8325	0.00390478
