0.10375	0.54125	-0.00195606
0.10375	0.53875	-0.0012965
0.10375	0.53625	-0.000675551
0.10375	0.53375	-9.36872e-05
0.10125	0.53125	-0.00199709
0.39125	0.47625	-0.00230828
0.10125	0.52875	-0.00150288
0.10125	0.52625	-0.00104846
0.10125	0.52375	-0.000634173
0.10125	0.52125	-0.000260338
0.10125	0.51875	7.27566e-05
0.10125	0.51625	0.000364847
0.10125	0.51375	0.000615691
0.39625	0.53875	-0.00135036
0.10125	0.51125	0.000825069
0.10125	0.50875	0.000992791
0.10125	0.50625	0.0011187
0.15125	0.52125	0.00137679
0.10125	0.50375	0.0012027
0.15125	0.51875	0.000192746
0.39375	0.47375	-0.00132889
0.39625	0.53625	-0.000854046
0.15125	0.51625	-0.000575547
0.10125	0.50125	0.0012447
0.39375	0.47125	0.000411377
0.10125	0.49875	0.00124469
0.15125	0.51375	-0.000975478
0.09875	0.51875	-0.00240794
0.10125	0.49625	0.00120266
0.14875	0.51625	0.00186739
0.15125	0.51125	-0.0011377
0.09875	0.51625	-0.00212061
0.39375	0.53375	0.00185283
0.14875	0.51375	0.00151267
0.15125	0.50875	-0.00120197
0.39625	0.54125	-0.00197665
0.09875	0.51375	-0.00187387
0.09875	0.51125	-0.00166793
0.39375	0.46875	0.00153507
0.10125	0.49375	0.00111867
0.14875	0.51125	0.00136031
0.09875	0.50875	-0.00150296
0.10125	0.49125	0.000992766
0.15125	0.50625	-0.00122947
0.09875	0.50625	-0.00137913
0.39625	0.53375	-0.000646507
0.10125	0.48875	0.000825073
0.10375	0.47875	0.00221411
0.14875	0.50875	0.00129768
0.15125	0.50375	-0.00124267
0.10625	0.54875	-0.0017915
0.09875	0.50375	-0.00129652
0.39375	0.46625	0.00188313
0.14875	0.50625	0.00127046
0.10375	0.53125	0.000448622
0.10125	0.48625	0.000615725
0.10375	0.47625	0.00183396
0.39375	0.53125	0.00145783
0.14875	0.50375	0.00125731
0.15125	0.50125	-0.00124966
0.09875	0.50125	-0.00125521
0.39375	0.46375	0.00162006
0.10125	0.48375	0.000364896
0.10375	0.47375	0.00141272
0.10625	0.46625	0.00234096
0.15125	0.49875	-0.00125283
0.10875	0.55625	-0.00203831
0.10625	0.54625	-0.00100715
0.39625	0.47125	-0.00172755
0.09875	0.49875	-0.00125522
0.39375	0.54875	-0.00179496
0.39125	0.45625	0.00211887
0.14875	0.50125	0.00125033
0.09875	0.49625	-0.00129656
0.39375	0.46125	0.00108347
0.10125	0.48125	7.27934e-05
0.10375	0.47125	0.000950731
0.10625	0.46375	0.00174955
0.39125	0.52875	0.00205073
0.14875	0.49875	0.00124717
0.15125	0.49625	-0.00125183
0.10875	0.55375	-0.00113124
0.10625	0.54375	-0.000260293
0.10375	0.52875	0.000950943
0.11125	0.56125	-0.00166786
0.39625	0.46875	-0.000878218
0.39375	0.54625	-0.00101674
0.39125	0.55625	-0.00203855
0.39125	0.45375	0.0013628
0.38875	0.44875	0.00208799
0.10875	0.45625	0.00212946
0.15125	0.49375	-0.00124311
0.09875	0.49375	-0.00137917
0.10125	0.47875	-0.000260344
0.39125	0.55375	-0.00113011
0.10375	0.46875	0.000448373
0.10625	0.46125	0.00111851
0.38875	0.56125	-0.00166785
0.10875	0.45375	0.00137062
0.11125	0.44875	0.00208724
0.14875	0.49625	0.00124816
0.38875	0.47625	-0.0016606
0.10875	0.55125	-0.000260294
0.39625	0.53125	-0.000944946
0.39375	0.54375	-0.000273891
0.39625	0.46625	-0.000615809
0.09875	0.49125	-0.00150299
0.11375	0.56625	-0.00150289
0.39375	0.45875	0.000435094
0.10125	0.47625	-0.000634243
0.11625	0.57125	-0.00154411
0.38875	0.44625	0.00120343
0.39375	0.52875	0.000302316
0.38625	0.44125	0.00162314
0.38625	0.56625	-0.00150279
0.38375	0.43625	0.0018342
0.10625	0.45875	0.000448341
0.11375	0.44125	0.00162321
0.14875	0.49375	0.00125684
0.15125	0.49125	-0.00121457
0.10625	0.54125	0.000448514
0.10375	0.52625	0.00141287
0.39375	0.54125	0.000430971
0.11125	0.55875	-0.000675623
0.39125	0.55125	-0.000258789
0.39125	0.45125	0.000570679
0.11875	0.57625	-0.00179136
0.38875	0.55875	-0.000676203
0.10375	0.46625	-9.39495e-05
0.38625	0.47625	-0.00138641
0.38375	0.57125	-0.00154424
0.38125	0.43125	0.00183416
0.38125	0.57625	-0.00179139
0.10875	0.45125	0.000573793
0.11125	0.44625	0.00120255
0.38375	0.47625	-0.00129286
0.11625	0.43625	0.00183404
0.11875	0.43125	0.00183412
0.38125	0.47625	-0.00126248
0.37875	0.47625	-0.00125323
0.38125	0.52625	0.00123025
0.38375	0.52625	0.00118957
0.38625	0.52625	0.00107445
0.38875	0.52625	0.000727214
0.37625	0.47625	-0.00125059
0.37875	0.52625	0.00124409
0.37625	0.52625	0.00124856
0.15125	0.48875	-0.00113619
0.39125	0.47375	2.09214e-06
0.09875	0.48875	-0.00166792
0.11375	0.56375	-0.000426501
0.39625	0.46375	-0.000843428
0.39375	0.45625	-0.000271256
0.10125	0.47375	-0.0010486
0.38875	0.44375	0.000281583
0.10375	0.46375	-0.000675801
0.12125	0.57875	-0.000924217
0.12375	0.58375	-0.00150287
0.38625	0.56375	-0.000426159
0.38625	0.43875	0.000615775
0.10625	0.45625	-0.000260434
0.38375	0.43375	0.000741469
0.37875	0.42625	0.00162346
0.12875	0.59125	-0.00175019
0.37625	0.58375	-0.00150299
0.37375	0.41875	0.00196083
0.11125	0.44375	0.000281337
0.11375	0.43875	0.000615717
0.37375	0.47625	-0.00124996
0.12125	0.42625	0.00162342
0.37375	0.52625	0.00124981
0.37125	0.59125	-0.00175033
0.37125	0.47625	-0.00124994
0.37125	0.52625	0.00125004
0.12625	0.41875	0.00196081
0.36875	0.47625	-0.00125003
0.36625	0.47625	-0.00125005
0.36875	0.52625	0.00125001
0.36375	0.47625	-0.00125
0.36625	0.52625	0.00124998
0.36125	0.47625	-0.00124998
0.36375	0.52625	0.00125
0.35875	0.47625	-0.00125001
0.36125	0.52625	0.00125002
0.14875	0.49125	0.00128501
0.35625	0.47625	-0.00125003
0.35875	0.52625	0.00125002
0.35375	0.47625	-0.00125003
0.35625	0.52625	0.00125001
0.35125	0.47625	-0.00125001
0.35375	0.52625	0.00125001
0.35125	0.52625	0.00125001
0.10625	0.53875	0.00111872
0.39375	0.53875	0.00107865
0.10875	0.54875	0.0005739
0.09875	0.48625	-0.00187384
0.11125	0.55625	0.000281443
0.11625	0.56875	-0.000384908
0.39125	0.54875	0.000572334
0.11875	0.57375	-0.000551046
0.39125	0.44875	-0.000260214
0.38875	0.55625	0.000280857
0.38375	0.56875	-0.000385071
0.10875	0.44875	-0.000260398
0.38125	0.57375	-0.000551068
0.38125	0.42875	0.000657745
0.37875	0.57875	-0.000924332
0.39125	0.52625	-9.74854e-05
0.11625	0.43375	0.000741358
0.12625	0.58625	-0.000841374
0.13125	0.59375	-0.00129647
0.37625	0.42125	0.00120283
0.37375	0.58625	-0.000841462
0.36875	0.41125	0.00174995
0.11875	0.42875	0.000657712
0.37125	0.41375	0.00120287
0.12375	0.42125	0.00120282
0.36875	0.59375	-0.00129665
0.13125	0.41125	0.00174992
0.12875	0.41375	0.00120284
0.34875	0.47625	-0.00125
0.34625	0.47625	-0.00125
0.34875	0.52625	0.00125001
0.34375	0.47625	-0.00125001
0.34625	0.52625	0.00125001
0.34125	0.47625	-0.00125001
0.34375	0.52625	0.00125001
0.33875	0.47625	-0.00125002
0.34125	0.52625	0.00125001
0.33625	0.47625	-0.00125002
0.33875	0.52625	0.00125001
0.33375	0.47625	-0.00125002
0.33625	0.52625	0.00125001
0.33375	0.52625	0.00125001
0.33125	0.47625	-0.00125002
0.32875	0.47625	-0.00125003
0.33125	0.52625	0.00125001
0.32625	0.47625	-0.00125003
0.32875	0.52625	0.00125001
0.32375	0.47625	-0.00125003
0.32625	0.52625	0.00125001
0.32125	0.47625	-0.00125002
0.32375	0.52625	0.00125001
0.32125	0.52625	0.00125001
0.14875	0.48875	0.00136093
0.15125	0.48625	-0.000936474
0.31875	0.47625	-0.00125002
0.31625	0.47625	-0.00125002
0.31875	0.52625	0.00125001
0.31375	0.47625	-0.00125002
0.31625	0.52625	0.00125001
0.31375	0.52625	0.00125001
0.38875	0.47375	0.000793469
0.10375	0.52375	0.00183404
0.39375	0.53625	0.00161101
0.15375	0.52375	0.00127533
0.39625	0.46125	-0.0013452
0.10125	0.47125	-0.00150308
0.11375	0.56125	0.000615807
0.39375	0.45375	-0.00101632
0.10375	0.46125	-0.00129672
0.38625	0.56125	0.000616029
0.38875	0.44125	-0.000675797
0.12375	0.58125	-0.000135335
0.38625	0.43625	-0.000426426
0.10625	0.45375	-0.00100727
0.37875	0.42375	0.000365123
0.12875	0.58875	-0.000260174
0.38375	0.43125	-0.000384891
0.11125	0.44125	-0.000675724
0.13375	0.59625	-0.00092423
0.37625	0.58125	-0.000135483
0.37375	0.41625	0.000574128
0.11375	0.43625	-0.000426579
0.11625	0.43125	-0.000384946
0.12125	0.42375	0.000365096
0.36625	0.59625	-0.000924421
0.12625	0.41625	0.000574093
0.13625	0.59875	-0.000634075
0.37125	0.58875	-0.000260286
0.36625	0.40625	0.000657894
0.36375	0.40375	0.000993061
0.36125	0.40125	0.00124491
0.35875	0.39875	0.00141304
0.36375	0.59875	-0.000634241
0.15875	0.62125	-0.00175028
0.35625	0.39625	0.00149717
0.35375	0.39375	0.00149715
0.35125	0.39125	0.00141296
0.13375	0.40625	0.000657869
0.13625	0.40375	0.000993059
0.13875	0.40125	0.00124493
0.14125	0.39875	0.00141308
0.14375	0.39625	0.00149722
0.14625	0.39375	0.00149722
0.15625	0.61875	-0.00129649
0.34875	0.38875	0.00124478
0.34125	0.62125	-0.00175006
0.33875	0.38125	0.00174977
0.14875	0.39125	0.00141308
0.33125	0.37625	0.00196062
0.16125	0.38125	0.00174995
0.16875	0.37625	0.00196087
0.16625	0.62625	-0.00150302
0.34375	0.61875	-0.00129639
0.34625	0.38625	0.000992953
0.17375	0.63125	-0.00179142
0.15125	0.38875	0.00124493
0.33375	0.62625	-0.00150265
0.33625	0.37875	0.00120268
0.15375	0.38625	0.000993027
0.17875	0.63375	-0.00154417
0.32625	0.63125	-0.00179097
0.18375	0.63625	-0.0015029
0.18875	0.63875	-0.00166775
0.32875	0.37375	0.00120259
0.19375	0.64125	-0.00203811
0.32125	0.63375	-0.00154368
0.31125	0.47625	-0.00125002
0.30875	0.47625	-0.00125002
0.31125	0.52625	0.00125001
0.30875	0.52625	0.00125001
0.31625	0.63625	-0.0015023
0.31125	0.63875	-0.00166724
0.32375	0.37125	0.00162321
0.16375	0.37875	0.00120291
0.31875	0.36875	0.00183391
0.17125	0.37375	0.00120287
0.17625	0.37125	0.00162346
0.31375	0.36625	0.00183392
0.30625	0.47625	-0.00125001
0.30625	0.64125	-0.0020377
0.18125	0.36875	0.00183424
0.30625	0.52625	0.00125001
0.18625	0.36625	0.00183424
0.20125	0.64375	-0.00179126
0.30375	0.47625	-0.00125001
0.30125	0.47625	-0.00125001
0.30375	0.52625	0.00125001
0.30875	0.36375	0.00162311
0.30125	0.36125	0.00208708
0.19875	0.36125	0.00208747
0.20875	0.64625	-0.00195587
0.29875	0.47625	-0.00125001
0.30125	0.52625	0.00125001
0.29625	0.47625	-0.00125001
0.29875	0.52625	0.00125001
0.29875	0.64375	-0.00179087
0.29375	0.47625	-0.00125001
0.29625	0.52625	0.00125001
0.29125	0.64625	-0.00195536
0.19125	0.36375	0.00162346
0.29375	0.35875	0.00212943
0.29125	0.47625	-0.00125001
0.29375	0.52625	0.00125001
0.21875	0.64875	-0.00199691
0.29125	0.52625	0.00125
0.20625	0.35875	0.00212973
0.28375	0.35625	0.00234084
0.21625	0.35625	0.0023411
0.28125	0.64875	-0.00199648
0.23125	0.65125	-0.00240753
0.26875	0.65125	-0.00240719
0.27125	0.35375	0.00221402
0.22875	0.35375	0.00221417
0.15125	0.48375	-0.000495042
0.28875	0.47625	-0.00125
0.30375	0.36125	0.00120238
0.19625	0.36125	0.00120278
0.29625	0.35875	0.00137055
0.21125	0.64625	-0.00129635
0.28625	0.47625	-0.00125
0.28875	0.52625	0.00125
0.28625	0.52625	0.00125
0.28375	0.47625	-0.00125
0.22125	0.64875	-0.00150265
0.28875	0.64625	-0.00129581
0.28125	0.47625	-0.00125
0.28375	0.52625	0.00125
0.27875	0.47625	-0.00124999
0.28125	0.52625	0.00125
0.20375	0.35875	0.00137087
0.28625	0.35625	0.00174948
0.21375	0.35625	0.00174972
0.27625	0.47625	-0.00124999
0.27875	0.52625	0.00125
0.27875	0.64875	-0.00150226
0.23375	0.65125	-0.0021202
0.26625	0.65125	-0.00211988
0.27375	0.35375	0.00183387
0.22625	0.35375	0.00183406
0.27375	0.47625	-0.00124999
0.27625	0.52625	0.00125
0.27125	0.47625	-0.00124999
0.27375	0.52625	0.00125
0.23625	0.65125	-0.00187347
0.26875	0.47625	-0.00124999
0.27125	0.52625	0.00125
0.26875	0.52625	0.00124999
0.26375	0.65125	-0.00187319
0.27625	0.35375	0.00141261
0.22375	0.35375	0.00141284
0.26625	0.47625	-0.00124998
0.26625	0.52625	0.00124999
0.26375	0.47625	-0.00124998
0.23875	0.65125	-0.00166753
0.26125	0.47625	-0.00124998
0.26375	0.52625	0.00124999
0.26125	0.65125	-0.00166731
0.25875	0.47625	-0.00124998
0.24125	0.65125	-0.00150256
0.26125	0.52625	0.00124999
0.25625	0.47625	-0.00124998
0.24375	0.65125	-0.00137871
0.25875	0.52625	0.00124999
0.25875	0.65125	-0.00150241
0.25375	0.47625	-0.00124997
0.25625	0.52625	0.00124999
0.24625	0.65125	-0.00129609
0.25125	0.47625	-0.00124995
0.25375	0.52625	0.00124999
0.25625	0.65125	-0.00137863
0.24875	0.65125	-0.00125476
0.25125	0.52625	0.00124999
0.25375	0.65125	-0.00129605
0.25125	0.65125	-0.00125475
0.15375	0.48125	-0.00193767
0.10625	0.53625	0.00174979
0.15375	0.52125	-0.00059628
0.10875	0.54625	0.00137073
0.09875	0.48375	-0.00212056
0.11125	0.55375	0.00120266
0.39125	0.54625	0.00136307
0.11625	0.56625	0.000741419
0.11875	0.57125	0.000657718
0.38875	0.55375	0.00120322
0.12125	0.57625	0.000365049
0.39125	0.44625	-0.00113034
0.38375	0.56625	0.000741386
0.38125	0.57125	0.000657636
0.10875	0.44625	-0.00113135
0.37875	0.57625	0.00036499
0.38125	0.42625	-0.000550993
0.38625	0.47375	0.00110849
0.12625	0.58375	0.000574034
0.13125	0.59125	0.000239788
0.13875	0.60125	-0.000426473
0.37625	0.41875	-0.000135258
0.37375	0.58375	0.000573928
0.11875	0.42625	-0.000551027
0.36875	0.59125	0.000239627
0.36875	0.40875	0.000239953
0.12375	0.41875	-0.000135275
0.36125	0.60125	-0.00042665
0.13125	0.40875	0.000239927
0.38375	0.47375	0.00120658
0.38125	0.47375	0.00123747
0.14125	0.60375	-0.00030177
0.37125	0.41125	-0.000260047
0.14375	0.60625	-0.000260175
0.37875	0.47375	0.00124676
0.37625	0.47375	0.0012494
0.14625	0.60875	-0.000301755
0.14875	0.61125	-0.00042644
0.37875	0.52375	-0.00125589
0.38125	0.52375	-0.00126965
0.38375	0.52375	-0.00130957
0.15125	0.61375	-0.000634033
0.15375	0.61625	-0.000924209
0.37625	0.52375	-0.00125144
0.35875	0.60375	-0.000301984
0.35625	0.60625	-0.000260387
0.35375	0.60875	-0.000301976
0.12875	0.41125	-0.00026007
0.35125	0.61125	-0.000426683
0.34875	0.61375	-0.000634222
0.34625	0.61625	-0.000924259
0.16375	0.62375	-0.00084154
0.34375	0.38375	0.000657781
0.17125	0.62875	-0.000924264
0.33625	0.62375	-0.000841202
0.15625	0.38375	0.000657821
0.32875	0.62875	-0.000923856
0.14875	0.48625	0.00154708
0.16125	0.62125	-0.000260308
0.33875	0.62125	-0.00026003
0.34125	0.38125	0.000239793
0.33375	0.37625	0.000573924
0.15875	0.38125	0.000239921
0.16625	0.37625	0.000574161
0.16875	0.62625	-0.00013545
0.17625	0.63125	-0.000551116
0.18125	0.63375	-0.000384951
0.33125	0.62625	-0.000135063
0.32375	0.63125	-0.000550638
0.18625	0.63625	-0.00042647
0.32625	0.37125	0.000364876
0.19125	0.63875	-0.00067547
0.19625	0.64125	-0.00113103
0.31875	0.63375	-0.000384418
0.31375	0.63625	-0.000425861
0.32125	0.36875	0.000657495
0.31625	0.36625	0.000741192
0.17375	0.37125	0.000365134
0.30875	0.63875	-0.000675031
0.17875	0.36875	0.000657791
0.30375	0.64125	-0.00113061
0.18375	0.36625	0.000741522
0.20375	0.64375	-0.0010069
0.31125	0.36375	0.000615624
0.29625	0.64375	-0.0010065
0.18875	0.36375	0.000615949
0.30625	0.36125	0.000281184
0.19375	0.36125	0.000281585
0.29875	0.35875	0.000573692
0.21375	0.64625	-0.000675427
0.22375	0.64875	-0.00104817
0.28625	0.64625	-0.000674883
0.20125	0.35875	0.000574036
0.28875	0.35625	0.00111848
0.21125	0.35625	0.00111872
0.27625	0.64875	-0.00104781
0.27875	0.35375	0.0009506
0.22125	0.35375	0.000950857
0.24875	0.47625	-0.00124994
0.24875	0.52625	0.00124999
0.15875	0.52625	0.00174421
0.19875	0.64125	-0.000260071
0.20625	0.64375	-0.000260055
0.30125	0.64125	-0.000259668
0.29375	0.64375	-0.000259623
0.21625	0.64625	-9.35619e-05
0.22625	0.64875	-0.000633827
0.28375	0.64625	-9.30608e-05
0.29125	0.35625	0.000448331
0.20875	0.35625	0.000448586
0.27375	0.64875	-0.000633469
0.28125	0.35375	0.00044823
0.21875	0.35375	0.000448504
0.24625	0.47625	-0.00124995
0.24625	0.52625	0.00124999
0.16125	0.52625	0.00145383
0.22875	0.64875	-0.000259953
0.27125	0.64875	-0.000259595
0.24375	0.47625	-0.00124997
0.24375	0.52625	0.00124998
0.24125	0.47625	-0.00124998
0.24125	0.52625	0.00124998
0.23875	0.47625	-0.00124997
0.23875	0.35125	0.000825003
0.24125	0.35125	0.000992673
0.24375	0.35125	0.00111855
0.24625	0.35125	0.00120253
0.24875	0.35125	0.00124454
0.25125	0.35125	0.00124454
0.25375	0.35125	0.00120253
0.25625	0.35125	0.00111854
0.25875	0.35125	0.000992656
0.26125	0.35125	0.00082497
0.26375	0.35125	0.000615625
0.23625	0.47625	-0.00124996
0.23875	0.52625	0.00124998
0.23625	0.35125	0.00061568
0.26625	0.35125	0.000364796
0.23375	0.47625	-0.00124996
0.23625	0.52625	0.00124998
0.23375	0.35125	0.000364878
0.26875	0.35125	7.26981e-05
0.23125	0.47625	-0.00124996
0.23375	0.52625	0.00124998
0.23125	0.35125	7.28097e-05
0.22875	0.47625	-0.00124996
0.23125	0.52625	0.00124998
0.22625	0.47625	-0.00124996
0.22875	0.52625	0.00124998
0.22375	0.47625	-0.00124996
0.22625	0.52625	0.00124998
0.22125	0.47625	-0.00124996
0.22375	0.52625	0.00124998
0.21875	0.47625	-0.00124996
0.22125	0.52625	0.00124998
0.21875	0.52625	0.00124997
0.21625	0.47625	-0.00124995
0.21625	0.52625	0.00124997
0.21375	0.47625	-0.00124995
0.21125	0.47625	-0.00124995
0.21375	0.52625	0.00124997
0.15625	0.47875	-0.0020698
0.20875	0.47625	-0.00124995
0.21125	0.52625	0.00124997
0.20625	0.47625	-0.00124995
0.20375	0.47625	-0.00124995
0.20875	0.52625	0.00124997
0.20625	0.52625	0.00124997
0.20125	0.47625	-0.00124995
0.20375	0.52625	0.00124997
0.20125	0.52625	0.00124996
0.19875	0.47625	-0.00124995
0.19875	0.52625	0.00124997
0.19625	0.47625	-0.00124995
0.19375	0.47625	-0.00124994
0.19625	0.52625	0.00124997
0.19375	0.52625	0.00124997
0.19125	0.47625	-0.00124995
0.18875	0.47625	-0.00124996
0.19125	0.52625	0.00124995
0.18625	0.47625	-0.00124994
0.18875	0.52625	0.00124993
0.18625	0.52625	0.00124996
0.16375	0.52625	0.00133044
0.16625	0.52625	0.00127955
0.18375	0.47625	-0.0012499
0.18125	0.47625	-0.0012499
0.17875	0.47625	-0.00125002
0.18375	0.52625	0.00125003
0.18125	0.52625	0.00125004
0.17625	0.47625	-0.00125017
0.17875	0.52625	0.00124991
0.17375	0.47625	-0.00124993
0.17625	0.52625	0.00124981
0.17125	0.47625	-0.00124817
0.17375	0.52625	0.00125026
0.16875	0.52625	0.0012597
0.17125	0.52625	0.00125251
0.16875	0.47625	-0.00124206
0.16625	0.47625	-0.00122421
0.16375	0.47625	-0.00117541
0.16125	0.47625	-0.00104287
0.10375	0.52125	0.00221412
0.39625	0.52875	-0.00182135
0.39625	0.45875	-0.00197227
0.10125	0.46875	-0.00199733
0.39375	0.52625	-0.00144636
0.11375	0.55875	0.00162331
0.39375	0.45125	-0.00179632
0.10375	0.45875	-0.00195624
0.38625	0.55875	0.00162297
0.10625	0.45125	-0.00179161
0.12375	0.57875	0.00120276
0.38875	0.43875	-0.00166796
0.38625	0.43375	-0.00150282
0.11125	0.43875	-0.00166795
0.12875	0.58625	0.00120276
0.38375	0.42875	-0.00154409
0.37875	0.42125	-0.00092414
0.13375	0.59375	0.000657702
0.37625	0.57875	0.00120262
0.11375	0.43375	-0.00150296
0.37375	0.41375	-0.000841264
0.11625	0.42875	-0.00154413
0.12125	0.42125	-0.00092416
0.37125	0.58625	0.00120266
0.38625	0.52375	-0.001419
0.38875	0.52375	-0.00172024
0.36625	0.59375	0.000657508
0.37375	0.47375	0.00125004
0.37375	0.52375	-0.00125019
0.12625	0.41375	-0.0008413
0.15625	0.52375	2.586e-05
0.13625	0.59625	0.000992874
0.37125	0.47375	0.00125006
0.37125	0.52375	-0.00124996
0.36375	0.59625	0.000992689
0.36875	0.47375	0.00124997
0.36875	0.52375	-0.00124999
0.36625	0.40375	-0.000924034
0.36375	0.40125	-0.000633903
0.36125	0.39875	-0.000426339
0.36625	0.47375	0.00124995
0.35875	0.39625	-0.000301659
0.36375	0.47375	0.00125
0.36625	0.52375	-0.00125002
0.15875	0.61875	0.000239722
0.36125	0.47375	0.00125002
0.36375	0.52375	-0.00125
0.35875	0.47375	0.00124999
0.36125	0.52375	-0.00124998
0.35625	0.39375	-0.000260084
0.35375	0.39125	-0.000301708
0.35125	0.38875	-0.000426446
0.13375	0.40375	-0.00092405
0.13625	0.40125	-0.000633886
0.13875	0.39875	-0.000426297
0.14125	0.39625	-0.000301609
0.35625	0.47375	0.00124997
0.35875	0.52375	-0.00124998
0.14375	0.39375	-0.000260024
0.14625	0.39125	-0.000301609
0.15625	0.61625	0.000657694
0.35375	0.47375	0.00124997
0.35625	0.52375	-0.00124999
0.35125	0.47375	0.00124999
0.35375	0.52375	-0.00124999
0.34875	0.47375	0.00125
0.35125	0.52375	-0.00124999
0.34875	0.38625	-0.000634027
0.34875	0.52375	-0.00124999
0.34125	0.61875	0.000239902
0.14875	0.38875	-0.000426296
0.33875	0.37875	-0.000260232
0.33125	0.37375	-0.000135489
0.16125	0.37875	-0.000260015
0.16875	0.37375	-0.000135215
0.16625	0.62375	0.000573865
0.34625	0.47375	0.00125
0.34375	0.61625	0.000657741
0.34625	0.38375	-0.000924143
0.34375	0.47375	0.00124999
0.34625	0.52375	-0.00124999
0.17375	0.62875	0.000364995
0.34125	0.47375	0.00124999
0.34375	0.52375	-0.00124999
0.15125	0.38625	-0.000633898
0.33875	0.47375	0.00124998
0.34125	0.52375	-0.00124999
0.33375	0.62375	0.000574223
0.15375	0.38375	-0.000924092
0.32625	0.62875	0.000365435
0.17875	0.63125	0.000657647
0.33625	0.47375	0.00124998
0.33875	0.52375	-0.00124999
0.33375	0.47375	0.00124998
0.33625	0.52375	-0.00124999
0.33625	0.37625	-0.000841465
0.33125	0.47375	0.00124998
0.33375	0.52375	-0.00124999
0.33125	0.52375	-0.00124999
0.16375	0.37625	-0.000841224
0.18375	0.63375	0.000741392
0.32875	0.47375	0.00124997
0.32625	0.47375	0.00124997
0.32875	0.52375	-0.00124999
0.32875	0.37125	-0.000924396
0.18875	0.63625	0.000615885
0.32375	0.47375	0.00124997
0.32625	0.52375	-0.00124999
0.32125	0.63125	0.000658139
0.19375	0.63875	0.00028163
0.32125	0.47375	0.00124998
0.32375	0.52375	-0.00124999
0.31875	0.47375	0.00124998
0.32125	0.52375	-0.00124999
0.31875	0.52375	-0.00124999
0.31625	0.63375	0.000741984
0.31125	0.63625	0.000616441
0.32375	0.36875	-0.000551238
0.31875	0.36625	-0.000385147
0.17125	0.37125	-0.000924105
0.17625	0.36875	-0.000550974
0.30625	0.63875	0.000282043
0.31375	0.36375	-0.000426688
0.18125	0.36625	-0.000384812
0.18625	0.36375	-0.00042637
0.14875	0.48375	0.00193974
0.31625	0.47375	0.00124998
0.20125	0.64125	0.000574141
0.30875	0.36125	-0.00067584
0.30125	0.35875	-0.000260545
0.19875	0.35875	-0.000260168
0.15125	0.48125	0.000303419
0.31375	0.47375	0.00124998
0.31625	0.52375	-0.00124999
0.31125	0.47375	0.00124998
0.31375	0.52375	-0.00124999
0.31125	0.52375	-0.00124999
0.20875	0.64375	0.00044872
0.29875	0.64125	0.000574528
0.29125	0.64375	0.000449209
0.19125	0.36125	-0.000675475
0.29375	0.35625	-0.000260455
0.21875	0.64625	0.000448789
0.28125	0.64625	0.000449231
0.20625	0.35625	-0.000260168
0.28375	0.35375	-9.4075e-05
0.21625	0.35375	-9.38069e-05
0.23125	0.64875	7.31632e-05
0.26875	0.64875	7.35121e-05
0.22875	0.35125	-0.000260285
0.27125	0.35125	-0.000260434
0.15375	0.47875	-0.000471354
0.15875	0.52375	-0.000712489
0.30875	0.47375	0.00124998
0.30625	0.47375	0.00124999
0.30875	0.52375	-0.00124999
0.30625	0.52375	-0.00124999
0.30375	0.47375	0.00124999
0.30375	0.52375	-0.00124999
0.30125	0.47375	0.00124999
0.29875	0.47375	0.00124999
0.30125	0.52375	-0.00124999
0.30375	0.35875	-0.00113152
0.19625	0.35875	-0.00113112
0.21125	0.64375	0.00111889
0.29625	0.47375	0.00124999
0.29875	0.52375	-0.00124999
0.29375	0.47375	0.00124999
0.29625	0.52375	-0.00124999
0.29125	0.47375	0.00124999
0.29375	0.52375	-0.00125
0.28875	0.64375	0.00111942
0.29625	0.35625	-0.00100732
0.28875	0.47375	0.00125
0.29125	0.52375	-0.00125
0.22125	0.64625	0.000951171
0.28875	0.52375	-0.00125
0.20375	0.35625	-0.00100702
0.28625	0.35375	-0.000675884
0.21375	0.35375	-0.000675642
0.27875	0.64625	0.000951559
0.23375	0.64875	0.000365257
0.26625	0.64875	0.000365578
0.27375	0.35125	-0.000634331
0.22625	0.35125	-0.000634147
0.28625	0.47375	0.00125
0.28375	0.47375	0.00125
0.28625	0.52375	-0.00125
0.28375	0.52375	-0.00125
0.28125	0.47375	0.00125001
0.27875	0.47375	0.00125001
0.28125	0.52375	-0.00125
0.27625	0.47375	0.00125001
0.27875	0.52375	-0.00125
0.27375	0.47375	0.00125001
0.27625	0.52375	-0.00125
0.23625	0.64875	0.000616092
0.26375	0.64875	0.000616371
0.27625	0.35125	-0.0010487
0.22375	0.35125	-0.00104848
0.27125	0.47375	0.00125001
0.27375	0.52375	-0.00125
0.26875	0.47375	0.00125001
0.27125	0.52375	-0.00125001
0.23875	0.64875	0.000825467
0.26625	0.47375	0.00125002
0.26875	0.52375	-0.00125001
0.26625	0.52375	-0.00125001
0.26125	0.64875	0.000825687
0.26375	0.47375	0.00125002
0.26375	0.52375	-0.00125001
0.26125	0.47375	0.00125002
0.24125	0.64875	0.000993192
0.25875	0.47375	0.00125002
0.26125	0.52375	-0.00125001
0.25875	0.64875	0.000993346
0.25625	0.47375	0.00125002
0.24375	0.64875	0.00111912
0.25875	0.52375	-0.00125001
0.25375	0.47375	0.00125003
0.24625	0.64875	0.00120313
0.25625	0.52375	-0.00125001
0.25625	0.64875	0.00111921
0.25125	0.47375	0.00125005
0.25375	0.52375	-0.00125001
0.24875	0.64875	0.00124516
0.25125	0.52375	-0.00125001
0.25375	0.64875	0.00120317
0.25125	0.64875	0.00124517
0.15875	0.47625	-0.000668925
0.15625	0.47625	0.000132344
0.10625	0.53375	0.00234122
0.15375	0.51875	-0.00205697
0.09875	0.48125	-0.0024079
0.10875	0.54375	0.00212959
0.11125	0.55125	0.00208734
0.39125	0.54375	0.00211687
0.38875	0.55125	0.00208903
0.11625	0.56375	0.00183411
0.11875	0.56875	0.00183415
0.39125	0.44375	-0.00203792
0.38375	0.56375	0.00183437
0.12125	0.57375	0.00162339
0.38125	0.56875	0.00183399
0.37875	0.57375	0.00162337
0.10875	0.44375	-0.00203842
0.12625	0.58125	0.00196075
0.38125	0.42375	-0.00179129
0.13125	0.58875	0.00174981
0.13875	0.59875	0.00124475
0.37375	0.58125	0.00196061
0.37625	0.41625	-0.00150278
0.11875	0.42375	-0.00179133
0.36875	0.58875	0.00174967
0.36875	0.40625	-0.00129628
0.12375	0.41625	-0.00150281
0.36125	0.59875	0.00124458
0.13125	0.40625	-0.00129632
0.14125	0.60125	0.00141291
0.37125	0.40875	-0.00175004
0.14375	0.60375	0.00149707
0.14625	0.60625	0.00149707
0.35875	0.60125	0.00141271
0.12875	0.40875	-0.00175007
0.14875	0.60875	0.00141293
0.15125	0.61125	0.00124479
0.15375	0.61375	0.000992906
0.35625	0.60375	0.00149685
0.35375	0.60625	0.00149687
0.35125	0.60875	0.00141271
0.34875	0.61125	0.00124457
0.34625	0.61375	0.000992795
0.16375	0.62125	0.0012026
0.17125	0.62625	0.00120269
0.34375	0.38125	-0.00129643
0.33625	0.62125	0.00120292
0.15625	0.38125	-0.00129634
0.32875	0.62625	0.0012031
0.15625	0.52125	-0.00219361
0.16125	0.61875	0.00174967
0.33875	0.61875	0.00174996
0.34125	0.37875	-0.00175023
0.33375	0.37375	-0.00150301
0.15875	0.37875	-0.00175003
0.16625	0.37375	-0.00150274
0.16875	0.62375	0.0019606
0.17625	0.62875	0.00162331
0.33125	0.62375	0.00196101
0.18125	0.63125	0.00183408
0.32375	0.62875	0.00162381
0.18625	0.63375	0.00183411
0.19125	0.63625	0.00162343
0.19625	0.63875	0.00120286
0.31875	0.63125	0.00183462
0.31375	0.63375	0.00183475
0.30875	0.63625	0.00162392
0.32625	0.36875	-0.00179154
0.32125	0.36625	-0.00154435
0.17375	0.36875	-0.00179128
0.31625	0.36375	-0.0015031
0.30375	0.63875	0.00120328
0.17875	0.36625	-0.00154403
0.18375	0.36375	-0.00150278
0.20375	0.64125	0.00137099
0.31125	0.36125	-0.00166805
0.29625	0.64125	0.00137137
0.18875	0.36125	-0.00166771
0.30625	0.35875	-0.00203858
0.19375	0.35875	-0.00203818
0.29875	0.35625	-0.0017917
0.21375	0.64375	0.00174993
0.22375	0.64625	0.00141316
0.28625	0.64375	0.00175046
0.20125	0.35625	-0.00179137
0.28875	0.35375	-0.00129676
0.21125	0.35375	-0.00129653
0.27625	0.64625	0.00141352
0.27875	0.35125	-0.00150321
0.22125	0.35125	-0.00150296
0.24875	0.47375	0.00125006
0.24875	0.52375	-0.00125001
0.15125	0.47875	0.00149975
0.19875	0.63875	0.00208757
0.30125	0.63875	0.00208796
0.20625	0.64125	0.00212985
0.29375	0.64125	0.00213025
0.21625	0.64375	0.00234135
0.22625	0.64625	0.00183439
0.28375	0.64375	0.00234185
0.29125	0.35375	-0.00195626
0.20875	0.35375	-0.00195602
0.27375	0.64625	0.00183474
0.28125	0.35125	-0.00199748
0.21875	0.35125	-0.00199721
0.24625	0.47375	0.00125005
0.24625	0.52375	-0.00125001
0.16125	0.52375	-0.0010389
0.22875	0.64625	0.0022145
0.27125	0.64625	0.00221486
0.24375	0.47375	0.00125003
0.24375	0.52375	-0.00125002
0.16375	0.52375	-0.00116831
0.24125	0.47375	0.00125002
0.24125	0.52375	-0.00125002
0.23875	0.47375	0.00125003
0.23875	0.52375	-0.00125002
0.23625	0.47375	0.00125004
0.23625	0.34875	-0.00187388
0.23875	0.34875	-0.001668
0.24125	0.34875	-0.00150309
0.24375	0.34875	-0.00137928
0.24625	0.34875	-0.00129669
0.24875	0.34875	-0.00125537
0.25125	0.34875	-0.00125538
0.25375	0.34875	-0.00129669
0.25625	0.34875	-0.00137929
0.25875	0.34875	-0.0015031
0.26125	0.34875	-0.00166803
0.26375	0.34875	-0.00187394
0.26625	0.34875	-0.00212066
0.23375	0.47375	0.00125004
0.23625	0.52375	-0.00125002
0.23375	0.34875	-0.00212058
0.26875	0.34875	-0.002408
0.23125	0.47375	0.00125004
0.23375	0.52375	-0.00125002
0.23125	0.34875	-0.00240789
0.22875	0.47375	0.00125004
0.23125	0.52375	-0.00125002
0.22625	0.47375	0.00125004
0.22875	0.52375	-0.00125002
0.22375	0.47375	0.00125004
0.22625	0.52375	-0.00125002
0.22125	0.47375	0.00125004
0.22375	0.52375	-0.00125002
0.21875	0.47375	0.00125004
0.22125	0.52375	-0.00125002
0.21625	0.47375	0.00125005
0.21875	0.52375	-0.00125003
0.21625	0.52375	-0.00125003
0.21375	0.47375	0.00125005
0.21375	0.52375	-0.00125003
0.21125	0.47375	0.00125005
0.20875	0.47375	0.00125005
0.21125	0.52375	-0.00125003
0.15375	0.47625	0.00139821
0.20625	0.47375	0.00125005
0.20875	0.52375	-0.00125003
0.20375	0.47375	0.00125005
0.20125	0.47375	0.00125005
0.20625	0.52375	-0.00125003
0.20375	0.52375	-0.00125003
0.19875	0.47375	0.00125004
0.20125	0.52375	-0.00125004
0.19875	0.52375	-0.00125003
0.19625	0.47375	0.00125005
0.19625	0.52375	-0.00125003
0.19375	0.47375	0.00125006
0.19125	0.47375	0.00125005
0.19375	0.52375	-0.00125003
0.19125	0.52375	-0.00125005
0.18875	0.47375	0.00125004
0.18625	0.47375	0.00125005
0.18875	0.52375	-0.00125007
0.18375	0.47375	0.0012501
0.18625	0.52375	-0.00125004
0.18375	0.52375	-0.00124997
0.16625	0.52375	-0.00122026
0.16875	0.52375	-0.00124027
0.18125	0.47375	0.0012501
0.17875	0.47375	0.00124998
0.17625	0.47375	0.00124983
0.18125	0.52375	-0.00124996
0.17875	0.52375	-0.00125009
0.17375	0.47375	0.00125007
0.17625	0.52375	-0.00125018
0.17125	0.47375	0.00125182
0.17375	0.52375	-0.00124973
0.16875	0.47375	0.00125792
0.17125	0.52375	-0.00124748
0.16625	0.47375	0.00127563
0.16375	0.47375	0.00132342
0.16125	0.47375	0.00144867
0.15875	0.47375	0.00177553
