0.580078	0.130859	0.00387914
0.630859	0.134766	0.00382146
0.583984	0.130859	0.00370661
0.517578	0.130859	0.00385175
0.587891	0.130859	0.00351268
0.513672	0.130859	0.00367868
0.697266	0.146484	0.00361966
0.634766	0.134766	0.00335514
0.591797	0.130859	0.00329787
0.466797	0.134766	0.00383992
0.509766	0.130859	0.00348505
0.681641	0.142578	0.00335599
0.662109	0.138672	0.00322653
0.595703	0.130859	0.00306254
0.505859	0.130859	0.00327059
0.724609	0.154297	0.00350253
0.712891	0.150391	0.00327525
0.638672	0.134766	0.0028642
0.599609	0.130859	0.00280633
0.462891	0.134766	0.0033871
0.501953	0.130859	0.00303558
0.416016	0.142578	0.00373575
0.435547	0.138672	0.0034186
0.736328	0.158203	0.00331315
0.603516	0.130859	0.00252834
0.498047	0.130859	0.00277964
0.666016	0.138672	0.00254747
0.458984	0.134766	0.00291262
0.763672	0.169922	0.0032561
0.755859	0.166016	0.00308663
0.701172	0.146484	0.00264724
0.685547	0.142578	0.00252561
0.642578	0.134766	0.00234749
0.607422	0.130859	0.00222765
0.494141	0.130859	0.00250264
0.771484	0.173828	0.00317124
0.396484	0.146484	0.00331931
0.791016	0.185547	0.00311923
0.748047	0.162109	0.00262616
0.611328	0.130859	0.00190368
0.431641	0.138672	0.00276845
0.412109	0.142578	0.00295017
0.490234	0.130859	0.00220424
0.455078	0.134766	0.0024155
0.369141	0.154297	0.00354087
0.646484	0.134766	0.00180575
0.380859	0.150391	0.00313526
0.357422	0.158203	0.003572
0.779297	0.177734	0.00273414
0.728516	0.154297	0.0022602
0.716797	0.150391	0.00215534
0.669922	0.138672	0.00183831
0.486328	0.130859	0.00188398
0.689453	0.142578	0.00166224
0.615234	0.130859	0.00155629
0.177734	0.408203	0.00387203
0.802734	0.193359	0.00257982
0.740234	0.158203	0.00192655
0.705078	0.146484	0.00164089
0.451172	0.134766	0.00189491
0.427734	0.138672	0.00209234
0.345703	0.162109	0.00319535
0.650391	0.134766	0.00123784
0.619141	0.130859	0.00118579
0.482422	0.130859	0.00154202
0.408203	0.142578	0.00213753
0.392578	0.146484	0.00238085
0.185547	0.357422	0.0037629
0.181641	0.376953	0.0036142
0.177734	0.404297	0.00346737
0.587891	0.146484	-0.00383277
0.533203	0.146484	-0.00388825
0.181641	0.541016	0.00382883
0.177734	0.513672	0.00357126
0.591797	0.146484	-0.00365774
0.529297	0.146484	-0.00372191
0.787109	0.181641	0.00200227
0.673828	0.138672	0.0010989
0.447266	0.134766	0.00135003
0.478516	0.130859	0.00117852
0.365234	0.154297	0.00235705
0.177734	0.400391	0.00303098
0.638672	0.150391	-0.00356549
0.482422	0.150391	-0.00382246
0.595703	0.146484	-0.00345929
0.525391	0.146484	-0.00353322
0.798828	0.189453	0.00180372
0.623047	0.130859	0.000792746
0.423828	0.138672	0.00139012
0.376953	0.150391	0.00206172
0.353516	0.158203	0.00227035
0.326172	0.169922	0.00274646
0.197266	0.314453	0.0034485
0.193359	0.326172	0.00340987
0.181641	0.373047	0.00294625
0.666016	0.154297	-0.00333828
0.177734	0.517578	0.00314937
0.455078	0.154297	-0.00381562
0.599609	0.146484	-0.0032372
0.521484	0.146484	-0.00332215
0.767578	0.169922	0.00151042
0.759766	0.166016	0.00144476
0.720703	0.150391	0.000994944
0.654297	0.134766	0.000642878
0.544922	0.126953	0.000587402
0.548828	0.126953	0.000599437
0.552734	0.126953	0.000591488
0.556641	0.126953	0.00056353
0.318359	0.173828	0.00287095
0.189453	0.337891	0.00292254
0.185547	0.353516	0.00291094
0.701172	0.162109	-0.00346995
0.685547	0.158203	-0.00334585
0.181641	0.544922	0.00318494
0.642578	0.150391	-0.00306521
0.478516	0.150391	-0.00334821
0.603516	0.146484	-0.00299149
0.517578	0.146484	-0.00308826
0.751953	0.162109	0.00110042
0.732422	0.154297	0.000979393
0.693359	0.142578	0.000764033
0.474609	0.130859	0.000793096
0.404297	0.142578	0.00129645
0.388672	0.146484	0.001411
0.333984	0.166016	0.00237493
0.537109	0.126953	0.000503432
0.541016	0.126953	0.000555397
0.560547	0.126953	0.000515474
0.564453	0.126953	0.000447219
0.310547	0.177734	0.0027359
0.201172	0.302734	0.00301412
0.177734	0.396484	0.00256284
0.189453	0.580078	0.00343925
0.185547	0.564453	0.00328064
0.177734	0.521484	0.00269636
0.607422	0.146484	-0.00272209
0.173828	0.451172	0.00240499
0.173828	0.455078	0.00245098
0.173828	0.458984	0.00246833
0.173828	0.462891	0.00245682
0.173828	0.466797	0.00241629
0.513672	0.146484	-0.00283144
0.775391	0.173828	0.00129931
0.708984	0.146484	0.000600554
0.626953	0.130859	0.000377024
0.443359	0.134766	0.00078026
0.568359	0.126953	0.000358725
0.533203	0.126953	0.000431525
0.572266	0.126953	0.000249952
0.529297	0.126953	0.000339663
0.646484	0.150391	-0.00253766
0.451172	0.154297	-0.00315685
0.173828	0.447266	0.0023305
0.416016	0.162109	-0.00350737
0.431641	0.158203	-0.00325775
0.474609	0.150391	-0.00284687
0.173828	0.443359	0.00222736
0.173828	0.470703	0.00234687
0.611328	0.146484	-0.00242855
0.173828	0.474609	0.0022488
0.509766	0.146484	-0.00255176
0.677734	0.138672	0.000328797
0.576172	0.126953	0.000120666
0.525391	0.126953	0.000227784
0.341797	0.162109	0.0017656
0.291016	0.189453	0.00278994
0.181641	0.369141	0.00224444
0.748047	0.177734	-0.00337696
0.728516	0.169922	-0.00303566
0.716797	0.166016	-0.00295045
0.177734	0.392578	0.00206325
0.669922	0.154297	-0.00263421
0.181641	0.548828	0.00250824
0.173828	0.439453	0.0020951
0.173828	0.478516	0.00212212
0.814453	0.201172	-0.00262081
0.470703	0.130859	0.000385687
0.419922	0.138672	0.000661968
0.580078	0.126953	-2.96142e-05
0.521484	0.126953	9.58708e-05
0.302734	0.181641	0.00232322
0.236328	0.240234	0.00310434
0.193359	0.322266	0.00222972
0.185547	0.349609	0.00202205
0.689453	0.158203	-0.00247928
0.193359	0.595703	0.00293373
0.177734	0.525391	0.00221236
0.197266	0.607422	0.0030082
0.205078	0.626953	0.00332241
0.185547	0.568359	0.00242763
0.173828	0.431641	0.001741
0.173828	0.435547	0.00193306
0.173828	0.482422	0.00196663
0.615234	0.146484	-0.00211031
0.388672	0.169922	-0.0034737
0.400391	0.166016	-0.00319567
0.505859	0.146484	-0.00224904
0.794922	0.185547	0.000903574
0.783203	0.177734	0.000732789
0.744141	0.158203	0.000493556
0.658203	0.134766	2.13447e-05
0.630859	0.130859	-6.2631e-05
0.373047	0.150391	0.000955202
0.361328	0.154297	0.00113853
0.517578	0.126953	-5.6066e-05
0.208984	0.283203	0.0023301
0.197266	0.310547	0.00213043
0.189453	0.333984	0.00187429
0.740234	0.173828	-0.00267436
0.705078	0.162109	-0.00245603
0.189453	0.583984	0.00243589
0.650391	0.150391	-0.00198336
0.173828	0.486328	0.00178253
0.447266	0.154297	-0.00247067
0.470703	0.150391	-0.00231912
0.376953	0.173828	-0.00335229
0.501953	0.146484	-0.00192328
0.435547	0.779297	0.00368999
0.490234	0.779297	0.00372824
0.583984	0.126953	-0.00020132
0.439453	0.134766	0.000185308
0.466797	0.130859	-4.3038e-05
0.400391	0.142578	0.000426149
0.513672	0.126953	-0.000228064
0.279297	0.197266	0.002467
0.224609	0.255859	0.00257944
0.212891	0.275391	0.00230101
0.205078	0.291016	0.0020746
0.181641	0.365234	0.00150776
0.177734	0.388672	0.00153224
0.673828	0.154297	-0.00190103
0.173828	0.427734	0.00151949
0.201172	0.619141	0.00263507
0.177734	0.529297	0.0016981
0.173828	0.490234	0.00156997
0.619141	0.146484	-0.00176716
0.427734	0.158203	-0.0024176
0.412109	0.162109	-0.00254038
0.357422	0.181641	-0.00339862
0.353516	0.763672	0.00363253
0.380859	0.771484	0.00341688
0.400391	0.775391	0.00339934
0.431641	0.779297	0.00339062
0.810547	0.197266	7.06561e-05
0.697266	0.142578	-0.000169999
0.587891	0.126953	-0.000394406
0.384766	0.146484	0.000409849
0.349609	0.158203	0.000931291
0.232422	0.244141	0.00234282
0.787109	0.197266	-0.00296597
0.181641	0.552734	0.00179821
0.173828	0.423828	0.00126906
0.173828	0.494141	0.00132832
0.623047	0.146484	-0.00139909
0.466797	0.150391	-0.00176646
0.498047	0.146484	-0.00157432
0.341797	0.759766	0.00342099
0.365234	0.767578	0.00332202
0.525391	0.775391	0.00350781
0.494141	0.779297	0.00343581
0.427734	0.779297	0.00305097
0.205078	0.396484	-0.00344689
0.205078	0.509766	-0.00385049
0.201172	0.451172	-0.00341512
0.201172	0.455078	-0.00342751
0.201172	0.458984	-0.00340552
0.427734	0.427734	-0.00234049
0.724609	0.150391	-0.000207672
0.634766	0.130859	-0.000526962
0.591797	0.126953	-0.000608357
0.509766	0.126953	-0.000420386
0.322266	0.169922	0.00108169
0.294922	0.185547	0.00162087
0.216797	0.267578	0.00198329
0.201172	0.298828	0.00154855
0.759766	0.181641	-0.00219534
0.720703	0.166016	-0.00178223
0.693359	0.158203	-0.00157997
0.654297	0.150391	-0.00140153
0.173828	0.419922	0.000989548
0.173828	0.498047	0.00105767
0.443359	0.154297	-0.00175668
0.365234	0.177734	-0.00281519
0.220703	0.330078	-0.00367167
0.216797	0.341797	-0.00351106
0.560547	0.767578	0.00355006
0.544922	0.771484	0.00358348
0.208984	0.373047	-0.00342277
0.498047	0.779297	0.0031035
0.201172	0.439453	-0.00317071
0.201172	0.443359	-0.00328674
0.201172	0.447266	-0.00336822
0.201172	0.462891	-0.00334926
0.201172	0.466797	-0.00325874
0.681641	0.138672	-0.000468459
0.662109	0.134766	-0.000627364
0.416016	0.138672	-9.19855e-05
0.505859	0.126953	-0.000633504
0.330078	0.166016	0.000809534
0.314453	0.173828	0.00110434
0.283203	0.193359	0.00160448
0.185547	0.345703	0.00109699
0.767578	0.185547	-0.00228465
0.751953	0.177734	-0.00183934
0.177734	0.384766	0.000969952
0.732422	0.169922	-0.00173659
0.708984	0.162109	-0.00140683
0.185547	0.572266	0.00154022
0.193359	0.599609	0.00176746
0.177734	0.533203	0.0011538
0.224609	0.666016	0.00277463
0.626953	0.146484	-0.00100685
0.396484	0.166016	-0.00208624
0.384766	0.169922	-0.00224513
0.494141	0.146484	-0.00120145
0.326172	0.197266	-0.00321014
0.314453	0.748047	0.00309579
0.322266	0.751953	0.00303073
0.224609	0.318359	-0.00333423
0.396484	0.775391	0.00272442
0.423828	0.779297	0.00267092
0.212891	0.552734	-0.00375119
0.529297	0.775391	0.00284555
0.205078	0.392578	-0.00289653
0.501953	0.779297	0.00273095
0.208984	0.537109	-0.00331429
0.205078	0.513672	-0.00333524
0.201172	0.435547	-0.00301961
0.201172	0.470703	-0.00313375
0.201172	0.431641	-0.0028335
0.201172	0.474609	-0.00297419
0.806641	0.193359	0.000128677
0.736328	0.154297	-0.000349994
0.712891	0.146484	-0.000475733
0.595703	0.126953	-0.000842721
0.462891	0.130859	-0.000492865
0.435547	0.134766	-0.000434927
0.259766	0.212891	0.0019692
0.255859	0.216797	0.00209785
0.251953	0.220703	0.00209103
0.248047	0.224609	0.00194681
0.193359	0.318359	0.00100789
0.181641	0.361328	0.000736652
0.775391	0.189453	-0.00210161
0.677734	0.154297	-0.00113792
0.189453	0.587891	0.00139532
0.197266	0.611328	0.00171075
0.173828	0.416016	0.000680587
0.208984	0.638672	0.00211629
0.181641	0.556641	0.00105447
0.212891	0.646484	0.00218354
0.173828	0.501953	0.000758161
0.232422	0.677734	0.00278017
0.423828	0.158203	-0.00154754
0.462891	0.150391	-0.00118972
0.408203	0.162109	-0.00154182
0.373047	0.173828	-0.00200275
0.306641	0.744141	0.00285377
0.330078	0.755859	0.00266681
0.376953	0.771484	0.00251614
0.212891	0.353516	-0.00288199
0.208984	0.369141	-0.00263479
0.419922	0.779297	0.00225036
0.220703	0.580078	-0.0036846
0.216797	0.568359	-0.00347076
0.201172	0.427734	-0.00261216
0.201172	0.478516	-0.00277993
0.423828	0.431641	-0.000973526
0.763672	0.166016	-0.000247477
0.501953	0.126953	-0.000867079
0.337891	0.162109	0.000296573
0.306641	0.177734	0.000861607
0.263672	0.208984	0.00170614
0.244141	0.228516	0.00166383
0.228516	0.248047	0.00145045
0.220703	0.259766	0.00136174
0.189453	0.330078	0.000787767
0.205078	0.630859	0.00178517
0.658203	0.150391	-0.000790002
0.173828	0.412109	0.000341812
0.216797	0.654297	0.00197501
0.630859	0.146484	-0.000589108
0.248047	0.697266	0.0028717
0.490234	0.146484	-0.000804865
0.439453	0.154297	-0.00101408
0.556641	0.142578	-0.000492546
0.560547	0.142578	-0.000499807
0.564453	0.142578	-0.00048471
0.349609	0.763672	0.00238485
0.361328	0.767578	0.00222907
0.392578	0.775391	0.00200666
0.603516	0.751953	0.00350835
0.548828	0.771484	0.00269902
0.505859	0.779297	0.00231787
0.205078	0.517578	-0.00278394
0.224609	0.591797	-0.00341636
0.205078	0.388672	-0.00230866
0.201172	0.423828	-0.00235557
0.201172	0.482422	-0.00255094
0.791016	0.181641	-0.000117018
0.771484	0.169922	-0.000278918
0.755859	0.162109	-0.000473743
0.638672	0.130859	-0.00101591
0.599609	0.126953	-0.00109772
0.396484	0.142578	-0.000474278
0.369141	0.150391	-0.000184507
0.357422	0.154297	-0.000114966
0.267578	0.205078	0.00130898
0.197266	0.306641	0.000770444
0.177734	0.380859	0.000375773
0.794922	0.201172	-0.00211461
0.783203	0.193359	-0.0016362
0.744141	0.173828	-0.00123739
0.697266	0.158203	-0.000645256
0.177734	0.537109	0.000578867
0.173828	0.505859	0.000429529
0.267578	0.716797	0.00277611
0.345703	0.185547	-0.00205971
0.552734	0.142578	-0.00046295
0.568359	0.142578	-0.000447255
0.353516	0.181641	-0.00182044
0.287109	0.732422	0.00246765
0.337891	0.189453	-0.00204661
0.318359	0.201172	-0.00247284
0.548828	0.142578	-0.000410952
0.572266	0.142578	-0.000387245
0.576172	0.142578	-0.000304387
0.544922	0.142578	-0.000336433
0.337891	0.759766	0.00201515
0.248047	0.271484	-0.00312598
0.236328	0.291016	-0.00277932
0.232422	0.298828	-0.00276748
0.220703	0.326172	-0.00238388
0.216797	0.337891	-0.00236917
0.595703	0.755859	0.00309073
0.576172	0.763672	0.00269235
0.416016	0.779297	0.00178921
0.564453	0.767578	0.00247854
0.533203	0.775391	0.00214119
0.212891	0.556641	-0.00280366
0.509766	0.779297	0.00186468
0.208984	0.541016	-0.0025331
0.201172	0.419922	-0.00206351
0.201172	0.486328	-0.00228729
0.732422	0.560547	0.00372444
0.732422	0.513672	0.00382102
0.458984	0.130859	-0.000964317
0.498047	0.126953	-0.00112114
0.240234	0.232422	0.00124287
0.201172	0.623047	0.00119989
0.185547	0.576172	0.000617949
0.681641	0.154297	-0.000343729
0.173828	0.408203	-2.73822e-05
0.244141	0.693359	0.00247832
0.458984	0.150391	-0.000588418
0.173828	0.509766	7.15436e-05
0.634766	0.146484	-0.000145788
0.486328	0.146484	-0.000384527
0.271484	0.720703	0.00233857
0.298828	0.740234	0.00229703
0.541016	0.142578	-0.000239297
0.580078	0.142578	-0.000198727
0.583984	0.142578	-7.03393e-05
0.537109	0.142578	-0.000119567
0.306641	0.208984	-0.00240371
0.255859	0.259766	-0.00292464
0.240234	0.283203	-0.00248962
0.228516	0.306641	-0.0024678
0.373047	0.771484	0.00157175
0.212891	0.349609	-0.00188024
0.587891	0.759766	0.00238987
0.208984	0.365234	-0.00180751
0.205078	0.384766	-0.00168288
0.205078	0.521484	-0.00219646
0.232422	0.611328	-0.0030162
0.201172	0.416016	-0.00173606
0.201172	0.490234	-0.00198861
0.724609	0.607422	0.00347884
0.384766	0.736328	-0.00368844
0.728516	0.591797	0.00321191
0.427734	0.744141	-0.00354666
0.732422	0.564453	0.00336821
0.490234	0.744141	-0.00367419
0.732422	0.509766	0.00348055
0.419922	0.435547	0.000539268
0.779297	0.173828	-0.000633982
0.701172	0.142578	-0.00113683
0.666016	0.134766	-0.00130316
0.603516	0.126953	-0.00137424
0.412109	0.138672	-0.000872042
0.380859	0.146484	-0.000622858
0.298828	0.181641	0.000337415
0.287109	0.189453	0.000621248
0.271484	0.201172	0.000777898
0.208984	0.279297	0.000601138
0.205078	0.287109	0.000459636
0.185547	0.341797	0.000136725
0.181641	0.357422	-6.91861e-05
0.724609	0.166016	-0.000574254
0.712891	0.162109	-0.000320861
0.181641	0.560547	0.000276835
0.662109	0.150391	-0.000148889
0.193359	0.603516	0.000562239
0.220703	0.662109	0.00147762
0.228516	0.673828	0.0017913
0.419922	0.158203	-0.000648128
0.392578	0.166016	-0.000941338
0.240234	0.689453	0.00195053
0.380859	0.169922	-0.000980693
0.361328	0.177734	-0.00133551
0.330078	0.193359	-0.00176886
0.587891	0.142578	8.07598e-05
0.533203	0.142578	2.26003e-05
0.283203	0.228516	-0.00266049
0.279297	0.232422	-0.00277326
0.275391	0.236328	-0.00274958
0.224609	0.314453	-0.00189337
0.388672	0.775391	0.00124623
0.626953	0.740234	0.0029495
0.412109	0.779297	0.00128757
0.552734	0.771484	0.00177167
0.638672	0.732422	0.00320244
0.236328	0.619141	-0.00310575
0.228516	0.603516	-0.00264563
0.220703	0.583984	-0.00242105
0.216797	0.572266	-0.00234977
0.513672	0.779297	0.00137179
0.201172	0.412109	-0.00137323
0.201172	0.494141	-0.0016553
0.705078	0.658203	0.00324288
0.708984	0.650391	0.00330009
0.400391	0.740234	-0.00335251
0.724609	0.466797	0.00373432
0.517578	0.740234	-0.00359002
0.728516	0.482422	0.00342472
0.732422	0.568359	0.00295859
0.423828	0.744141	-0.00311945
0.494141	0.744141	-0.00326289
0.732422	0.505859	0.00308603
0.423828	0.435547	-0.00289007
0.802734	0.189453	-0.000517145
0.748047	0.158203	-0.000983397
0.685547	0.138672	-0.00129387
0.642578	0.130859	-0.00152985
0.431641	0.134766	-0.00108062
0.494141	0.126953	-0.00139611
0.345703	0.158203	-0.000445624
0.236328	0.236328	0.000686836
0.212891	0.271484	0.000459075
0.177734	0.376953	-0.00025148
0.736328	0.169922	-0.000396462
0.189453	0.591797	0.000317057
0.173828	0.404297	-0.000427854
0.177734	0.541016	-2.74117e-05
0.173828	0.513672	-0.000316267
0.435547	0.154297	-0.000241928
0.404297	0.162109	-0.000510634
0.482422	0.146484	6.01412e-05
0.591797	0.142578	0.000254769
0.275391	0.724609	0.00176395
0.529297	0.142578	0.000187105
0.287109	0.224609	-0.0024133
0.318359	0.751953	0.00134107
0.271484	0.240234	-0.00258831
0.267578	0.244141	-0.00229011
0.345703	0.763672	0.0010911
0.244141	0.275391	-0.00189322
0.357422	0.767578	0.00109091
0.537109	0.775391	0.00139431
0.240234	0.626953	-0.00290653
0.212891	0.560547	-0.00181649
0.208984	0.544922	-0.00171298
0.205078	0.525391	-0.00157278
0.693359	0.677734	0.00318527
0.201172	0.498047	-0.00128741
0.712891	0.642578	0.00301531
0.720703	0.623047	0.00273248
0.369141	0.732422	-0.0030768
0.357422	0.728516	-0.00288694
0.548828	0.732422	-0.00342791
0.732422	0.572266	0.00249536
0.419922	0.744141	-0.00264243
0.607422	0.126953	-0.00167331
0.455078	0.130859	-0.0014582
0.224609	0.251953	0.000429718
0.201172	0.294922	4.15146e-05
0.193359	0.314453	-0.000253639
0.189453	0.326172	-0.000337264
0.763672	0.181641	-0.000512382
0.791016	0.197266	-0.000900257
0.771484	0.185547	-0.000492551
0.755859	0.177734	-0.000261372
0.197266	0.615234	0.000372878
0.638672	0.146484	0.000323834
0.236328	0.685547	0.00129012
0.455078	0.150391	3.85841e-05
0.369141	0.173828	-0.000616207
0.595703	0.142578	0.000452047
0.525391	0.142578	0.00037402
0.291016	0.736328	0.00141926
0.310547	0.748047	0.00128479
0.322266	0.197266	-0.00121019
0.310547	0.205078	-0.00144066
0.291016	0.220703	-0.00203296
0.326172	0.755859	0.00109733
0.251953	0.263672	-0.0020169
0.216797	0.333984	-0.00118509
0.408203	0.779297	0.000745012
0.580078	0.763672	0.00142211
0.607422	0.751953	0.00184742
0.568359	0.767578	0.00136144
0.615234	0.748047	0.00184735
0.208984	0.361328	-0.00094062
0.205078	0.380859	-0.00101949
0.650391	0.724609	0.00256544
0.224609	0.595703	-0.00200646
0.517578	0.779297	0.000839087
0.251953	0.646484	-0.00269017
0.201172	0.408203	-0.000974977
0.701172	0.666016	0.00283759
0.244141	0.634766	-0.00240816
0.451172	0.783203	0.000576369
0.455078	0.783203	0.000676433
0.458984	0.783203	0.000737546
0.462891	0.783203	0.000759844
0.466797	0.783203	0.000743318
0.470703	0.783203	0.000687902
0.474609	0.783203	0.000593563
0.716797	0.634766	0.00239768
0.724609	0.611328	0.00244566
0.380859	0.736328	-0.00268012
0.728516	0.595703	0.00241318
0.396484	0.740234	-0.00256412
0.560547	0.728516	-0.00327032
0.537109	0.736328	-0.00299355
0.720703	0.451172	0.00301615
0.521484	0.740234	-0.00281817
0.728516	0.478516	0.00263933
0.498047	0.744141	-0.00280173
0.732422	0.501953	0.00263763
0.416016	0.439453	0.00216218
0.419922	0.439453	-0.00130092
0.728516	0.150391	-0.00144257
0.490234	0.126953	-0.0016925
0.275391	0.197266	0.000114897
0.216797	0.263672	2.52631e-05
0.802734	0.205078	-0.00163079
0.701172	0.158203	0.000323937
0.685547	0.154297	0.000482625
0.185547	0.580078	-0.000339722
0.666016	0.150391	0.000521366
0.208984	0.642578	0.00043008
0.205078	0.634766	0.000204681
0.212891	0.650391	0.000388758
0.173828	0.517578	-0.000734454
0.478516	0.146484	0.000530521
0.599609	0.142578	0.000672839
0.521484	0.142578	0.000583471
0.302734	0.744141	0.000920735
0.294922	0.216797	-0.00152111
0.263672	0.248047	-0.00185637
0.369141	0.771484	0.000583476
0.220703	0.322266	-0.00105246
0.384766	0.775391	0.000443101
0.212891	0.345703	-0.000837291
0.599609	0.755859	0.00154927
0.634766	0.736328	0.00212648
0.556641	0.771484	0.000801087
0.216797	0.576172	-0.00118643
0.685547	0.689453	0.00258285
0.263672	0.662109	-0.00274693
0.205078	0.529297	-0.000912795
0.447266	0.783203	0.000437157
0.201172	0.501953	-0.000884543
0.478516	0.783203	0.000460295
0.201172	0.404297	-0.000541171
0.443359	0.783203	0.000258727
0.330078	0.716797	-0.00236279
0.337891	0.720703	-0.00238983
0.712891	0.431641	0.00328271
0.705078	0.416016	0.00343485
0.724609	0.462891	0.00271334
0.732422	0.576172	0.00197821
0.416016	0.744141	-0.00211534
0.732422	0.498047	0.00213593
0.501953	0.744141	-0.00229102
0.716797	0.146484	-0.00158735
0.392578	0.142578	-0.00140525
0.326172	0.166016	-0.000796579
0.318359	0.169922	-0.000624001
0.232422	0.240234	-7.01824e-07
0.197266	0.302734	-0.000633267
0.181641	0.353516	-0.00091155
0.779297	0.189453	-0.0001999
0.177734	0.373047	-0.000912722
0.173828	0.400391	-0.000860255
0.748047	0.173828	0.000241289
0.181641	0.564453	-0.000534645
0.177734	0.544922	-0.000665645
0.224609	0.669922	0.000682098
0.642578	0.146484	0.000820364
0.416016	0.158203	0.000280792
0.279297	0.728516	0.00105473
0.603516	0.142578	0.000917173
0.517578	0.142578	0.000815631
0.333984	0.759766	0.000562594
0.259766	0.251953	-0.00128905
0.236328	0.287109	-0.000948782
0.232422	0.294922	-0.00105578
0.228516	0.302734	-0.000869989
0.404297	0.779297	0.000161297
0.591797	0.759766	0.000963301
0.623047	0.744141	0.00154237
0.541016	0.775391	0.000604779
0.646484	0.728516	0.00183545
0.205078	0.376953	-0.000318115
0.521484	0.779297	0.000266149
0.220703	0.587891	-0.00111419
0.212891	0.564453	-0.000789385
0.208984	0.548828	-0.000853801
0.439453	0.783203	4.11518e-05
0.482422	0.783203	0.000288093
0.697266	0.673828	0.00207758
0.294922	0.693359	-0.00265586
0.486328	0.783203	7.6918e-05
0.201172	0.505859	-0.000446246
0.310547	0.705078	-0.00245728
0.345703	0.724609	-0.00209
0.365234	0.732422	-0.00184328
0.728516	0.599609	0.00156013
0.392578	0.740234	-0.00172471
0.580078	0.720703	-0.00279436
0.716797	0.439453	0.00268128
0.732422	0.580078	0.00140717
0.525391	0.740234	-0.00199501
0.412109	0.744141	-0.00153835
0.677734	0.615234	-0.00351137
0.681641	0.603516	-0.00366473
0.689453	0.568359	-0.00360838
0.591797	0.326172	0.00372456
0.689453	0.509766	-0.00343346
0.787109	0.177734	-0.00130907
0.669922	0.134766	-0.00200793
0.611328	0.126953	-0.00199558
0.427734	0.134766	-0.00175202
0.408203	0.138672	-0.00167879
0.365234	0.150391	-0.00135791
0.310547	0.173828	-0.000704849
0.291016	0.185547	-0.000478472
0.185547	0.337891	-0.000861322
0.728516	0.166016	0.000672401
0.201172	0.626953	-0.000277427
0.216797	0.658203	6.80763e-05
0.232422	0.681641	0.000499963
0.431641	0.154297	0.0005608
0.451172	0.150391	0.000692418
0.388672	0.166016	0.000239529
0.349609	0.181641	-0.000200757
0.341797	0.185547	-0.000339137
0.376953	0.169922	0.000319577
0.513672	0.142578	0.00107063
0.333984	0.189453	-0.000222657
0.298828	0.212891	-0.000879209
0.248047	0.267578	-0.000982605
0.224609	0.310547	-0.000407631
0.232422	0.615234	-0.00134048
0.228516	0.607422	-0.00108286
0.236328	0.623047	-0.00131558
0.248047	0.642578	-0.00159804
0.259766	0.658203	-0.00212062
0.201172	0.400391	-7.12066e-05
0.689453	0.685547	0.00184346
0.435547	0.783203	-0.000215612
0.490234	0.783203	-0.000173238
0.205078	0.533203	-0.000215855
0.708984	0.654297	0.00156686
0.298828	0.697266	-0.0019971
0.322266	0.712891	-0.00200228
0.712891	0.646484	0.00141937
0.720703	0.626953	0.00145965
0.724609	0.615234	0.00135769
0.353516	0.728516	-0.00147489
0.376953	0.736328	-0.00162056
0.587891	0.716797	-0.00275953
0.572266	0.724609	-0.00249527
0.552734	0.732422	-0.00220829
0.701172	0.408203	0.00296294
0.541016	0.736328	-0.00195054
0.693359	0.396484	0.00314461
0.728516	0.474609	0.00179881
0.505859	0.744141	-0.00173107
0.732422	0.494141	0.00158094
0.724609	0.458984	0.00163547
0.451172	0.748047	-0.00115641
0.455078	0.748047	-0.00123731
0.458984	0.748047	-0.00126971
0.462891	0.748047	-0.00125353
0.466797	0.748047	-0.00118879
0.615234	0.333984	0.00355077
0.685547	0.591797	-0.00306766
0.685547	0.490234	-0.00362745
0.689453	0.572266	-0.00305662
0.576172	0.322266	0.00334974
0.416016	0.443359	0.000369288
0.798828	0.185547	-0.00135653
0.740234	0.154297	-0.00172276
0.646484	0.130859	-0.00206873
0.486328	0.126953	-0.00201068
0.451172	0.130859	-0.00197536
0.376953	0.146484	-0.00168739
0.353516	0.154297	-0.00140425
0.333984	0.162109	-0.00121203
0.439453	0.412109	-0.00284768
0.716797	0.162109	0.000799605
0.173828	0.396484	-0.0013246
0.189453	0.595703	-0.000799209
0.193359	0.607422	-0.000682156
0.669922	0.150391	0.00122014
0.173828	0.521484	-0.00118354
0.400391	0.162109	0.000554222
0.474609	0.146484	0.001028
0.607422	0.142578	0.00118511
0.357422	0.177734	0.000184366
0.169922	0.455078	-0.00146199
0.169922	0.458984	-0.00144447
0.169922	0.462891	-0.0014556
0.294922	0.740234	0.000242691
0.314453	0.201172	-0.000360606
0.353516	0.767578	-9.32087e-05
0.341797	0.763672	-0.000249125
0.240234	0.279297	-0.000540642
0.380859	0.775391	-0.000402902
0.216797	0.330078	4.17182e-05
0.208984	0.357422	-3.36291e-05
0.400391	0.779297	-0.000463757
0.572266	0.767578	0.000198552
0.630859	0.740234	0.000921135
0.224609	0.599609	-0.000552406
0.240234	0.630859	-0.00100019
0.431641	0.783203	-0.000511887
0.255859	0.654297	-0.00136009
0.494141	0.783203	-0.000462421
0.201172	0.509766	2.77516e-05
0.705078	0.662109	0.00137301
0.716797	0.638672	0.000937197
0.607422	0.705078	-0.00275083
0.595703	0.712891	-0.00237745
0.564453	0.728516	-0.00187093
0.720703	0.447266	0.0017484
0.732422	0.583984	0.000782321
0.408203	0.744141	-0.000911639
0.623047	0.693359	-0.0027271
0.658203	0.654297	-0.00288042
0.509766	0.744141	-0.00112168
0.732422	0.490234	0.000971993
0.669922	0.634766	-0.00270941
0.673828	0.626953	-0.00259142
0.443359	0.748047	-0.000848935
0.447266	0.748047	-0.00102697
0.470703	0.748047	-0.00107563
0.474609	0.748047	-0.000914153
0.736328	0.529297	0.000732564
0.736328	0.533203	0.000803398
0.736328	0.537109	0.000821496
0.736328	0.541016	0.000786861
0.736328	0.544922	0.000699529
0.681641	0.607422	-0.00245904
0.607422	0.330078	0.00274494
0.681641	0.474609	-0.0031022
0.689453	0.576172	-0.00243552
0.595703	0.326172	0.00266714
0.689453	0.505859	-0.00285366
0.580078	0.322266	0.00260848
0.490234	0.326172	0.00372188
0.505859	0.322266	0.00341762
0.517578	0.369141	-0.00384314
0.705078	0.142578	-0.00213663
0.689453	0.138672	-0.00215139
0.615234	0.126953	-0.00234119
0.302734	0.177734	-0.00105666
0.279297	0.193359	-0.000676372
0.220703	0.255859	-0.000715542
0.435547	0.416016	-0.00220049
0.798828	0.201172	-2.69843e-05
0.787109	0.193359	0.000375352
0.740234	0.169922	0.000984092
0.689453	0.154297	0.00134139
0.177734	0.548828	-0.00133635
0.646484	0.146484	0.0013444
0.248047	0.701172	0.000257219
0.251953	0.705078	0.000444102
0.255859	0.708984	0.000494814
0.259766	0.712891	0.000407587
0.611328	0.142578	0.00147709
0.169922	0.447266	-0.00158215
0.169922	0.451172	-0.00150792
0.169922	0.466797	-0.00149552
0.169922	0.470703	-0.0015641
0.509766	0.142578	0.00134841
0.283203	0.732422	0.000213401
0.326172	0.193359	0.000163383
0.255859	0.255859	-0.000588798
0.365234	0.771484	-0.000449713
0.212891	0.341797	0.000247666
0.583984	0.763672	0.00010566
0.560547	0.771484	-0.000213275
0.642578	0.732422	0.000969813
0.544922	0.775391	-0.000227279
0.525391	0.779297	-0.000347469
0.205078	0.373047	0.000421497
0.666016	0.712891	0.00123399
0.669922	0.708984	0.00131083
0.673828	0.705078	0.00124132
0.208984	0.552734	4.45365e-05
0.216797	0.580078	1.97055e-05
0.201172	0.396484	0.000435689
0.693359	0.681641	0.000960535
0.701172	0.669922	0.000831638
0.314453	0.708984	-0.00130343
0.302734	0.701172	-0.00119849
0.197266	0.447266	0.000545989
0.197266	0.451172	0.000499232
0.197266	0.455078	0.000486631
0.197266	0.458984	0.000508074
0.197266	0.462891	0.000563464
0.197266	0.443359	0.000626975
0.728516	0.603516	0.000652745
0.388672	0.740234	-0.00083437
0.712891	0.427734	0.00168112
0.708984	0.419922	0.0017932
0.619141	0.697266	-0.00214878
0.716797	0.435547	0.00122061
0.697266	0.400391	0.00211136
0.529297	0.740234	-0.00112072
0.646484	0.669922	-0.00282444
0.728516	0.470703	0.000903484
0.681641	0.380859	0.00275677
0.685547	0.384766	0.00229194
0.666016	0.642578	-0.00242948
0.662109	0.361328	0.00254561
0.439453	0.748047	-0.000622341
0.478516	0.748047	-0.000704278
0.646484	0.349609	0.00256976
0.736328	0.525391	0.000609057
0.736328	0.548828	0.000559517
0.736328	0.552734	0.000366779
0.736328	0.521484	0.000432916
0.677734	0.619141	-0.00208048
0.626953	0.337891	0.00222993
0.669922	0.447266	-0.00323452
0.673828	0.455078	-0.00319707
0.685547	0.595703	-0.0020874
0.685547	0.486328	-0.00267418
0.677734	0.462891	-0.00272579
0.689453	0.580078	-0.00174569
0.689453	0.501953	-0.00220348
0.564453	0.369141	-0.00350412
0.513672	0.369141	-0.00316881
0.533203	0.318359	0.00251127
0.537109	0.318359	0.00261991
0.541016	0.318359	0.00265117
0.544922	0.318359	0.00260541
0.548828	0.318359	0.00248291
0.552734	0.318359	0.00228371
0.482422	0.126953	-0.00235049
0.228516	0.244141	-0.000818318
0.208984	0.275391	-0.0011733
0.205078	0.283203	-0.00120153
0.189453	0.322266	-0.00150307
0.177734	0.369141	-0.00160819
0.705078	0.158203	0.00132814
0.431641	0.419922	-0.00133245
0.197266	0.619141	-0.00100555
0.185547	0.583984	-0.00133341
0.181641	0.568359	-0.00137993
0.220703	0.666016	-0.000543801
0.173828	0.525391	-0.00166351
0.228516	0.677734	-0.000416111
0.244141	0.697266	-6.41332e-05
0.447266	0.150391	0.0013735
0.169922	0.443359	-0.00168479
0.412109	0.158203	0.00124
0.263672	0.716797	0.000181611
0.427734	0.154297	0.00139425
0.470703	0.146484	0.00155206
0.169922	0.439453	-0.00181632
0.169922	0.474609	-0.00166109
0.365234	0.173828	0.000808263
0.169922	0.478516	-0.00178642
0.505859	0.142578	0.00164912
0.302734	0.208984	-0.000109871
0.314453	0.751953	-0.000395902
0.322266	0.755859	-0.000520258
0.220703	0.318359	0.000323552
0.611328	0.751953	0.000137638
0.603516	0.755859	-4.08483e-05
0.619141	0.748047	1.72938e-05
0.662109	0.716797	0.00101119
0.427734	0.783203	-0.000848015
0.677734	0.701172	0.00102458
0.658203	0.720703	0.000643136
0.212891	0.568359	0.000278165
0.498047	0.783203	-0.000790907
0.220703	0.591797	0.000235981
0.244141	0.638672	-0.00038255
0.205078	0.537109	0.000518862
0.201172	0.513672	0.000537692
0.197266	0.435547	0.000892209
0.197266	0.439453	0.000742261
0.197266	0.466797	0.000652797
0.197266	0.470703	0.000776294
0.333984	0.720703	-0.000666884
0.361328	0.732422	-0.000557433
0.341797	0.724609	-0.000498203
0.720703	0.630859	0.000131956
0.724609	0.619141	0.000214548
0.373047	0.736328	-0.000509524
0.705078	0.412109	0.00154661
0.603516	0.708984	-0.00163685
0.732422	0.587891	0.000103624
0.556641	0.732422	-0.000935466
0.544922	0.736328	-0.000854444
0.583984	0.720703	-0.0010745
0.576172	0.724609	-0.000909058
0.404297	0.744141	-0.000235174
0.724609	0.455078	0.000500444
0.650391	0.666016	-0.00226666
0.513672	0.744141	-0.00046237
0.732422	0.486328	0.000308408
0.435547	0.748047	-0.000347191
0.689453	0.388672	0.00166377
0.662109	0.650391	-0.00174742
0.658203	0.357422	0.00198872
0.482422	0.748047	-0.000445721
0.736328	0.556641	0.000121205
0.431641	0.748047	-2.33292e-05
0.486328	0.748047	-0.000138292
0.736328	0.517578	0.000204027
0.634766	0.341797	0.00203169
0.478516	0.380859	-0.00296916
0.619141	0.333984	0.00200805
0.666016	0.439453	-0.00282669
0.658203	0.427734	-0.00294394
0.486328	0.376953	-0.00273353
0.599609	0.326172	0.00153692
0.498047	0.373047	-0.00313783
0.583984	0.322266	0.00179288
0.583984	0.373047	-0.00266057
0.693359	0.529297	-0.00135562
0.693359	0.533203	-0.00150497
0.693359	0.537109	-0.00158454
0.693359	0.541016	-0.00159447
0.693359	0.544922	-0.00153501
0.693359	0.548828	-0.00140631
0.501953	0.322266	0.00267114
0.486328	0.326172	0.00263426
0.466797	0.333984	0.00317661
0.568359	0.369141	-0.00278697
0.458984	0.337891	0.00332551
0.529297	0.318359	0.0023249
0.556641	0.318359	0.00200794
0.560547	0.318359	0.00165612
0.525391	0.318359	0.00206068
0.412109	0.447266	0.00205457
0.767578	0.166016	-0.00198055
0.759766	0.162109	-0.00209587
0.341797	0.158203	-0.00186068
0.255859	0.212891	-0.000712266
0.251953	0.216797	-0.000652388
0.248047	0.220703	-0.000727209
0.201172	0.291016	-0.00150966
0.193359	0.310547	-0.00155547
0.181641	0.349609	-0.00179175
0.767578	0.181641	0.00121546
0.173828	0.392578	-0.00182041
0.650391	0.146484	0.00189525
0.615234	0.142578	0.00179375
0.169922	0.435547	-0.00197742
0.169922	0.482422	-0.00194032
0.267578	0.720703	-0.000182431
0.306641	0.748047	-0.000572807
0.330078	0.759766	-0.000937597
0.251953	0.259766	0.000243524
0.244141	0.271484	0.000175086
0.396484	0.779297	-0.00113081
0.208984	0.353516	0.000913945
0.595703	0.759766	-0.000510419
0.638672	0.736328	-2.81758e-05
0.529297	0.779297	-0.00100223
0.681641	0.697266	0.000659897
0.423828	0.783203	-0.00122416
0.201172	0.392578	0.000980209
0.251953	0.650391	-0.000469331
0.501953	0.783203	-0.00115909
0.271484	0.673828	-0.000941436
0.275391	0.677734	-0.00107356
0.267578	0.669922	-0.000668689
0.279297	0.681641	-0.00106429
0.283203	0.685547	-0.000912435
0.287109	0.689453	-0.000616851
0.197266	0.431641	0.0010768
0.326172	0.716797	-0.000508787
0.197266	0.474609	0.000934063
0.197266	0.478516	0.00112623
0.349609	0.728516	-1.11053e-05
0.728516	0.607422	-0.000309494
0.384766	0.740234	0.000107311
0.591797	0.716797	-0.000903902
0.615234	0.701172	-0.00141667
0.720703	0.443359	0.000423954
0.568359	0.728516	-0.000417195
0.533203	0.740234	-0.000195463
0.701172	0.404297	0.000928851
0.654297	0.662109	-0.00154538
0.736328	0.560547	-0.000177266
0.458984	0.392578	-0.00243621
0.427734	0.748047	0.000349409
0.736328	0.513672	-7.7866e-05
0.490234	0.748047	0.00021811
0.642578	0.345703	0.0014094
0.681641	0.611328	-0.00118682
0.470703	0.384766	-0.00259511
0.685547	0.599609	-0.00103963
0.681641	0.470703	-0.00183894
0.611328	0.330078	0.00137326
0.685547	0.482422	-0.00165004
0.623047	0.392578	-0.00280669
0.689453	0.583984	-0.000987445
0.611328	0.384766	-0.00246543
0.603516	0.380859	-0.00264812
0.689453	0.498047	-0.00148267
0.693359	0.552734	-0.00120837
0.595703	0.376953	-0.00229948
0.509766	0.369141	-0.0023871
0.693359	0.525391	-0.00113645
0.693359	0.556641	-0.000941208
0.474609	0.330078	0.00254971
0.564453	0.318359	0.00122888
0.498047	0.322266	0.00184533
0.451172	0.341797	0.00297657
0.521484	0.318359	0.00171854
0.572266	0.369141	-0.00196912
0.775391	0.169922	-0.0021228
0.650391	0.130859	-0.0026335
0.619141	0.126953	-0.00270984
0.447266	0.130859	-0.00251659
0.423828	0.134766	-0.00244932
0.388672	0.142578	-0.00236703
0.259766	0.208984	-0.000905365
0.244141	0.224609	-0.000938521
0.212891	0.267578	-0.0014283
0.185547	0.333984	-0.00189817
0.759766	0.177734	0.00135865
0.775391	0.185547	0.0013412
0.673828	0.150391	0.00194826
0.205078	0.638672	-0.00141867
0.208984	0.646484	-0.00129937
0.240234	0.693359	-0.000518868
0.427734	0.423828	-0.000259274
0.169922	0.431641	-0.00216842
0.169922	0.486328	-0.00212287
0.619141	0.142578	0.00213535
0.384766	0.166016	0.0014565
0.396484	0.162109	0.00165352
0.501953	0.142578	0.00197277
0.287109	0.736328	-0.000758121
0.318359	0.197266	0.000833634
0.283203	0.224609	0.000207403
0.279297	0.228516	2.98292e-05
0.275391	0.232422	-1.39773e-05
0.271484	0.236328	7.77782e-05
0.267578	0.240234	0.000305222
0.349609	0.767578	-0.00132428
0.232422	0.291016	0.000702726
0.228516	0.298828	0.000773156
0.376953	0.775391	-0.00129263
0.576172	0.767578	-0.00101022
0.626953	0.744141	-0.000409615
0.548828	0.775391	-0.00110167
0.205078	0.369141	0.00120051
0.654297	0.724609	0.000131502
0.232422	0.619141	0.000381371
0.228516	0.611328	0.000525869
0.208984	0.556641	0.000982056
0.685547	0.693359	0.000147636
0.263672	0.666016	-0.000256175
0.201172	0.517578	0.00108348
0.697266	0.677734	-6.32106e-05
0.306641	0.705078	-0.000261985
0.708984	0.658203	-0.000219906
0.197266	0.427734	0.00129621
0.712891	0.650391	-0.00023179
0.197266	0.482422	0.00135281
0.318359	0.712891	-1.77139e-05
0.732422	0.591797	-0.000629176
0.400391	0.744141	0.000491525
0.728516	0.466797	-4.66997e-05
0.693359	0.392578	0.000875825
0.517578	0.744141	0.000247691
0.732422	0.482422	-0.000410434
0.736328	0.564453	-0.000528542
0.736328	0.509766	-0.000413016
0.654297	0.353516	0.00126155
0.669922	0.638672	-0.000895363
0.673828	0.630859	-0.000935451
0.677734	0.623047	-0.000584011
0.662109	0.431641	-0.0019601
0.673828	0.451172	-0.00151726
0.677734	0.458984	-0.00122113
0.669922	0.443359	-0.00137991
0.642578	0.408203	-0.00220186
0.646484	0.412109	-0.00210828
0.494141	0.373047	-0.00190366
0.689453	0.494141	-0.000690118
0.587891	0.322266	0.000903673
0.693359	0.521484	-0.000847412
0.693359	0.560547	-0.000604988
0.693359	0.517578	-0.000488408
0.505859	0.369141	-0.00149837
0.482422	0.326172	0.00146717
0.568359	0.318359	0.000726547
0.517578	0.318359	0.00129848
0.439453	0.349609	0.00306797
0.419922	0.443359	-0.00310587
0.529297	0.365234	-0.0013173
0.533203	0.365234	-0.00155103
0.537109	0.365234	-0.00167901
0.541016	0.365234	-0.0017013
0.544922	0.365234	-0.00161805
0.548828	0.365234	-0.00142977
0.416016	0.447266	-0.00141581
0.814453	0.197266	-0.00327957
0.751953	0.158203	-0.00249557
0.673828	0.134766	-0.00274277
0.478516	0.126953	-0.00271175
0.404297	0.138672	-0.0025134
0.294922	0.181641	-0.00169234
0.283203	0.189453	-0.00158969
0.263672	0.205078	-0.00123111
0.240234	0.228516	-0.00128673
0.794922	0.197266	0.00118788
0.751953	0.173828	0.00176056
0.732422	0.166016	0.00195711
0.720703	0.162109	0.00195568
0.173828	0.388672	-0.00234757
0.177734	0.552734	-0.00204001
0.189453	0.599609	-0.00195355
0.173828	0.529297	-0.00217357
0.212891	0.654297	-0.00144997
0.169922	0.427734	-0.00238879
0.169922	0.490234	-0.00233372
0.443359	0.150391	0.00208204
0.466797	0.146484	0.00210104
0.271484	0.724609	-0.000682879
0.373047	0.169922	0.00165594
0.298828	0.744141	-0.00105841
0.345703	0.181641	0.00145917
0.337891	0.185547	0.00142168
0.306641	0.205078	0.000783095
0.287109	0.220703	0.000517153
0.263672	0.244141	0.000667348
0.361328	0.771484	-0.00152883
0.236328	0.283203	0.00092783
0.224609	0.306641	0.00112425
0.216797	0.326172	0.00131273
0.212891	0.337891	0.00137537
0.564453	0.771484	-0.00127198
0.587891	0.763672	-0.00125683
0.419922	0.783203	-0.00164046
0.236328	0.626953	0.000520476
0.224609	0.603516	0.000946174
0.201172	0.388672	0.001562
0.505859	0.783203	-0.00156741
0.205078	0.541016	0.00129191
0.248047	0.646484	0.000548009
0.259766	0.662109	0.000294175
0.291016	0.693359	-0.000177767
0.705078	0.666016	-0.000548961
0.197266	0.423828	0.00155053
0.716797	0.642578	-0.00057875
0.197266	0.486328	0.00161371
0.357422	0.732422	0.000781588
0.724609	0.623047	-0.000984388
0.369141	0.736328	0.000653799
0.599609	0.712891	-0.000383344
0.611328	0.705078	-0.000533913
0.548828	0.736328	0.000294789
0.712891	0.423828	2.18405e-05
0.560547	0.732422	0.000390374
0.716797	0.431641	-0.000297884
0.708984	0.416016	-7.84698e-06
0.634766	0.685547	-0.000718193
0.638672	0.681641	-0.000734979
0.658203	0.658203	-0.000663601
0.423828	0.748047	0.000771058
0.736328	0.568359	-0.000932505
0.494141	0.748047	0.000623596
0.736328	0.505859	-0.00080156
0.462891	0.388672	-0.00160661
0.666016	0.646484	-0.000459554
0.630859	0.337891	0.000451268
0.623047	0.333984	0.000396975
0.685547	0.603516	7.58587e-05
0.638672	0.404297	-0.00209097
0.650391	0.416016	-0.00181244
0.634766	0.400391	-0.00177446
0.689453	0.587891	-0.000160695
0.619141	0.388672	-0.00175384
0.685547	0.478516	-0.000554801
0.603516	0.326172	0.00033452
0.474609	0.380859	-0.00114674
0.482422	0.376953	-0.00115338
0.654297	0.419922	-0.00131846
0.681641	0.466797	-0.000504224
0.693359	0.564453	-0.000200031
0.587891	0.373047	-0.00142551
0.693359	0.513672	-5.93919e-05
0.572266	0.318359	0.000149174
0.576172	0.369141	-0.00105224
0.494141	0.322266	0.000938947
0.470703	0.330078	0.00111348
0.462891	0.333984	0.00154754
0.513672	0.318359	0.000800617
0.455078	0.337891	0.00149981
0.443359	0.345703	0.00211356
0.525391	0.365234	-0.000977747
0.552734	0.365234	-0.0011374
0.556641	0.365234	-0.000742079
0.404297	0.388672	0.00312393
0.400391	0.396484	0.00322038
0.392578	0.423828	0.00370628
0.412109	0.451172	0.000217809
0.806641	0.205078	-0.000686663
0.732422	0.150391	-0.00271293
0.720703	0.146484	-0.00273803
0.361328	0.150391	-0.00256513
0.224609	0.248047	-0.00176443
0.197266	0.298828	-0.00208149
0.177734	0.365234	-0.00233844
0.783203	0.189453	0.00174223
0.693359	0.154297	0.00223263
0.193359	0.611328	-0.00196583
0.201172	0.630859	-0.00179692
0.181641	0.572266	-0.00225918
0.654297	0.146484	0.00247315
0.224609	0.673828	-0.00145385
0.236328	0.689453	-0.00110577
0.498047	0.142578	0.00231951
0.169922	0.494141	-0.00257337
0.623047	0.142578	0.00250188
0.423828	0.154297	0.00225732
0.353516	0.177734	0.0017447
0.291016	0.216797	0.000957902
0.337891	0.763672	-0.00163622
0.248047	0.263672	0.00120411
0.392578	0.779297	-0.00184059
0.650391	0.728516	-0.000520503
0.533203	0.779297	-0.00169861
0.416016	0.783203	-0.00209701
0.216797	0.583984	0.00126871
0.212891	0.572266	0.0013867
0.689453	0.689453	-0.000510396
0.509766	0.783203	-0.0020157
0.240234	0.634766	0.000952279
0.201172	0.521484	0.00166521
0.294922	0.697266	0.000402946
0.197266	0.419922	0.00183997
0.197266	0.490234	0.0019094
0.720703	0.634766	-0.00125152
0.728516	0.611328	-0.00132698
0.380859	0.740234	0.00110098
0.732422	0.595703	-0.00141625
0.724609	0.451172	-0.00069153
0.630859	0.689453	-0.00053985
0.396484	0.744141	0.00126901
0.537109	0.740234	0.000781016
0.705078	0.408203	-0.000398314
0.697266	0.396484	-6.72575e-05
0.626953	0.693359	-0.000202368
0.642578	0.677734	-0.000589821
0.728516	0.462891	-0.00105225
0.646484	0.673828	-0.0002831
0.521484	0.744141	0.00100891
0.732422	0.478516	-0.00118431
0.736328	0.572266	-0.00138935
0.681641	0.376953	0.000167457
0.677734	0.373047	0.000378586
0.419922	0.748047	0.00124195
0.673828	0.369141	0.00042234
0.669922	0.365234	0.000296786
0.498047	0.748047	0.00107841
0.736328	0.501953	-0.00124346
0.650391	0.349609	0.000365698
0.638672	0.341797	8.74079e-05
0.681641	0.615234	0.000151682
0.666016	0.435547	-0.000795677
0.615234	0.330078	-6.91264e-05
0.630859	0.396484	-0.00125147
0.591797	0.322266	-5.90428e-05
0.490234	0.373047	-0.000566575
0.689453	0.490234	0.000174371
0.607422	0.380859	-0.00088926
0.693359	0.568359	0.000273353
0.599609	0.376953	-0.000754286
0.693359	0.509766	0.000439684
0.501953	0.369141	-0.000504455
0.509766	0.318359	0.000224692
0.521484	0.365234	-0.000532256
0.560547	0.365234	-0.000244813
0.408203	0.380859	0.00235262
0.396484	0.404297	0.00261358
0.392578	0.419922	0.00305655
0.794922	0.181641	-0.00230359
0.623047	0.126953	-0.00310098
0.435547	0.412109	0.000192359
0.373047	0.146484	-0.00278409
0.322266	0.166016	-0.00244281
0.314453	0.169922	-0.0023703
0.267578	0.201172	-0.00168936
0.236328	0.232422	-0.00177022
0.216797	0.259766	-0.00197919
0.708984	0.158203	0.00236628
0.185547	0.587891	-0.00236362
0.169922	0.423828	-0.00263789
0.216797	0.662109	-0.00188318
0.408203	0.158203	0.00223
0.275391	0.728516	-0.00131764
0.494141	0.142578	0.00269025
0.330078	0.189453	0.0016427
0.423828	0.427734	0.00100169
0.259766	0.248047	0.0011625
0.240234	0.275391	0.0014538
0.220703	0.314453	0.00174533
0.373047	0.775391	-0.00222626
0.208984	0.349609	0.00190427
0.634766	0.740234	-0.00115563
0.205078	0.365234	0.00201908
0.607422	0.755859	-0.00167945
0.615234	0.751953	-0.00162025
0.552734	0.775391	-0.00201841
0.220703	0.595703	0.00162928
0.201172	0.384766	0.00218176
0.439453	0.408203	-0.000328206
0.208984	0.560547	0.00195874
0.255859	0.658203	0.000979507
0.701172	0.673828	-0.00122553
0.197266	0.416016	0.00216464
0.310547	0.708984	0.000810598
0.443359	0.404297	-0.000614341
0.197266	0.494141	0.00223952
0.330078	0.720703	0.00110792
0.337891	0.724609	0.0011466
0.447266	0.400391	-0.000658621
0.580078	0.724609	0.000731387
0.587891	0.720703	0.000699051
0.720703	0.439453	-0.000957089
0.451172	0.396484	-0.000457511
0.607422	0.708984	0.000494575
0.572266	0.728516	0.00109096
0.623047	0.697266	0.000290765
0.650391	0.669922	0.000185578
0.685547	0.380859	-0.000208601
0.416016	0.748047	0.00176243
0.662109	0.654297	0.000375522
0.666016	0.361328	1.4416e-06
0.466797	0.384766	-0.000535577
0.501953	0.748047	0.00158233
0.673828	0.634766	0.00078373
0.658203	0.423828	-0.000631057
0.689453	0.591797	0.00073433
0.673828	0.447266	0.0002323
0.677734	0.455078	0.000354909
0.626953	0.392578	-0.00052251
0.615234	0.384766	-0.000499326
0.685547	0.474609	0.00061217
0.693359	0.572266	0.000815041
0.576172	0.318359	-0.000503103
0.591797	0.373047	-9.74195e-05
0.478516	0.326172	0.00022027
0.490234	0.322266	-4.73058e-05
0.447266	0.341797	0.000953634
0.580078	0.369141	-3.77576e-05
0.505859	0.318359	-0.000429324
0.517578	0.365234	1.87962e-05
0.431641	0.353516	0.00134166
0.427734	0.357422	0.0017336
0.423828	0.361328	0.00189469
0.419922	0.365234	0.00181902
0.564453	0.365234	0.000353502
0.416016	0.369141	0.00150203
0.404297	0.384766	0.00115065
0.400391	0.392578	0.00151453
0.396484	0.400391	0.00119725
0.392578	0.416016	0.00224564
0.408203	0.455078	0.0014663
0.810547	0.193359	-0.00249569
0.783203	0.173828	-0.00261776
0.693359	0.138672	-0.00304335
0.654297	0.130859	-0.00322505
0.443359	0.130859	-0.00308247
0.474609	0.126953	-0.00309482
0.349609	0.154297	-0.00272979
0.431641	0.416016	0.000936658
0.189453	0.318359	-0.00271312
0.181641	0.345703	-0.00270942
0.744141	0.169922	0.00240363
0.173828	0.384766	-0.00290625
0.677734	0.150391	0.00270428
0.197266	0.623047	-0.00242457
0.173828	0.533203	-0.00271341
0.177734	0.556641	-0.00277701
0.169922	0.419922	-0.00291599
0.232422	0.685547	-0.00182263
0.169922	0.498047	-0.00284176
0.626953	0.142578	0.0028914
0.462891	0.146484	0.00267392
0.361328	0.173828	0.00227201
0.291016	0.740234	-0.00185839
0.310547	0.201172	0.00179393
0.294922	0.212891	0.00152808
0.318359	0.755859	-0.00218655
0.646484	0.732422	-0.00130874
0.599609	0.759766	-0.00203154
0.580078	0.767578	-0.00226469
0.623047	0.748047	-0.00186034
0.412109	0.783203	-0.00259386
0.537109	0.779297	-0.00243703
0.513672	0.783203	-0.00250336
0.205078	0.544922	0.00210349
0.693359	0.685547	-0.00131168
0.201172	0.525391	0.00228289
0.197266	0.412109	0.00252457
0.298828	0.701172	0.0011229
0.322266	0.716797	0.00139617
0.345703	0.728516	0.00150563
0.365234	0.736328	0.00186957
0.595703	0.716797	0.00100568
0.552734	0.736328	0.00149691
0.736328	0.576172	-0.00189952
0.619141	0.701172	0.000936906
0.701172	0.400391	-0.00116044
0.689453	0.384766	-0.000747132
0.541016	0.740234	0.0018093
0.525391	0.744141	0.0018209
0.736328	0.498047	-0.00173814
0.654297	0.666016	0.000816217
0.662109	0.357422	-0.000462974
0.646484	0.345703	-0.000695901
0.455078	0.392578	-1.05244e-05
0.669922	0.642578	0.000979547
0.677734	0.626953	0.000977659
0.685547	0.607422	0.00125909
0.607422	0.326172	-0.000939869
0.662109	0.427734	0.000244515
0.669922	0.439453	0.000543297
0.681641	0.462891	0.00090086
0.595703	0.322266	-0.00109535
0.693359	0.505859	0.00100865
0.478516	0.376953	0.000524734
0.623047	0.388672	0.000410265
0.689453	0.486328	0.00110969
0.693359	0.576172	0.00142505
0.580078	0.318359	-0.00122982
0.458984	0.333984	-0.00016028
0.498047	0.369141	0.000593108
0.466797	0.330078	-0.000401483
0.501953	0.318359	-0.0011605
0.435547	0.349609	0.000725845
0.513672	0.365234	0.000674453
0.537109	0.314453	-0.00129187
0.541016	0.314453	-0.00126152
0.544922	0.314453	-0.00130666
0.548828	0.314453	-0.00142702
0.412109	0.373047	0.00094089
0.392578	0.412109	0.00128078
0.392578	0.447266	0.00351557
0.810547	0.201172	0.00101845
0.810547	0.205078	-0.00155068
0.802734	0.201172	0.00190886
0.708984	0.142578	-0.00317001
0.419922	0.134766	-0.00317239
0.541016	0.123047	-0.00335618
0.544922	0.123047	-0.00332448
0.548828	0.123047	-0.00331267
0.552734	0.123047	-0.00332077
0.556641	0.123047	-0.00334879
0.560547	0.123047	-0.00339683
0.330078	0.162109	-0.0027601
0.306641	0.173828	-0.00255635
0.271484	0.197266	-0.00227931
0.185547	0.330078	-0.00297579
0.658203	0.146484	0.00307959
0.169922	0.501953	-0.00313877
0.439453	0.150391	0.00281875
0.392578	0.162109	0.00278739
0.380859	0.166016	0.00270874
0.490234	0.142578	0.0030844
0.279297	0.732422	-0.00208448
0.322266	0.193359	0.00213788
0.310547	0.751953	-0.00218168
0.326172	0.759766	-0.00248589
0.255859	0.251953	0.00178899
0.345703	0.767578	-0.0026019
0.357422	0.771484	-0.00265341
0.388672	0.779297	-0.00259306
0.212891	0.333984	0.00254609
0.568359	0.771484	-0.00237547
0.669922	0.712891	-0.00147282
0.673828	0.708984	-0.00146952
0.244141	0.642578	0.00168899
0.228516	0.615234	0.00218009
0.232422	0.623047	0.00214843
0.251953	0.654297	0.00179548
0.197266	0.498047	0.00260396
0.708984	0.662109	-0.00206032
0.712891	0.654297	-0.0019376
0.716797	0.646484	-0.0021498
0.724609	0.626953	-0.0022382
0.353516	0.732422	0.00217324
0.728516	0.615234	-0.00239921
0.376953	0.740234	0.00214617
0.732422	0.599609	-0.00225743
0.392578	0.744141	0.00209744
0.564453	0.732422	0.00176925
0.712891	0.419922	-0.00169422
0.724609	0.447266	-0.0019399
0.732422	0.474609	-0.00201266
0.716797	0.427734	-0.00187385
0.728516	0.458984	-0.00211375
0.736328	0.580078	-0.00246306
0.412109	0.748047	0.00233246
0.736328	0.494141	-0.00228528
0.505859	0.748047	0.002135
0.658203	0.353516	-0.0010956
0.458984	0.388672	0.000680361
0.681641	0.619141	0.00155612
0.634766	0.337891	-0.00139281
0.626953	0.333984	-0.00128177
0.470703	0.380859	0.000769
0.619141	0.330078	-0.00158148
0.689453	0.595703	0.00169699
0.642578	0.404297	0.000591568
0.646484	0.408203	0.000582959
0.486328	0.373047	0.000871451
0.611328	0.380859	0.000952032
0.603516	0.376953	0.000877968
0.693359	0.501953	0.00164686
0.583984	0.369141	0.00107268
0.486328	0.322266	-0.00111196
0.474609	0.326172	-0.00110628
0.451172	0.337891	-0.000402693
0.439453	0.345703	-0.00010566
0.595703	0.373047	0.00132173
0.568359	0.365234	0.00105191
0.509766	0.365234	0.00143445
0.529297	0.314453	-0.00158048
0.533203	0.314453	-0.00139809
0.552734	0.314453	-0.00162259
0.556641	0.314453	-0.00189328
0.525391	0.314453	-0.00183924
0.408203	0.376953	0.000134179
0.400391	0.388672	-0.000299216
0.396484	0.396484	-0.000340447
0.392578	0.408203	0.000173773
0.388672	0.423828	-0.000168837
0.388672	0.427734	0.000294966
0.388672	0.431641	0.000589491
0.388672	0.435547	0.000692325
0.388672	0.439453	0.00059005
0.744141	0.154297	-0.00314171
0.533203	0.123047	-0.00347919
0.537109	0.123047	-0.00340777
0.564453	0.123047	-0.00346499
0.287109	0.185547	-0.00262022
0.427734	0.419922	0.00189129
0.232422	0.236328	-0.00238567
0.205078	0.279297	-0.00290843
0.193359	0.306641	-0.00290075
0.177734	0.361328	-0.00310472
0.791016	0.193359	0.00241837
0.697266	0.154297	0.00315871
0.169922	0.416016	-0.00322387
0.181641	0.576172	-0.00317276
0.630859	0.142578	0.00330606
0.419922	0.154297	0.00314942
0.302734	0.748047	-0.0024789
0.419922	0.431641	0.00242626
0.298828	0.208984	0.00222572
0.244141	0.267578	0.00228829
0.232422	0.287109	0.00250807
0.228516	0.294922	0.00246187
0.216797	0.322266	0.00262815
0.224609	0.302734	0.00270163
0.208984	0.345703	0.00293634
0.591797	0.763672	-0.0026652
0.205078	0.361328	0.00287758
0.666016	0.716797	-0.00162035
0.201172	0.380859	0.00283929
0.642578	0.736328	-0.00222946
0.662109	0.720703	-0.00191166
0.677734	0.705078	-0.00161106
0.224609	0.607422	0.00248932
0.216797	0.587891	0.0025603
0.212891	0.576172	0.00253677
0.517578	0.783203	-0.00303038
0.681641	0.701172	-0.00189832
0.197266	0.408203	0.00291976
0.236328	0.630859	0.00240164
0.201172	0.529297	0.00293644
0.271484	0.677734	0.001738
0.275391	0.681641	0.00167762
0.279297	0.685547	0.00175741
0.302734	0.705078	0.00198052
0.197266	0.501953	0.003003
0.314453	0.712891	0.00201683
0.462891	0.787109	-0.00315286
0.603516	0.712891	0.00166353
0.708984	0.412109	-0.00186529
0.693359	0.388672	-0.00144524
0.615234	0.705078	0.00173355
0.720703	0.435547	-0.00239478
0.529297	0.744141	0.00268347
0.658203	0.662109	0.00160682
0.666016	0.650391	0.00156924
0.509766	0.748047	0.00273647
0.642578	0.341797	-0.00191953
0.451172	0.751953	0.00275646
0.455078	0.751953	0.00267614
0.458984	0.751953	0.00264377
0.462891	0.751953	0.0026594
0.466797	0.751953	0.00272304
0.470703	0.751953	0.00283454
0.650391	0.412109	0.000774304
0.666016	0.431641	0.00130171
0.638672	0.400391	0.000801485
0.654297	0.416016	0.00116257
0.685547	0.470703	0.00185087
0.693359	0.580078	0.002103
0.599609	0.322266	-0.00220378
0.583984	0.318359	-0.00202995
0.634766	0.396484	0.00121376
0.689453	0.482422	0.00211473
0.619141	0.384766	0.00154353
0.693359	0.498047	0.00235429
0.494141	0.369141	0.00179318
0.697266	0.533203	0.00240544
0.697266	0.537109	0.00232753
0.697266	0.541016	0.00231804
0.697266	0.544922	0.00237676
0.697266	0.548828	0.00250354
0.498047	0.318359	-0.00196908
0.572266	0.365234	0.00184881
0.560547	0.314453	-0.00223868
0.443359	0.341797	-0.00114405
0.521484	0.314453	-0.00217441
0.404297	0.380859	-0.000918237
0.392578	0.404297	-0.00106702
0.388672	0.419922	-0.000791378
0.388672	0.443359	0.00027365
0.392578	0.451172	0.00237798
0.400391	0.458984	0.00195921
0.404297	0.458984	0.00119544
0.677734	0.134766	-0.00350799
0.626953	0.126953	-0.00351472
0.470703	0.126953	-0.00349987
0.400391	0.138672	-0.0033768
0.384766	0.142578	-0.0033597
0.568359	0.123047	-0.00355333
0.529297	0.123047	-0.00357046
0.220703	0.251953	-0.00283655
0.208984	0.271484	-0.00299192
0.201172	0.287109	-0.00310471
0.763672	0.177734	0.00301968
0.724609	0.162109	0.00315061
0.771484	0.181641	0.00298443
0.173828	0.380859	-0.00349711
0.189453	0.603516	-0.00314601
0.173828	0.537109	-0.00328354
0.220703	0.669922	-0.00260897
0.169922	0.505859	-0.00346475
0.228516	0.681641	-0.00266615
0.458984	0.146484	0.00327105
0.404297	0.158203	0.00325185
0.369141	0.169922	0.00302853
0.552734	0.138672	0.00345282
0.556641	0.138672	0.00342366
0.560547	0.138672	0.00341669
0.564453	0.138672	0.00343202
0.568359	0.138672	0.00346928
0.548828	0.138672	0.0035043
0.572266	0.138672	0.00352847
0.333984	0.763672	-0.0030705
0.251953	0.255859	0.00254673
0.369141	0.775391	-0.00320395
0.630859	0.744141	-0.00240939
0.408203	0.783203	-0.00313139
0.556641	0.775391	-0.00297773
0.541016	0.779297	-0.00321764
0.658203	0.724609	-0.00234583
0.208984	0.564453	0.0029748
0.205078	0.548828	0.00295372
0.697266	0.681641	-0.00225372
0.685547	0.697266	-0.00233166
0.267578	0.673828	0.00193761
0.197266	0.404297	0.00335039
0.283203	0.689453	0.00197864
0.705078	0.669922	-0.00252374
0.451172	0.787109	-0.00333564
0.455078	0.787109	-0.00323616
0.458984	0.787109	-0.00317528
0.466797	0.787109	-0.00316892
0.470703	0.787109	-0.00322351
0.474609	0.787109	-0.00331666
0.720703	0.638672	-0.00269
0.388672	0.744141	0.00297674
0.583984	0.724609	0.00242527
0.736328	0.583984	-0.00307996
0.408203	0.748047	0.00295189
0.591797	0.720703	0.00252603
0.576172	0.728516	0.00265322
0.556641	0.736328	0.00275154
0.705078	0.404297	-0.00239902
0.544922	0.740234	0.00288991
0.697266	0.392578	-0.00229903
0.732422	0.470703	-0.0028951
0.736328	0.490234	-0.00288556
0.654297	0.349609	-0.00189548
0.447266	0.751953	0.00288475
0.673828	0.638672	0.00256552
0.677734	0.630859	0.00260394
0.443359	0.751953	0.00306109
0.474609	0.751953	0.00299379
0.462891	0.384766	0.00161088
0.740234	0.529297	-0.00317859
0.740234	0.533203	-0.00310898
0.740234	0.537109	-0.00309143
0.740234	0.541016	-0.00312593
0.740234	0.544922	-0.00321247
0.685547	0.611328	0.00250863
0.611328	0.326172	-0.00228515
0.658203	0.419922	0.00174344
0.673828	0.443359	0.00205034
0.677734	0.451172	0.00200153
0.689453	0.599609	0.00272645
0.681641	0.458984	0.00237612
0.630859	0.392578	0.00182876
0.693359	0.583984	0.00284842
0.474609	0.376953	0.00229807
0.482422	0.373047	0.00240852
0.587891	0.369141	0.00227698
0.697266	0.525391	0.00276705
0.697266	0.529297	0.00255194
0.697266	0.552734	0.0026984
0.482422	0.322266	-0.00225447
0.462891	0.330078	-0.0019947
0.455078	0.333984	-0.00194556
0.564453	0.314453	-0.0026582
0.416016	0.451172	-0.00322206
0.697266	0.556641	0.00296136
0.505859	0.365234	0.00229878
0.517578	0.314453	-0.00258599
0.431641	0.349609	-0.00168545
0.427734	0.353516	-0.00119091
0.423828	0.357422	-0.000919507
0.419922	0.361328	-0.000877302
0.416016	0.365234	-0.00106925
0.412109	0.369141	-0.00149884
0.529297	0.361328	0.00258326
0.533203	0.361328	0.00235589
0.537109	0.361328	0.0022315
0.541016	0.361328	0.00221002
0.544922	0.361328	0.00229133
0.548828	0.361328	0.00247497
0.552734	0.361328	0.00276008
0.412109	0.455078	-0.00175569
0.396484	0.392578	-0.00199267
0.388672	0.416016	-0.0015695
0.388672	0.447266	-0.000312707
0.408203	0.458984	-0.00111124
0.392578	0.455078	0.000598496
0.396484	0.458984	0.000699971
0.806641	0.189453	-0.00290003
0.439453	0.130859	-0.00367333
0.572266	0.123047	-0.00366188
0.525391	0.123047	-0.0036817
0.337891	0.158203	-0.00331381
0.298828	0.177734	-0.00301756
0.755859	0.173828	0.00331996
0.736328	0.166016	0.0032824
0.712891	0.158203	0.00344225
0.681641	0.150391	0.00349234
0.185547	0.591797	-0.00343082
0.193359	0.615234	-0.00328887
0.169922	0.412109	-0.00356072
0.205078	0.642578	-0.00308436
0.177734	0.560547	-0.00354753
0.208984	0.650391	-0.00307171
0.248047	0.705078	-0.00239437
0.251953	0.708984	-0.00227718
0.244141	0.701172	-0.00264521
0.255859	0.712891	-0.0022955
0.486328	0.142578	0.00350188
0.435547	0.150391	0.00358441
0.259766	0.716797	-0.00245063
0.341797	0.181641	0.00316026
0.314453	0.197266	0.00291878
0.544922	0.138672	0.00357816
0.576172	0.138672	0.00361076
0.580078	0.138672	0.00371589
0.541016	0.138672	0.00367463
0.236328	0.279297	0.00285038
0.220703	0.310547	0.00321284
0.384766	0.779297	-0.00338829
0.201172	0.376953	0.00353503
0.220703	0.599609	0.00306568
0.521484	0.783203	-0.00359718
0.248047	0.650391	0.00273864
0.263672	0.669922	0.00227566
0.240234	0.638672	0.00295027
0.287109	0.693359	0.00234206
0.447266	0.787109	-0.00347394
0.478516	0.787109	-0.00344839
0.443359	0.787109	-0.00365114
0.197266	0.505859	0.00343719
0.482422	0.787109	-0.00361869
0.326172	0.720703	0.00293521
0.333984	0.724609	0.00284469
0.341797	0.728516	0.00307517
0.361328	0.736328	0.00313814
0.732422	0.603516	-0.00315271
0.373047	0.740234	0.00324306
0.634766	0.689453	0.00211329
0.638672	0.685547	0.00201731
0.642578	0.681641	0.002081
0.728516	0.455078	-0.00323153
0.439453	0.404297	0.00225882
0.443359	0.400391	0.00209636
0.611328	0.708984	0.0026771
0.568359	0.732422	0.00320141
0.724609	0.443359	-0.00324412
0.630859	0.693359	0.00236764
0.646484	0.677734	0.00230406
0.662109	0.658203	0.00255445
0.513672	0.748047	0.00338722
0.439453	0.751953	0.00328545
0.478516	0.751953	0.00320087
0.740234	0.525391	-0.00330019
0.740234	0.548828	-0.00335105
0.447266	0.396484	0.00217262
0.669922	0.646484	0.00291507
0.435547	0.751953	0.00355782
0.482422	0.751953	0.00345606
0.740234	0.521484	-0.00347375
0.740234	0.552734	-0.00354172
0.681641	0.623047	0.00302623
0.669922	0.435547	0.00253408
0.662109	0.423828	0.00251232
0.587891	0.318359	-0.00290269
0.685547	0.466797	0.00316022
0.689453	0.478516	0.00318946
0.607422	0.376953	0.00259521
0.693359	0.494141	0.00313205
0.599609	0.373047	0.0028298
0.697266	0.521484	0.00305081
0.697266	0.560547	0.00329229
0.470703	0.326172	-0.00251163
0.568359	0.314453	-0.00315155
0.494141	0.318359	-0.00285653
0.447266	0.337891	-0.00238074
0.576172	0.365234	0.00274272
0.697266	0.517578	0.00340333
0.513672	0.314453	-0.00307392
0.435547	0.345703	-0.0023961
0.525391	0.361328	0.00291364
0.556641	0.361328	0.00314567
0.408203	0.373047	-0.00216809
0.400391	0.384766	-0.00221513
0.392578	0.400391	-0.00243561
0.388672	0.412109	-0.00249771
0.388672	0.451172	-0.00129808
0.400391	0.462891	-0.00191209
0.404297	0.462891	-0.0024162
0.798828	0.197266	0.00328496
0.658203	0.130859	-0.00384317
0.576172	0.123047	-0.00379082
0.521484	0.123047	-0.00381291
0.275391	0.193359	-0.0029983
0.806641	0.201172	0.00311816
0.423828	0.423828	0.0030413
0.212891	0.263672	-0.0033607
0.197266	0.294922	-0.00357121
0.181641	0.341797	-0.00366096
0.779297	0.185547	0.00321706
0.201172	0.634766	-0.00335839
0.662109	0.146484	0.00371567
0.212891	0.658203	-0.00333228
0.634766	0.142578	0.00374635
0.169922	0.509766	-0.00381988
0.263672	0.720703	-0.00274273
0.349609	0.177734	0.00334615
0.283203	0.736328	-0.00298129
0.333984	0.185547	0.0032241
0.294922	0.744141	-0.00308469
0.537109	0.138672	0.00379327
0.583984	0.138672	0.00384351
0.302734	0.205078	0.00304713
0.275391	0.228516	0.00275531
0.271484	0.232422	0.00277922
0.404297	0.783203	-0.00371
0.583984	0.767578	-0.00356455
0.611328	0.755859	-0.00336584
0.572266	0.771484	-0.00352396
0.619141	0.751953	-0.00342524
0.205078	0.357422	0.00377656
0.654297	0.728516	-0.00292044
0.689453	0.693359	-0.00291014
0.259766	0.666016	0.00275106
0.201172	0.533203	0.0036265
0.197266	0.400391	0.0038172
0.439453	0.787109	-0.0038672
0.486328	0.787109	-0.00382761
0.291016	0.697266	0.0028467
0.306641	0.708984	0.00297427
0.318359	0.716797	0.00335285
0.724609	0.630859	-0.00354721
0.728516	0.619141	-0.00352667
0.349609	0.732422	0.00361768
0.435547	0.408203	0.00265478
0.599609	0.716797	0.00296868
0.736328	0.587891	-0.00375035
0.404297	0.748047	0.00362075
0.626953	0.697266	0.00277737
0.736328	0.486328	-0.00353967
0.681641	0.373047	-0.00246792
0.677734	0.369141	-0.00234242
0.673828	0.365234	-0.00238292
0.716797	0.423828	-0.00350661
0.533203	0.744141	0.00359635
0.650391	0.673828	0.00268648
0.685547	0.376953	-0.0027572
0.669922	0.361328	-0.00259065
0.666016	0.357422	-0.00296544
0.650391	0.345703	-0.0028607
0.740234	0.556641	-0.00378462
0.740234	0.517578	-0.00369938
0.630859	0.333984	-0.00302746
0.451172	0.392578	0.00248953
0.431641	0.751953	0.00387837
0.486328	0.751953	0.00375957
0.638672	0.337891	-0.00330171
0.623047	0.330078	-0.0031627
0.603516	0.322266	-0.003384
0.455078	0.388672	0.00304647
0.466797	0.380859	0.00277463
0.626953	0.388672	0.00264542
0.693359	0.587891	0.0036617
0.615234	0.380859	0.00287345
0.490234	0.369141	0.00309409
0.697266	0.564453	0.00369098
0.697266	0.513672	0.00382469
0.501953	0.365234	0.00326595
0.478516	0.322266	-0.00347515
0.572266	0.314453	-0.00371877
0.591797	0.369141	0.00357326
0.580078	0.365234	0.00373259
0.509766	0.314453	-0.00363842
0.521484	0.361328	0.00334718
0.560547	0.361328	0.0036308
0.404297	0.376953	-0.00307789
0.388672	0.408203	-0.00356611
0.384766	0.427734	-0.0036018
0.384766	0.431641	-0.00332009
0.384766	0.435547	-0.00322244
0.384766	0.439453	-0.00331983
0.384766	0.443359	-0.00361805
0.392578	0.458984	-0.00181142
0.388672	0.455078	-0.00279816
0.396484	0.462891	-0.00277709
