0.462891	0.115234	-0.00125854
0.458984	0.115234	0.00156458
0.455078	0.115234	0.00279393
0.423828	0.119141	0.00347059
0.451172	0.115234	0.00278269
0.447266	0.115234	0.00251931
0.419922	0.119141	0.00329768
0.396484	0.123047	0.00345503
0.443359	0.115234	0.00218842
0.416016	0.119141	0.00277565
0.376953	0.126953	0.00345547
0.361328	0.130859	0.00360325
0.439453	0.115234	0.00181538
0.392578	0.123047	0.00276992
0.412109	0.119141	0.00220327
0.435547	0.115234	0.00140609
0.345703	0.134766	0.00321083
0.373047	0.126953	0.00261283
0.333984	0.138672	0.00342884
0.146484	0.443359	0.0038248
0.357422	0.130859	0.00263355
0.146484	0.439453	0.00369181
0.146484	0.486328	0.00379436
0.408203	0.119141	0.00160161
0.388672	0.123047	0.00203765
0.322266	0.142578	0.00327186
0.150391	0.388672	0.0035938
0.146484	0.435547	0.0035334
0.146484	0.490234	0.00365286
0.431641	0.115234	0.000961652
0.146484	0.431641	0.00335032
0.146484	0.494141	0.00348831
0.162109	0.326172	0.00373543
0.154297	0.361328	0.00347267
0.158203	0.341797	0.00354445
0.150391	0.541016	0.00352074
0.146484	0.427734	0.0031425
0.146484	0.498047	0.00330021
0.294922	0.154297	0.00345399
0.302734	0.150391	0.00318377
0.150391	0.384766	0.0031072
0.146484	0.501953	0.0030889
0.447266	0.123047	-0.00360977
0.369141	0.126953	0.00172315
0.146484	0.423828	0.00291001
0.154297	0.568359	0.00343149
0.404297	0.119141	0.000973715
0.341797	0.134766	0.00209017
0.169922	0.298828	0.00345047
0.158203	0.587891	0.0035782
0.146484	0.419922	0.00265321
0.146484	0.505859	0.00285318
0.427734	0.115234	0.000489164
0.384766	0.123047	0.00127556
0.330078	0.138672	0.00220081
0.310547	0.146484	0.00266773
0.166016	0.310547	0.0032974
0.150391	0.544922	0.00303727
0.154297	0.357422	0.00278771
0.150391	0.380859	0.00259495
0.458984	0.111328	-0.00143849
0.353516	0.130859	0.00161505
0.279297	0.162109	0.00321933
0.146484	0.509766	0.00259302
0.443359	0.123047	-0.00305696
0.158203	0.337891	0.00270125
0.146484	0.416016	0.00237267
0.166016	0.619141	0.00355105
0.419922	0.126953	-0.00325093
0.384766	0.134766	-0.00364107
0.173828	0.287109	0.00313997
0.162109	0.322266	0.00274543
0.400391	0.130859	-0.00333317
0.154297	0.572266	0.00275565
0.150391	0.548828	0.00252784
0.146484	0.513672	0.00230868
0.146484	0.412109	0.00206861
0.318359	0.142578	0.00191347
0.150391	0.376953	0.00205637
0.158203	0.591797	0.0027487
0.447266	0.818359	0.0037814
0.369141	0.138672	-0.00344806
0.162109	0.607422	0.00289479
0.490234	0.818359	0.00378319
0.439453	0.123047	-0.00250442
0.455078	0.111328	-0.000975466
0.423828	0.115234	-1.16169e-05
0.400391	0.119141	0.000320967
0.271484	0.166016	0.00268191
0.154297	0.353516	0.00206998
0.146484	0.517578	0.00200031
0.443359	0.818359	0.00359935
0.162109	0.427734	-0.00383764
0.365234	0.126953	0.000800819
0.259766	0.173828	0.00290467
0.185547	0.259766	0.00287068
0.181641	0.267578	0.00276145
0.146484	0.408203	0.00174049
0.361328	0.806641	0.00377095
0.494141	0.818359	0.00360192
0.416016	0.126953	-0.00255761
0.380859	0.123047	0.000485351
0.150391	0.552734	0.0019924
0.400391	0.814453	0.00340607
0.169922	0.361328	-0.00383744
0.166016	0.384766	-0.00369489
0.439453	0.818359	0.00338745
0.162109	0.423828	-0.00360758
0.162109	0.494141	-0.00370743
0.166016	0.306641	0.00215723
0.177734	0.654297	0.00314322
0.498047	0.818359	0.00338941
0.396484	0.130859	-0.0024994
0.380859	0.134766	-0.00269095
0.189453	0.251953	0.00271703
0.177734	0.275391	0.00237588
0.169922	0.294922	0.00217481
0.158203	0.333984	0.00182192
0.154297	0.576172	0.00205133
0.146484	0.521484	0.00166805
0.333984	0.150391	-0.00350236
0.345703	0.802734	0.00352787
0.376953	0.810547	0.00331852
0.537109	0.814453	0.00344162
0.435547	0.818359	0.00314493
0.162109	0.419922	-0.00335033
0.162109	0.498047	-0.00346542
0.337891	0.134766	0.000930272
0.244141	0.185547	0.00289376
0.150391	0.373047	0.00149131
0.146484	0.404297	0.00138724
0.166016	0.623047	0.00244433
0.322266	0.794922	0.00360696
0.173828	0.341797	-0.00364729
0.501953	0.818359	0.00314586
0.435547	0.123047	-0.0019452
0.298828	0.150391	0.00158614
0.291016	0.154297	0.00175742
0.162109	0.318359	0.00171629
0.169922	0.634766	0.002608
0.560547	0.810547	0.00341872
0.431641	0.818359	0.00287052
0.166016	0.537109	-0.0034445
0.451172	0.111328	-0.00110179
0.177734	0.326172	-0.00356939
0.396484	0.814453	0.00283585
0.166016	0.380859	-0.00315197
0.169922	0.560547	-0.00357322
0.505859	0.818359	0.00287204
0.162109	0.416016	-0.00306628
0.162109	0.501953	-0.0031969
0.353516	0.142578	-0.00267525
0.349609	0.130859	0.000563072
0.326172	0.138672	0.000927826
0.212891	0.216797	0.00274382
0.201172	0.232422	0.00259037
0.154297	0.349609	0.001319
0.158203	0.595703	0.00188832
0.146484	0.525391	0.00131185
0.419922	0.115234	-0.000536823
0.306641	0.146484	0.0011662
0.283203	0.158203	0.00166661
0.162109	0.611328	0.00189919
0.150391	0.556641	0.0014308
0.302734	0.787109	0.00336231
0.357422	0.806641	0.00282506
0.169922	0.357422	-0.00309999
0.541016	0.814453	0.00288182
0.427734	0.818359	0.00256358
0.162109	0.412109	-0.00275561
0.162109	0.505859	-0.00290145
0.412109	0.126953	-0.00185225
0.365234	0.138672	-0.0023756
0.193359	0.244141	0.00225893
0.173828	0.283203	0.00172584
0.146484	0.400391	0.00100802
0.173828	0.646484	0.00235571
0.189453	0.291016	-0.00350859
0.173828	0.580078	-0.00341526
0.509766	0.818359	0.00256816
0.248047	0.181641	0.00228678
0.341797	0.146484	-0.00258039
0.314453	0.158203	-0.00307449
0.306641	0.162109	-0.00321563
0.287109	0.779297	0.00340441
0.373047	0.810547	0.00253258
0.580078	0.806641	0.0030117
0.166016	0.541016	-0.0029004
0.396484	0.119141	-0.00035811
0.263672	0.169922	0.00183782
0.150391	0.369141	0.000897437
0.154297	0.580078	0.00131807
0.310547	0.791016	0.00291911
0.166016	0.376953	-0.00257808
0.423828	0.818359	0.00222443
0.177734	0.595703	-0.00339892
0.162109	0.408203	-0.00241787
0.162109	0.509766	-0.00257916
0.392578	0.130859	-0.00165323
0.431641	0.123047	-0.00136993
0.458984	0.119141	-0.00177069
0.146484	0.529297	0.000931516
0.322266	0.154297	-0.002691
0.298828	0.166016	-0.00309428
0.392578	0.814453	0.0022302
0.626953	0.791016	0.00351552
0.173828	0.337891	-0.00273482
0.564453	0.810547	0.0026509
0.513672	0.818359	0.00223375
0.169922	0.564453	-0.00284324
0.783203	0.552734	0.00375345
0.783203	0.505859	0.0037937
0.376953	0.134766	-0.00172392
0.447266	0.111328	-0.0013707
0.185547	0.673828	0.00232518
0.330078	0.798828	0.00255277
0.341797	0.802734	0.0024153
0.181641	0.310547	-0.00279268
0.376953	0.123047	-0.000335512
0.361328	0.126953	-0.000151701
0.275391	0.162109	0.00130291
0.208984	0.220703	0.00209745
0.158203	0.330078	0.000905211
0.146484	0.396484	0.000602427
0.181641	0.666016	0.00211362
0.279297	0.775391	0.00299388
0.607422	0.798828	0.00293821
0.595703	0.802734	0.00270766
0.169922	0.353516	-0.00232895
0.544922	0.814453	0.00228968
0.162109	0.513672	-0.00223032
0.783203	0.556641	0.00349888
0.783203	0.501953	0.00354789
0.314453	0.142578	0.000508238
0.166016	0.302734	0.00097313
0.150391	0.560547	0.000842698
0.189453	0.681641	0.00227676
0.279297	0.177734	-0.00318111
0.177734	0.322266	-0.00249905
0.419922	0.818359	0.00185345
0.162109	0.404297	-0.00205244
0.166016	0.544922	-0.00232743
0.166016	0.626953	0.0013025
0.146484	0.533203	0.000526806
0.201172	0.701172	0.00256746
0.330078	0.150391	-0.00207622
0.255859	0.759766	0.00302694
0.185547	0.298828	-0.00264976
0.166016	0.373047	-0.0019738
0.517578	0.818359	0.00186873
0.771484	0.626953	0.00342023
0.775391	0.611328	0.00341872
0.779297	0.591797	0.00330454
0.388672	0.791016	-0.00370313
0.783203	0.560547	0.00320517
0.517578	0.794922	-0.00378019
0.408203	0.126953	-0.00112699
0.251953	0.177734	0.00154524
0.154297	0.345703	0.000534988
0.158203	0.599609	0.000996809
0.177734	0.658203	0.00165541
0.142578	0.462891	0.000243687
0.142578	0.466797	0.000241692
0.291016	0.169922	-0.00269493
0.318359	0.794922	0.002212
0.353516	0.806641	0.00183918
0.197266	0.271484	-0.00278353
0.619141	0.794922	0.0027203
0.173828	0.583984	-0.00252017
0.775391	0.447266	0.00362355
0.779297	0.466797	0.00344061
0.412109	0.794922	-0.0034837
0.783203	0.498047	0.00326371
0.455078	0.119141	-0.000888343
0.416016	0.115234	-0.00108372
0.197266	0.236328	0.00147084
0.169922	0.291016	0.000850449
0.162109	0.314453	0.000649486
0.169922	0.638672	0.00134555
0.142578	0.455078	0.000178966
0.142578	0.458984	0.000222634
0.142578	0.470703	0.000216424
0.142578	0.474609	0.000167884
0.212891	0.244141	-0.00300482
0.369141	0.810547	0.00170976
0.201172	0.263672	-0.00274375
0.193359	0.279297	-0.00254217
0.388672	0.814453	0.00159065
0.416016	0.818359	0.0014507
0.181641	0.611328	-0.00273374
0.162109	0.400391	-0.00165928
0.162109	0.517578	-0.00185514
0.755859	0.669922	0.00351466
0.771484	0.431641	0.00368805
0.783203	0.564453	0.00287242
0.427734	0.123047	-0.000760388
0.349609	0.142578	-0.00145934
0.185547	0.255859	0.0010946
0.181641	0.263672	0.00108992
0.150391	0.365234	0.000273496
0.146484	0.392578	0.00017016
0.193359	0.689453	0.0019543
0.142578	0.451172	0.000113114
0.208984	0.712891	0.00238666
0.142578	0.478516	9.61513e-05
0.583984	0.806641	0.00205583
0.568359	0.810547	0.0018479
0.548828	0.814453	0.00166476
0.185547	0.623047	-0.00269937
0.197266	0.650391	-0.00323464
0.169922	0.568359	-0.00208256
0.201172	0.658203	-0.00335207
0.369141	0.787109	-0.00337566
0.544922	0.791016	-0.00345574
0.783203	0.494141	0.00294066
0.521484	0.794922	-0.00329614
0.361328	0.138672	-0.00127976
0.162109	0.615234	0.000870027
0.154297	0.583984	0.000555426
0.142578	0.447266	2.51548e-05
0.267578	0.185547	-0.00287018
0.173828	0.333984	-0.00178638
0.521484	0.818359	0.00147284
0.177734	0.599609	-0.00235792
0.193359	0.642578	-0.00285538
0.322266	0.771484	-0.00356902
0.408203	0.794922	-0.00296963
0.462891	0.798828	-0.00291805
0.466797	0.798828	-0.00292815
0.470703	0.798828	-0.00290354
0.333984	0.134766	-0.000263396
0.205078	0.224609	0.00131425
0.177734	0.271484	0.000817205
0.142578	0.443359	-8.53349e-05
0.142578	0.482422	1.36661e-06
0.271484	0.771484	0.0022724
0.638672	0.787109	0.00246517
0.646484	0.783203	0.00264238
0.166016	0.548828	-0.00172471
0.205078	0.666016	-0.00319872
0.759766	0.662109	0.00306503
0.341797	0.779297	-0.00320882
0.779297	0.595703	0.00264477
0.384766	0.791016	-0.00295347
0.783203	0.568359	0.00250084
0.455078	0.798828	-0.00279286
0.458984	0.798828	-0.00287298
0.474609	0.798828	-0.00284436
0.388672	0.130859	-0.000785328
0.443359	0.111328	-0.0016992
0.345703	0.130859	-0.000521187
0.150391	0.564453	0.0002276
0.146484	0.537109	9.74403e-05
0.142578	0.486328	-0.000116325
0.220703	0.232422	-0.00277214
0.205078	0.255859	-0.00241617
0.189453	0.287109	-0.00203082
0.169922	0.349609	-0.00152472
0.166016	0.369141	-0.00133883
0.162109	0.396484	-0.00123825
0.162109	0.521484	-0.00145346
0.775391	0.615234	0.00253787
0.353516	0.783203	-0.00304664
0.759766	0.396484	0.00355462
0.779297	0.462891	0.00279659
0.783203	0.490234	0.00257821
0.451172	0.798828	-0.00267776
0.478516	0.798828	-0.0027506
0.451172	0.119141	-0.000340492
0.392578	0.119141	-0.00106207
0.267578	0.166016	0.000647146
0.189453	0.248047	0.000827067
0.173828	0.650391	0.000962775
0.142578	0.439453	-0.000219124
0.337891	0.146484	-0.00124537
0.259766	0.763672	0.00219626
0.291016	0.783203	0.00175334
0.298828	0.787109	0.00170459
0.412109	0.818359	0.00101612
0.654297	0.779297	0.0025484
0.744141	0.693359	0.0030664
0.767578	0.642578	0.00259603
0.775391	0.443359	0.00276236
0.564453	0.787109	-0.0031078
0.525391	0.794922	-0.00277555
0.447266	0.798828	-0.00252783
0.482422	0.798828	-0.00262208
0.373047	0.134766	-0.000735837
0.142578	0.490234	-0.000256842
0.228516	0.736328	0.00235993
0.232422	0.740234	0.00241304
0.236328	0.744141	0.00232868
0.283203	0.173828	-0.00200432
0.337891	0.802734	0.00126295
0.181641	0.306641	-0.00155359
0.384766	0.814453	0.000917645
0.630859	0.791016	0.00202558
0.599609	0.802734	0.00158964
0.689453	0.755859	0.00307383
0.525391	0.818359	0.00104567
0.189453	0.634766	-0.00223012
0.216797	0.685547	-0.00320746
0.771484	0.630859	0.00235211
0.767578	0.416016	0.00296117
0.783203	0.572266	0.00209023
0.404297	0.794922	-0.00241954
0.443359	0.798828	-0.00234317
0.486328	0.798828	-0.00245863
0.404297	0.126953	-0.000346188
0.322266	0.138672	-0.000383125
0.255859	0.173828	0.000676486
0.158203	0.326172	-4.84384e-05
0.146484	0.388672	-0.000289081
0.142578	0.435547	-0.000376951
0.224609	0.732422	0.00216915
0.310547	0.158203	-0.00141896
0.306641	0.791016	0.00137529
0.326172	0.798828	0.00125924
0.177734	0.318359	-0.0013905
0.611328	0.798828	0.00168892
0.673828	0.767578	0.00266225
0.173828	0.587891	-0.00159214
0.208984	0.673828	-0.00276905
0.330078	0.775391	-0.00287605
0.771484	0.427734	0.00264427
0.548828	0.791016	-0.00270555
0.783203	0.486328	0.00217599
0.490234	0.798828	-0.00226029
0.525391	0.251953	0.00365917
0.529297	0.251953	0.00367077
0.533203	0.251953	0.00363419
0.521484	0.251953	0.00359959
0.537109	0.251953	0.00354901
0.294922	0.150391	-5.73324e-05
0.287109	0.154297	1.07937e-05
0.228516	0.197266	0.00118861
0.224609	0.201172	0.00117042
0.173828	0.279297	0.000266374
0.197266	0.697266	0.00134277
0.142578	0.494141	-0.000420054
0.240234	0.748047	0.00210805
0.302734	0.162109	-0.00145926
0.283203	0.779297	0.00152195
0.271484	0.181641	-0.00200764
0.244141	0.205078	-0.00252456
0.240234	0.208984	-0.00251403
0.365234	0.810547	0.000850701
0.552734	0.814453	0.00100647
0.169922	0.572266	-0.00129115
0.162109	0.525391	-0.00102477
0.763672	0.654297	0.0023313
0.158203	0.451172	-0.000731836
0.158203	0.455078	-0.000775036
0.158203	0.458984	-0.000792381
0.158203	0.462891	-0.000784154
0.158203	0.466797	-0.000750662
0.779297	0.599609	0.00194359
0.763672	0.404297	0.00277318
0.365234	0.787109	-0.00241452
0.611328	0.771484	-0.00335424
0.591797	0.779297	-0.00295081
0.439453	0.798828	-0.00212369
0.751953	0.595703	-0.00365392
0.755859	0.572266	-0.00354836
0.517578	0.251953	0.00349183
0.541016	0.251953	0.00341498
0.423828	0.123047	-9.22183e-05
0.232422	0.193359	0.00106505
0.220703	0.205078	0.0010102
0.154297	0.341797	-0.000277123
0.150391	0.361328	-0.000380694
0.158203	0.603516	7.40887e-05
0.146484	0.541016	-0.000356951
0.142578	0.431641	-0.000559297
0.205078	0.708984	0.00146977
0.220703	0.728516	0.00184186
0.318359	0.154297	-0.00113557
0.248047	0.201172	-0.00239708
0.236328	0.212891	-0.00236667
0.349609	0.806641	0.00081581
0.662109	0.775391	0.00216582
0.572266	0.810547	0.00100927
0.408203	0.818359	0.000549852
0.728516	0.716797	0.00288669
0.162109	0.392578	-0.000788432
0.166016	0.552734	-0.00109184
0.158203	0.447266	-0.000662498
0.158203	0.470703	-0.000692027
0.380859	0.791016	-0.00216653
0.779297	0.458984	0.00211189
0.580078	0.783203	-0.00277973
0.529297	0.794922	-0.0022181
0.494141	0.798828	-0.00202734
0.580078	0.255859	0.00326795
0.478516	0.255859	0.00360754
0.755859	0.490234	-0.00358531
0.544922	0.251953	0.00323231
0.513672	0.251953	0.00333541
0.373047	0.123047	-0.00118717
0.302734	0.146484	-0.000377879
0.251953	0.197266	-0.00213059
0.208984	0.248047	-0.00178605
0.185547	0.294922	-0.00127298
0.587891	0.806641	0.00106302
0.529297	0.818359	0.000586809
0.181641	0.615234	-0.0015345
0.224609	0.697266	-0.00283755
0.158203	0.443359	-0.000567117
0.158203	0.474609	-0.000608134
0.783203	0.576172	0.00163971
0.783203	0.482422	0.00173451
0.435547	0.798828	-0.00186911
0.599609	0.259766	0.00317773
0.458984	0.259766	0.00365385
0.751953	0.466797	-0.00371787
0.548828	0.251953	0.00300157
0.509766	0.251953	0.00313017
0.447266	0.119141	0.000225586
0.412109	0.115234	-0.0016546
0.357422	0.126953	-0.0011333
0.236328	0.189453	0.000800372
0.154297	0.587891	-0.000237079
0.166016	0.630859	0.000125317
0.142578	0.498047	-0.000606453
0.244141	0.751953	0.00175327
0.294922	0.166016	-0.00122821
0.232422	0.216797	-0.00208227
0.216797	0.236328	-0.00187525
0.173828	0.330078	-0.000801288
0.623047	0.794922	0.00133215
0.169922	0.345703	-0.000687631
0.685547	0.759766	0.0023415
0.166016	0.365234	-0.000671937
0.177734	0.603516	-0.00128082
0.462891	0.822266	0.000289576
0.466797	0.822266	0.000320041
0.470703	0.822266	0.000320397
0.158203	0.439453	-0.000445518
0.158203	0.478516	-0.000498666
0.283203	0.751953	-0.00269415
0.775391	0.619141	0.00161348
0.740234	0.357422	0.00312942
0.400391	0.794922	-0.00183219
0.498047	0.798828	-0.00175967
0.744141	0.626953	-0.00338945
0.755859	0.576172	-0.00304179
0.216797	0.208984	0.000707654
0.166016	0.298828	-0.000254406
0.150391	0.568359	-0.000415045
0.142578	0.427734	-0.000766377
0.181641	0.669922	0.000486224
0.185547	0.677734	0.000594561
0.314453	0.794922	0.0007749
0.740234	0.701172	0.00229189
0.185547	0.626953	-0.00137371
0.162109	0.529297	-0.000568739
0.458984	0.822266	0.000228891
0.474609	0.822266	0.000290663
0.478516	0.822266	0.000230905
0.158203	0.482422	-0.000363298
0.302734	0.763672	-0.00233049
0.310547	0.767578	-0.0023162
0.349609	0.783203	-0.00190304
0.775391	0.439453	0.00185805
0.603516	0.775391	-0.00264261
0.568359	0.787109	-0.00215164
0.431641	0.798828	-0.00157939
0.740234	0.638672	-0.00325579
0.615234	0.263672	0.00284022
0.431641	0.267578	0.00355305
0.443359	0.263672	0.00343207
0.755859	0.486328	-0.00308411
0.552734	0.251953	0.00272292
0.505859	0.251953	0.00287633
0.439453	0.111328	-0.00206846
0.279297	0.158203	-0.000187233
0.201172	0.228516	0.000387945
0.193359	0.240234	0.000237491
0.162109	0.310547	-0.000450648
0.146484	0.384766	-0.000774747
0.216797	0.724609	0.00138013
0.326172	0.150391	-0.000613968
0.263672	0.767578	0.00123649
0.255859	0.193359	-0.00172899
0.380859	0.814453	0.000210213
0.162109	0.388672	-0.000310344
0.751953	0.681641	0.00189516
0.755859	0.673828	0.00185692
0.455078	0.822266	0.000137831
0.482422	0.822266	0.000141259
0.158203	0.435547	-0.000297461
0.318359	0.771484	-0.00201382
0.337891	0.779297	-0.00191963
0.755859	0.384766	0.00244368
0.751953	0.376953	0.00255014
0.732422	0.345703	0.00304706
0.552734	0.791016	-0.00191712
0.626953	0.267578	0.00287494
0.748047	0.615234	-0.00296291
0.583984	0.255859	0.00258664
0.751953	0.599609	-0.00285363
0.744141	0.435547	-0.00349788
0.474609	0.255859	0.00295584
0.384766	0.130859	0.000138353
0.345703	0.142578	-0.000209628
0.357422	0.138672	-0.000149115
0.240234	0.185547	0.000399074
0.162109	0.619141	-0.000192829
0.169922	0.642578	4.48822e-05
0.142578	0.501953	-0.000816165
0.275391	0.775391	0.000994084
0.228516	0.220703	-0.00166146
0.197266	0.267578	-0.00104489
0.193359	0.275391	-0.000916464
0.404297	0.818359	5.16531e-05
0.556641	0.814453	0.000314339
0.732422	0.712891	0.00210981
0.197266	0.654297	-0.0015704
0.212891	0.681641	-0.00205019
0.451172	0.822266	1.64643e-05
0.486328	0.822266	2.18254e-05
0.158203	0.431641	-0.000122735
0.158203	0.486328	-0.000201879
0.271484	0.744141	-0.00249634
0.779297	0.603516	0.0012005
0.783203	0.580078	0.0011482
0.779297	0.455078	0.00138626
0.783203	0.478516	0.00125482
0.533203	0.794922	-0.00162355
0.654297	0.279297	0.00294048
0.646484	0.275391	0.00278803
0.501953	0.798828	-0.00145732
0.751953	0.462891	-0.00292838
0.556641	0.251953	0.00239561
0.501953	0.251953	0.00257402
0.142578	0.423828	-0.000998067
0.177734	0.662109	0.000127196
0.189453	0.685547	0.000438889
0.248047	0.755859	0.00126551
0.669922	0.771484	0.00148468
0.533203	0.818359	9.60321e-05
0.173828	0.591797	-0.000630748
0.166016	0.556641	-0.000428682
0.193359	0.646484	-0.00129627
0.201172	0.662109	-0.00157972
0.759766	0.666016	0.00152619
0.767578	0.646484	0.00132868
0.294922	0.759766	-0.00204701
0.771484	0.634766	0.00123758
0.759766	0.392578	0.0020507
0.748047	0.369141	0.00235603
0.361328	0.787109	-0.00141194
0.767578	0.412109	0.00172635
0.771484	0.423828	0.00155725
0.376953	0.791016	-0.00133762
0.396484	0.794922	-0.00120757
0.662109	0.283203	0.00276444
0.427734	0.798828	-0.00125427
0.728516	0.666016	-0.0029793
0.732422	0.658203	-0.00291808
0.740234	0.423828	-0.00338564
0.748047	0.447266	-0.00305852
0.455078	0.259766	0.0027395
0.755859	0.580078	-0.00248849
0.400391	0.126953	0.000466723
0.169922	0.287109	-0.000517636
0.146484	0.544922	-0.000836785
0.275391	0.177734	-0.00102025
0.201172	0.259766	-0.000892714
0.169922	0.576172	-0.000468377
0.220703	0.693359	-0.00199611
0.748047	0.689453	0.00162755
0.447266	0.822266	-0.000134892
0.490234	0.822266	-0.000127458
0.158203	0.427734	7.89074e-05
0.158203	0.490234	-1.43912e-05
0.650391	0.751953	-0.00269815
0.505859	0.798828	-0.00112031
0.603516	0.259766	0.00222937
0.419922	0.271484	0.00307501
0.755859	0.482422	-0.00253687
0.560547	0.251953	0.002019
0.498047	0.251953	0.00222421
0.291016	0.455078	0.00374476
0.576172	0.568359	-0.00220652
0.369141	0.134766	0.000294326
0.419922	0.123047	0.000568064
0.310547	0.142578	-0.000938161
0.212891	0.212891	0.000265649
0.142578	0.505859	-0.00104981
0.287109	0.169922	-0.000715971
0.259766	0.189453	-0.00119223
0.333984	0.802734	7.04695e-05
0.361328	0.810547	-4.64588e-05
0.189453	0.283203	-0.000512557
0.177734	0.314453	-0.000241912
0.603516	0.802734	0.000432603
0.642578	0.787109	0.000825283
0.576172	0.810547	0.000134747
0.681641	0.763672	0.00148243
0.166016	0.361328	2.62437e-05
0.162109	0.533203	-8.48971e-05
0.443359	0.822266	-0.000315925
0.240234	0.716797	-0.00225288
0.244141	0.720703	-0.00236512
0.248047	0.724609	-0.00233995
0.326172	0.775391	-0.00143412
0.716797	0.326172	0.00286042
0.623047	0.767578	-0.00215662
0.630859	0.763672	-0.00220886
0.583984	0.783203	-0.00164663
0.595703	0.779297	-0.00167683
0.708984	0.697266	-0.00309702
0.423828	0.798828	-0.000893278
0.638672	0.271484	0.00231398
0.724609	0.673828	-0.00271707
0.736328	0.650391	-0.00254137
0.470703	0.255859	0.00225431
0.759766	0.525391	-0.00211462
0.759766	0.529297	-0.00215804
0.759766	0.533203	-0.00215652
0.759766	0.537109	-0.00210998
0.580078	0.287109	-0.00366379
0.294922	0.423828	0.00360569
0.552734	0.283203	-0.00362606
0.509766	0.283203	-0.00378381
0.291016	0.486328	0.00374787
0.443359	0.119141	0.000773049
0.388672	0.119141	-0.00179104
0.259766	0.169922	-0.000318866
0.150391	0.357422	-0.00106458
0.201172	0.705078	0.000432896
0.212891	0.720703	0.000787164
0.224609	0.224609	-0.00110753
0.181641	0.302734	-0.000275687
0.650391	0.783203	0.000895294
0.615234	0.798828	0.000398596
0.705078	0.744141	0.00182849
0.708984	0.740234	0.00194735
0.712891	0.736328	0.00192707
0.162109	0.384766	0.000197425
0.189453	0.638672	-0.00077064
0.205078	0.669922	-0.00131809
0.494141	0.822266	-0.000306766
0.236328	0.712891	-0.00200496
0.251953	0.728516	-0.00217678
0.158203	0.494141	0.000199076
0.763672	0.400391	0.00138198
0.783203	0.583984	0.000615994
0.615234	0.771484	-0.00182388
0.662109	0.744141	-0.00259195
0.783203	0.474609	0.000737103
0.537109	0.794922	-0.000992037
0.787109	0.529297	0.000548631
0.744141	0.630859	-0.00216645
0.587891	0.255859	0.00185514
0.732422	0.404297	-0.00306955
0.751953	0.603516	-0.0020056
0.728516	0.396484	-0.00313424
0.759766	0.541016	-0.00201836
0.759766	0.521484	-0.00202641
0.759766	0.544922	-0.00188155
0.556641	0.283203	-0.00325762
0.505859	0.283203	-0.00344409
0.291016	0.451172	0.00346376
0.333984	0.146484	0.000126162
0.142578	0.419922	-0.00125391
0.322266	0.798828	-7.54663e-05
0.212891	0.240234	-0.000848938
0.634766	0.791016	0.00049203
0.591797	0.806641	3.27804e-05
0.716797	0.732422	0.00176809
0.701172	0.748047	0.00157152
0.158203	0.423828	0.000307645
0.763672	0.658203	0.000908465
0.775391	0.623047	0.000645132
0.744141	0.361328	0.00185047
0.736328	0.349609	0.00209997
0.775391	0.435547	0.000910869
0.720703	0.330078	0.00254292
0.701172	0.310547	0.00268476
0.638672	0.759766	-0.00197147
0.681641	0.294922	0.00244723
0.572266	0.787109	-0.00115494
0.556641	0.791016	-0.00108991
0.669922	0.287109	0.0022498
0.509766	0.798828	-0.000748143
0.787109	0.521484	0.000479542
0.787109	0.525391	0.000532865
0.787109	0.533203	0.000526608
0.787109	0.537109	0.000466147
0.388672	0.287109	0.00318469
0.748047	0.619141	-0.0019068
0.439453	0.263672	0.00229568
0.736328	0.412109	-0.00269079
0.755859	0.583984	-0.00188829
0.564453	0.251953	0.00159337
0.494141	0.251953	0.00182709
0.755859	0.478516	-0.00194355
0.759766	0.517578	-0.00189346
0.759766	0.548828	-0.00169939
0.294922	0.517578	0.00358782
0.291016	0.447266	0.00311985
0.291016	0.490234	0.0034669
0.271484	0.162109	-0.000663716
0.244141	0.181641	-0.000135539
0.181641	0.259766	-0.000632016
0.158203	0.322266	-0.00103803
0.154297	0.337891	-0.00111919
0.146484	0.380859	-0.00128632
0.158203	0.607422	-0.000880427
0.150391	0.572266	-0.00108564
0.173828	0.654297	-0.000469869
0.142578	0.509766	-0.00130765
0.251953	0.759766	0.000644387
0.345703	0.806641	-0.000246184
0.400391	0.818359	-0.000479657
0.169922	0.341797	0.000181555
0.658203	0.779297	0.000688939
0.537109	0.818359	-0.000426695
0.720703	0.728516	0.0014719
0.181641	0.619141	-0.000298244
0.439453	0.822266	-0.000526663
0.498047	0.822266	-0.0005166
0.255859	0.732422	-0.00187491
0.158203	0.498047	0.00043878
0.275391	0.748047	-0.00158755
0.287109	0.755859	-0.00145587
0.779297	0.607422	0.000414685
0.779297	0.451172	0.000619275
0.419922	0.798828	-0.000495747
0.787109	0.541016	0.000366861
0.787109	0.517578	0.000388437
0.619141	0.263672	0.00166912
0.427734	0.267578	0.00224033
0.744141	0.431641	-0.00228944
0.751953	0.458984	-0.00209095
0.638672	0.306641	-0.00330878
0.759766	0.513672	-0.0017158
0.611328	0.294922	-0.00310162
0.451172	0.294922	-0.00361377
0.478516	0.287109	-0.00324484
0.501953	0.283203	-0.00304532
0.291016	0.494141	0.00312375
0.330078	0.134766	-0.00149026
0.177734	0.267578	-0.000792948
0.154297	0.591797	-0.00105985
0.193359	0.693359	4.91523e-06
0.294922	0.787109	3.33997e-06
0.205078	0.251953	-0.000449538
0.376953	0.814453	-0.00053261
0.173828	0.326172	0.000220462
0.177734	0.607422	-0.000167047
0.736328	0.708984	0.00119771
0.166016	0.560547	0.00026523
0.744141	0.697266	0.00104656
0.232422	0.708984	-0.00162403
0.158203	0.419922	0.000563432
0.345703	0.783203	-0.000715816
0.724609	0.333984	0.00208239
0.697266	0.306641	0.00227728
0.392578	0.794922	-0.000544497
0.607422	0.775391	-0.00122081
0.685547	0.724609	-0.00260239
0.689453	0.720703	-0.0026469
0.787109	0.544922	0.000229052
0.720703	0.681641	-0.00212439
0.787109	0.513672	0.000259245
0.630859	0.267578	0.00152943
0.740234	0.642578	-0.00186241
0.724609	0.388672	-0.00287399
0.451172	0.259766	0.00177381
0.748047	0.443359	-0.00201346
0.630859	0.302734	-0.00315544
0.759766	0.509766	-0.00149343
0.759766	0.552734	-0.00147174
0.302734	0.392578	0.00296885
0.599609	0.291016	-0.00288218
0.298828	0.404297	0.00280376
0.583984	0.287109	-0.00287133
0.462891	0.291016	-0.00334415
0.294922	0.419922	0.00281618
0.560547	0.283203	-0.0028303
0.291016	0.443359	0.00271366
0.435547	0.111328	-0.00247386
0.341797	0.130859	-0.00163773
0.142578	0.416016	-0.00153336
0.146484	0.548828	-0.00134237
0.267578	0.771484	0.000154131
0.287109	0.783203	-5.83315e-05
0.302734	0.791016	-0.000212777
0.263672	0.185547	-0.000522091
0.560547	0.814453	-0.000411918
0.697266	0.751953	0.00117742
0.435547	0.822266	-0.00076774
0.162109	0.537109	0.000426679
0.216797	0.689453	-0.0010303
0.259766	0.736328	-0.00143565
0.373047	0.791016	-0.000468733
0.681641	0.728516	-0.00241562
0.693359	0.716797	-0.00254912
0.712891	0.693359	-0.00221604
0.787109	0.548828	5.32832e-05
0.513672	0.798828	-0.000340812
0.787109	0.509766	9.20781e-05
0.607422	0.259766	0.00123059
0.466797	0.255859	0.00150281
0.568359	0.251953	0.00111863
0.326172	0.345703	0.00303995
0.490234	0.251953	0.00138176
0.646484	0.310547	-0.00309996
0.314453	0.365234	0.00292151
0.310547	0.373047	0.00286106
0.580078	0.564453	-0.000656774
0.408203	0.115234	-0.00225149
0.208984	0.216797	-0.000310982
0.185547	0.251953	-0.00073082
0.185547	0.291016	0.000145969
0.724609	0.724609	0.00103985
0.501953	0.822266	-0.000757157
0.208984	0.677734	-0.000777556
0.158203	0.501953	0.00070485
0.333984	0.779297	-0.000586211
0.357422	0.787109	-0.000367078
0.783203	0.587891	4.37382e-05
0.783203	0.470703	0.000180437
0.677734	0.732422	-0.00208764
0.697266	0.712891	-0.00230861
0.591797	0.255859	0.00107439
0.408203	0.275391	0.00197439
0.740234	0.419922	-0.00200729
0.755859	0.587891	-0.00124091
0.755859	0.474609	-0.00130404
0.759766	0.556641	-0.00119871
0.759766	0.505859	-0.00122623
0.623047	0.298828	-0.00264859
0.439453	0.298828	-0.00319114
0.564453	0.283203	-0.00234425
0.498047	0.283203	-0.00258763
0.294922	0.521484	0.00279302
0.291016	0.498047	0.00271808
0.380859	0.130859	0.0010683
0.197266	0.232422	-0.000668356
0.142578	0.513672	-0.00158965
0.208984	0.716797	6.66343e-05
0.306641	0.158203	0.000274577
0.220703	0.228516	-0.000422385
0.626953	0.794922	-9.82239e-05
0.677734	0.767578	0.000498748
0.162109	0.380859	0.00073602
0.169922	0.580078	0.000386822
0.185547	0.630859	-9.43494e-06
0.173828	0.595703	0.000365466
0.158203	0.416016	0.000845926
0.228516	0.705078	-0.00111221
0.771484	0.638672	7.59872e-05
0.306641	0.767578	-0.000601328
0.771484	0.419922	0.000426511
0.693359	0.302734	0.00172491
0.646484	0.755859	-0.00143371
0.658203	0.748047	-0.00165179
0.541016	0.794922	-0.000323779
0.416016	0.798828	-6.11042e-05
0.787109	0.552734	-0.000160397
0.787109	0.505859	-0.000112723
0.400391	0.279297	0.00204176
0.751953	0.607422	-0.00110939
0.380859	0.291016	0.00234902
0.365234	0.302734	0.00265835
0.318359	0.357422	0.00260545
0.306641	0.380859	0.00243155
0.291016	0.439453	0.00224563
0.326172	0.451172	-0.00373762
0.326172	0.486328	-0.00376372
0.416016	0.123047	0.00123929
0.439453	0.119141	0.00130097
0.166016	0.634766	-0.00108781
0.314453	0.154297	0.000459912
0.298828	0.162109	0.00034136
0.279297	0.173828	8.71287e-05
0.166016	0.357422	0.000757134
0.666016	0.775391	0.00019038
0.693359	0.755859	0.000648203
0.431641	0.822266	-0.00104014
0.505859	0.822266	-0.00102798
0.767578	0.650391	1.63755e-05
0.314453	0.771484	-0.000413767
0.755859	0.380859	0.000777918
0.767578	0.408203	0.000445313
0.751953	0.373047	0.000765681
0.728516	0.337891	0.00148046
0.587891	0.783203	-0.000471545
0.677734	0.291016	0.00139137
0.560547	0.791016	-0.000223487
0.701172	0.708984	-0.0019258
0.658203	0.279297	0.00115549
0.650391	0.275391	0.00113313
0.416016	0.271484	0.0015813
0.720703	0.380859	-0.00227565
0.751953	0.455078	-0.00120521
0.654297	0.314453	-0.00251865
0.486328	0.251953	0.000887195
0.759766	0.560547	-0.000880527
0.759766	0.501953	-0.000913897
0.587891	0.287109	-0.00201875
0.294922	0.416016	0.00196345
0.474609	0.287109	-0.00241883
0.302734	0.548828	0.0028303
0.298828	0.537109	0.002731
0.494141	0.283203	-0.00207127
0.337891	0.400391	-0.00366004
0.291016	0.501953	0.00224977
0.326172	0.447266	-0.00334038
0.396484	0.126953	0.00127641
0.369141	0.123047	-0.00207018
0.173828	0.275391	-0.00123154
0.255859	0.763672	-0.000110567
0.279297	0.779297	-0.000403005
0.357422	0.810547	-0.000982667
0.396484	0.818359	-0.00104503
0.580078	0.810547	-0.000775778
0.541016	0.818359	-0.000981328
0.755859	0.677734	0.000152641
0.158203	0.505859	0.000997703
0.263672	0.740234	-0.00086258
0.298828	0.763672	-0.000498967
0.759766	0.388672	0.000499707
0.740234	0.353516	0.00102379
0.388672	0.794922	0.000157809
0.673828	0.736328	-0.00162088
0.787109	0.556641	-0.000412514
0.787109	0.501953	-0.000355277
0.517578	0.798828	0.000101891
0.732422	0.662109	-0.00122539
0.744141	0.634766	-0.000893544
0.748047	0.623047	-0.000801354
0.392578	0.283203	0.00177217
0.712891	0.369141	-0.00232288
0.435547	0.263672	0.00110686
0.572266	0.251953	0.00059448
0.333984	0.333984	0.00245662
0.666016	0.322266	-0.00254712
0.458984	0.291016	-0.00226107
0.568359	0.283203	-0.00179947
0.291016	0.435547	0.00171567
0.330078	0.423828	-0.00315197
0.326172	0.490234	-0.00336964
0.353516	0.138672	0.00102215
0.318359	0.138672	-0.00173247
0.248047	0.177734	-0.000803536
0.146484	0.376953	-0.00182339
0.142578	0.412109	-0.0018363
0.162109	0.623047	-0.00128968
0.310547	0.794922	-0.000704788
0.728516	0.720703	0.00047281
0.162109	0.541016	0.000966192
0.158203	0.412109	0.00115494
0.751953	0.685547	7.1564e-05
0.759766	0.669922	-6.1162e-05
0.279297	0.751953	-0.000550141
0.775391	0.626953	-0.000367316
0.779297	0.611328	-0.000413951
0.775391	0.431641	-7.8797e-05
0.779297	0.447266	-0.000189633
0.599609	0.779297	-0.000359673
0.576172	0.787109	-0.000117293
0.642578	0.271484	0.00078885
0.728516	0.669922	-0.00115939
0.736328	0.654297	-0.000975346
0.369141	0.298828	0.0019803
0.755859	0.591797	-0.000546312
0.462891	0.255859	0.00070128
0.759766	0.564453	-0.000517298
0.759766	0.498047	-0.00055615
0.615234	0.294922	-0.00179624
0.603516	0.291016	-0.00177615
0.298828	0.400391	0.00168394
0.408203	0.314453	-0.00296401
0.447266	0.294922	-0.00232635
0.322266	0.587891	0.00329303
0.404297	0.654297	0.00365246
0.416016	0.658203	0.00369079
0.326172	0.443359	-0.00286552
0.431641	0.662109	0.00365884
0.580078	0.560547	-0.00243175
0.583984	0.560547	0.00108307
0.341797	0.142578	0.00107767
0.353516	0.126953	-0.00214447
0.189453	0.244141	-0.00111855
0.166016	0.294922	-0.00152356
0.162109	0.306641	-0.00158671
0.150391	0.353516	-0.00177997
0.142578	0.517578	-0.00189561
0.322266	0.150391	0.000886352
0.208984	0.244141	0.000297358
0.607422	0.802734	-0.000763633
0.427734	0.822266	-0.00134456
0.166016	0.564453	0.000989053
0.193359	0.650391	0.000304703
0.197266	0.658203	0.000136559
0.740234	0.705078	0.000153321
0.224609	0.701172	-0.000471554
0.322266	0.775391	5.32475e-05
0.783203	0.591797	-0.000568636
0.748047	0.365234	0.000449897
0.783203	0.466797	-0.000416107
0.626953	0.767578	-0.000467527
0.689453	0.298828	0.00102894
0.666016	0.283203	0.000848259
0.412109	0.798828	0.000410778
0.705078	0.705078	-0.00140244
0.716797	0.689453	-0.0011991
0.623047	0.263672	0.000446765
0.595703	0.255859	0.000242827
0.732422	0.400391	-0.00138891
0.423828	0.267578	0.000874226
0.447266	0.259766	0.000756519
0.736328	0.408203	-0.00113648
0.744141	0.427734	-0.00103094
0.693359	0.345703	-0.0024181
0.689453	0.341797	-0.00244034
0.748047	0.439453	-0.000919358
0.697266	0.349609	-0.00224246
0.685547	0.337891	-0.00230902
0.755859	0.470703	-0.000618192
0.322266	0.349609	0.00190667
0.482422	0.251953	0.000343023
0.302734	0.388672	0.00164225
0.310547	0.568359	0.00253711
0.294922	0.525391	0.0019345
0.490234	0.283203	-0.00149632
0.291016	0.505859	0.00171916
0.337891	0.537109	-0.00345842
0.330078	0.513672	-0.00314936
0.326172	0.494141	-0.0028963
0.482422	0.626953	-0.00386579
0.365234	0.134766	0.00134718
0.150391	0.576172	-0.00178441
0.146484	0.552734	-0.0018738
0.169922	0.646484	-0.00129437
0.197266	0.701172	-0.000720576
0.267578	0.181641	0.000271651
0.373047	0.814453	-0.00131123
0.177734	0.310547	0.000946118
0.169922	0.337891	0.00108551
0.564453	0.814453	-0.00117251
0.162109	0.376953	0.00130565
0.509766	0.822266	-0.00132878
0.201172	0.666016	0.000234903
0.158203	0.509766	0.00131728
0.291016	0.759766	-9.71296e-05
0.763672	0.396484	-5.63834e-05
0.732422	0.341797	0.000741529
0.369141	0.791016	0.000440384
0.619141	0.771484	-0.000247205
0.634766	0.763672	-0.000405269
0.669922	0.740234	-0.00101803
0.544922	0.794922	0.000381283
0.787109	0.560547	-0.000703475
0.787109	0.498047	-0.000635834
0.611328	0.259766	0.00018154
0.728516	0.392578	-0.0013255
0.701172	0.353516	-0.00191417
0.681641	0.333984	-0.00202356
0.634766	0.302734	-0.001505
0.396484	0.322266	-0.00283784
0.427734	0.302734	-0.00205774
0.470703	0.287109	-0.00153234
0.572266	0.283203	-0.00119599
0.306641	0.560547	0.00219837
0.314453	0.576172	0.00248451
0.330078	0.599609	0.00300589
0.345703	0.380859	-0.00267487
0.341797	0.388672	-0.00265713
0.333984	0.408203	-0.00261987
0.451172	0.626953	-0.00359051
0.462891	0.666016	0.00316456
0.466797	0.666016	0.00320261
0.205078	0.220703	-0.00101777
0.181641	0.673828	-0.00118256
0.291016	0.166016	0.000680826
0.330078	0.802734	-0.00116544
0.193359	0.271484	0.000754963
0.197266	0.263672	0.00073784
0.181641	0.298828	0.00104241
0.595703	0.806641	-0.00103543
0.689453	0.759766	-1.18828e-05
0.212891	0.685547	5.50064e-05
0.654297	0.751953	-0.000584803
0.521484	0.798828	0.000580575
0.724609	0.677734	-0.000769318
0.740234	0.646484	-0.000419278
0.568359	0.580078	-0.00241991
0.751953	0.611328	-0.000165046
0.384766	0.287109	0.00115506
0.716797	0.373047	-0.00133097
0.576172	0.251953	2.08552e-05
0.330078	0.337891	0.0017168
0.759766	0.568359	-0.000108805
0.662109	0.318359	-0.00156542
0.642578	0.306641	-0.00151525
0.759766	0.494141	-0.000152871
0.591797	0.287109	-0.00110667
0.419922	0.306641	-0.00204721
0.435547	0.298828	-0.00169582
0.294922	0.412109	0.00104815
0.298828	0.541016	0.00160081
0.291016	0.431641	0.00112366
0.330078	0.419922	-0.00219986
0.326172	0.439453	-0.00231328
0.326172	0.498047	-0.00234436
0.431641	0.623047	-0.00363278
0.427734	0.662109	0.00284876
0.486328	0.626953	-0.00339127
0.501953	0.662109	0.00348656
0.455078	0.666016	0.00283246
0.458984	0.666016	0.00304107
0.470703	0.666016	0.00315462
0.474609	0.666016	0.00302005
0.291016	0.150391	-0.00174236
0.154297	0.333984	-0.00199513
0.142578	0.408203	-0.00216323
0.185547	0.681641	-0.00117839
0.216797	0.232422	0.000396562
0.341797	0.806641	-0.00134725
0.173828	0.322266	0.0012793
0.619141	0.798828	-0.000932923
0.177734	0.611328	0.000983846
0.158203	0.408203	0.00149092
0.189453	0.642578	0.000729667
0.748047	0.693359	-0.00031806
0.763672	0.662109	-0.000562306
0.267578	0.744141	-0.000158604
0.341797	0.783203	0.000513552
0.787109	0.564453	-0.00103322
0.787109	0.494141	-0.000954839
0.708984	0.701172	-0.000739831
0.634766	0.267578	0.00013141
0.373047	0.294922	0.00115387
0.740234	0.416016	-0.00057741
0.751953	0.451172	-0.000270923
0.677734	0.330078	-0.00158355
0.310547	0.369141	0.00117578
0.626953	0.298828	-0.00114166
0.525391	0.248047	-0.00025681
0.529297	0.248047	-0.000246098
0.533203	0.248047	-0.000282929
0.357422	0.361328	-0.00241902
0.291016	0.509766	0.00112634
0.337891	0.396484	-0.00221012
0.384766	0.646484	0.00275642
0.392578	0.650391	0.00271837
0.525391	0.615234	-0.00324206
0.333984	0.529297	-0.0025173
0.412109	0.658203	0.00253265
0.447266	0.626953	-0.00305542
0.451172	0.666016	0.00253879
0.478516	0.666016	0.00279875
0.435547	0.119141	0.00183302
0.384766	0.119141	-0.00254672
0.263672	0.166016	-0.00143688
0.154297	0.595703	-0.00191303
0.177734	0.666016	-0.00144131
0.205078	0.712891	-0.00077829
0.228516	0.740234	-0.000360589
0.232422	0.744141	-0.000376859
0.189453	0.279297	0.0010489
0.392578	0.818359	-0.00164511
0.646484	0.787109	-0.000858015
0.166016	0.353516	0.00152159
0.544922	0.818359	-0.00156802
0.423828	0.822266	-0.00168104
0.181641	0.623047	0.000975788
0.169922	0.583984	0.00127405
0.513672	0.822266	-0.00165989
0.353516	0.787109	0.000721179
0.384766	0.794922	0.000899093
0.611328	0.775391	0.000246101
0.564453	0.791016	0.000682465
0.673828	0.287109	0.000201819
0.408203	0.798828	0.000919647
0.458984	0.802734	0.00104484
0.462891	0.802734	0.000999697
0.466797	0.802734	0.00098913
0.470703	0.802734	0.00101293
0.724609	0.384766	-0.000934181
0.705078	0.357422	-0.00143534
0.755859	0.595703	0.000195626
0.478516	0.251953	-0.000250588
0.650391	0.310547	-0.00116194
0.314453	0.361328	0.00108779
0.306641	0.376953	0.000894773
0.521484	0.248047	-0.000314887
0.537109	0.248047	-0.000367685
0.400391	0.318359	-0.0019306
0.455078	0.291016	-0.00111734
0.302734	0.552734	0.00148452
0.318359	0.583984	0.00202697
0.349609	0.373047	-0.00225748
0.326172	0.595703	0.00216691
0.486328	0.283203	-0.00086257
0.294922	0.529297	0.00101251
0.525391	0.279297	-0.000635225
0.529297	0.279297	-0.000678185
0.533203	0.279297	-0.00066324
0.537109	0.279297	-0.00059052
0.330078	0.517578	-0.00218368
0.326172	0.435547	-0.00168385
0.505859	0.623047	-0.00309911
0.490234	0.626953	-0.0028047
0.517578	0.658203	0.00331428
0.583984	0.556641	-0.000579635
0.431641	0.111328	-0.00291424
0.298828	0.146484	-0.001962
0.283203	0.154297	-0.00177967
0.158203	0.318359	-0.00206338
0.158203	0.611328	-0.00186724
0.142578	0.521484	-0.00222533
0.224609	0.736328	-0.000480389
0.236328	0.748047	-0.000528513
0.244141	0.201172	0.000285604
0.240234	0.205078	0.000228944
0.236328	0.208984	0.000308047
0.654297	0.783203	-0.000896225
0.673828	0.771484	-0.000606728
0.732422	0.716797	-0.000227853
0.162109	0.544922	0.00153424
0.205078	0.673828	0.000604616
0.158203	0.513672	0.00166324
0.771484	0.416016	-0.000748519
0.783203	0.595703	-0.00122159
0.642578	0.759766	-5.1236e-05
0.783203	0.462891	-0.00105287
0.685547	0.294922	0.000191424
0.666016	0.744141	-0.000282517
0.474609	0.802734	0.00107094
0.455078	0.802734	0.00112468
0.404297	0.275391	0.000296121
0.458984	0.255859	-0.000150326
0.755859	0.466797	0.000114202
0.759766	0.572266	0.000345415
0.572266	0.576172	-0.00143925
0.759766	0.490234	0.00029609
0.517578	0.248047	-0.000420533
0.541016	0.248047	-0.000500633
0.607422	0.291016	-0.000610932
0.298828	0.396484	0.000503099
0.412109	0.310547	-0.00165086
0.544922	0.603516	-0.00287356
0.443359	0.294922	-0.000977238
0.576172	0.283203	-0.000534087
0.291016	0.427734	0.000470141
0.533203	0.611328	-0.00295483
0.365234	0.634766	0.00243938
0.521484	0.279297	-0.000534216
0.541016	0.279297	-0.000460062
0.376953	0.642578	0.00233348
0.400391	0.654297	0.00222788
0.517578	0.619141	-0.00289377
0.326172	0.501953	-0.00171406
0.423828	0.662109	0.00195605
0.447266	0.666016	0.00216018
0.482422	0.666016	0.00249091
0.412109	0.123047	0.00189966
0.330078	0.146484	0.00153398
0.169922	0.283203	-0.0019244
0.220703	0.732422	-0.00073562
0.259766	0.767578	-0.000997086
0.271484	0.775391	-0.00105031
0.318359	0.798828	-0.00145394
0.248047	0.197266	0.000479632
0.232422	0.212891	0.000522376
0.201172	0.255859	0.00100292
0.638672	0.791016	-0.00108529
0.173828	0.599609	0.00139673
0.220703	0.697266	0.000296719
0.771484	0.642578	-0.00113181
0.330078	0.779297	0.000791285
0.744141	0.357422	-0.000178861
0.779297	0.443359	-0.00104091
0.591797	0.783203	0.000745496
0.787109	0.490234	-0.00131294
0.525391	0.798828	0.00109561
0.451172	0.802734	0.00123918
0.478516	0.802734	0.00116319
0.748047	0.626953	0.000353828
0.599609	0.255859	-0.000640505
0.396484	0.279297	0.000230391
0.412109	0.271484	3.39314e-05
0.431641	0.263672	-0.000134531
0.580078	0.251953	-0.000602003
0.443359	0.259766	-0.000312435
0.673828	0.326172	-0.000989553
0.326172	0.341797	0.000823252
0.513672	0.248047	-0.000574203
0.544922	0.248047	-0.000681588
0.619141	0.294922	-0.000432001
0.376953	0.337891	-0.00207072
0.373047	0.341797	-0.00203281
0.466797	0.287109	-0.000585921
0.291016	0.513672	0.000470942
0.517578	0.279297	-0.000375148
0.544922	0.279297	-0.000271679
0.333984	0.404297	-0.00134501
0.341797	0.548828	-0.00226401
0.287109	0.462891	0.000202075
0.287109	0.466797	0.000294929
0.287109	0.470703	0.000327294
0.287109	0.474609	0.000298678
0.353516	0.568359	-0.00252732
0.388672	0.603516	-0.00294809
0.337891	0.541016	-0.00196497
0.408203	0.615234	-0.00274004
0.400391	0.611328	-0.0025985
0.427734	0.623047	-0.00254466
0.443359	0.626953	-0.00241232
0.505859	0.662109	0.00264082
0.529297	0.654297	0.00301771
0.537109	0.650391	0.00343873
0.443359	0.666016	0.00169731
0.486328	0.666016	0.0020968
0.146484	0.373047	-0.00238667
0.189453	0.689453	-0.00144218
0.240234	0.751953	-0.000814098
0.158203	0.404297	0.00185445
0.779297	0.615234	-0.00128508
0.767578	0.404297	-0.000882071
0.736328	0.345703	-0.000129591
0.775391	0.427734	-0.00111076
0.716797	0.322266	0.000203031
0.712891	0.318359	0.00030233
0.708984	0.314453	0.000258448
0.787109	0.568359	-0.00140161
0.580078	0.787109	0.000961633
0.548828	0.794922	0.00112363
0.720703	0.685547	-5.0158e-05
0.447266	0.802734	0.00138838
0.482422	0.802734	0.00128986
0.744141	0.638672	0.000429131
0.708984	0.361328	-0.000808773
0.353516	0.310547	0.000920208
0.349609	0.314453	0.00105284
0.748047	0.435547	0.000223861
0.345703	0.318359	0.00102917
0.318359	0.353516	0.000624574
0.509766	0.248047	-0.000776122
0.302734	0.384766	0.000253698
0.595703	0.287109	-0.000135635
0.380859	0.333984	-0.00193241
0.294922	0.408203	7.0791e-05
0.384766	0.330078	-0.00162098
0.369141	0.345703	-0.00181791
0.513672	0.279297	-0.000157906
0.548828	0.279297	-2.50727e-05
0.345703	0.556641	-0.00208836
0.330078	0.416016	-0.00117268
0.287109	0.458984	4.85643e-05
0.287109	0.478516	0.000208382
0.287109	0.482422	5.60633e-05
0.326172	0.431641	-0.000977642
0.416016	0.619141	-0.00232315
0.494141	0.626953	-0.0021062
0.544922	0.646484	0.00333232
0.376953	0.130859	0.00199596
0.392578	0.126953	0.00207077
0.404297	0.115234	-0.00287469
0.251953	0.173828	-0.00160038
0.142578	0.404297	-0.00251507
0.251953	0.193359	0.000809409
0.583984	0.810547	-0.00172232
0.685547	0.763672	-0.000798546
0.162109	0.373047	0.00190549
0.419922	0.822266	-0.00204933
0.517578	0.822266	-0.00202152
0.166016	0.568359	0.001743
0.185547	0.634766	0.00139541
0.283203	0.755859	0.000613229
0.775391	0.630859	-0.00142298
0.720703	0.326172	-3.87678e-05
0.705078	0.310547	7.10583e-05
0.404297	0.798828	0.00146534
0.712891	0.697266	6.17634e-05
0.654297	0.275391	-0.000573854
0.486328	0.802734	0.00145115
0.720703	0.376953	-0.000203263
0.744141	0.423828	0.00027796
0.357422	0.306641	0.00063212
0.341797	0.322266	0.000848499
0.759766	0.576172	0.000845849
0.658203	0.314453	-0.000438289
0.759766	0.486328	0.000790666
0.548828	0.248047	-0.000910013
0.353516	0.365234	-0.00140657
0.310547	0.572266	0.000817872
0.306641	0.564453	0.000635074
0.322266	0.591797	0.00115968
0.482422	0.283203	-0.000169622
0.298828	0.544922	0.000406574
0.341797	0.615234	0.00179304
0.345703	0.619141	0.00182618
0.509766	0.279297	0.000117569
0.287109	0.455078	-0.000166317
0.330078	0.521484	-0.00113934
0.408203	0.658203	0.00129492
0.509766	0.623047	-0.00192936
0.326172	0.505859	-0.00100491
0.490234	0.666016	0.00161656
0.146484	0.556641	-0.00243118
0.173828	0.658203	-0.0019418
0.283203	0.169922	0.00130515
0.271484	0.177734	0.00118418
0.228516	0.216797	0.000872242
0.353516	0.810547	-0.00195863
0.185547	0.287109	0.00160646
0.630859	0.794922	-0.00157101
0.662109	0.779297	-0.00121636
0.568359	0.814453	-0.00196777
0.744141	0.701172	-0.00101842
0.158203	0.517578	0.00203534
0.767578	0.654297	-0.00134204
0.271484	0.748047	0.000675463
0.755859	0.376953	-0.000935495
0.365234	0.791016	0.00139127
0.603516	0.779297	0.00100093
0.646484	0.271484	-0.000789031
0.732422	0.666016	0.000517218
0.626953	0.263672	-0.000826642
0.443359	0.802734	0.0015722
0.736328	0.658203	0.000641199
0.615234	0.259766	-0.000918525
0.751953	0.615234	0.000827772
0.376953	0.291016	0.000183494
0.419922	0.267578	-0.000545006
0.755859	0.599609	0.000985466
0.337891	0.326172	0.000510294
0.751953	0.447266	0.000711912
0.474609	0.251953	-0.000893388
0.505859	0.248047	-0.00102612
0.404297	0.314453	-0.000863574
0.388672	0.326172	-0.00114
0.365234	0.349609	-0.00142719
0.580078	0.283203	0.000186512
0.291016	0.423828	-0.000244639
0.337891	0.611328	0.001578
0.349609	0.623047	0.00167479
0.541016	0.607422	-0.00202358
0.294922	0.533203	2.73804e-05
0.341797	0.384766	-0.000963225
0.552734	0.279297	0.000279904
0.369141	0.638672	0.00145501
0.287109	0.486328	-0.000158183
0.333984	0.533203	-0.00121079
0.392578	0.607422	-0.00190002
0.419922	0.662109	0.000982128
0.439453	0.626953	-0.00166273
0.439453	0.666016	0.00115129
0.322266	0.462891	-0.00054237
0.322266	0.466797	-0.000623242
0.322266	0.470703	-0.000626862
0.322266	0.474609	-0.000553254
0.521484	0.658203	0.00209275
0.509766	0.662109	0.00170801
0.587891	0.552734	0.00136656
0.275391	0.158203	-0.00208515
0.193359	0.236328	-0.00183239
0.150391	0.349609	-0.00252767
0.142578	0.525391	-0.00257886
0.216797	0.728516	-0.00112478
0.369141	0.814453	-0.00212673
0.169922	0.333984	0.00202514
0.240234	0.720703	0.0004386
0.244141	0.724609	0.000396225
0.248047	0.728516	0.000489871
0.302734	0.767578	0.00115969
0.310547	0.771484	0.00123246
0.759766	0.384766	-0.0010981
0.701172	0.306641	-0.000260153
0.650391	0.755859	0.000605792
0.787109	0.572266	-0.00180884
0.787109	0.486328	-0.00171054
0.662109	0.279297	-0.000680512
0.490234	0.802734	0.00164705
0.388672	0.283203	-0.000174087
0.732422	0.396484	0.000342918
0.736328	0.404297	0.000469255
0.361328	0.302734	0.000190147
0.712891	0.365234	-3.81467e-05
0.669922	0.322266	-0.000243263
0.755859	0.462891	0.000893437
0.552734	0.248047	-0.00118571
0.576172	0.572266	-0.000224259
0.423828	0.302734	-0.000353202
0.431641	0.298828	-0.000139984
0.451172	0.291016	8.73524e-05
0.314453	0.580078	0.000606204
0.333984	0.607422	0.00118515
0.345703	0.376953	-0.00080914
0.291016	0.517578	-0.000247285
0.353516	0.626953	0.0013395
0.337891	0.392578	-0.000689115
0.287109	0.451172	-0.000443165
0.505859	0.279297	0.000451385
0.287109	0.490234	-0.000434
0.388672	0.650391	0.00103605
0.529297	0.615234	-0.001457
0.380859	0.646484	0.000891605
0.373047	0.591797	-0.00212414
0.369141	0.587891	-0.00217922
0.365234	0.583984	-0.00201849
0.349609	0.564453	-0.00142849
0.521484	0.619141	-0.0013625
0.423828	0.623047	-0.00135567
0.498047	0.626953	-0.00129608
0.322266	0.458984	-0.000384033
0.322266	0.478516	-0.000402097
0.552734	0.642578	0.00268217
0.494141	0.666016	0.0010499
0.306641	0.142578	-0.00242485
0.150391	0.580078	-0.00251175
0.244141	0.755859	-0.00123179
0.291016	0.787109	-0.00174436
0.298828	0.791016	-0.00184869
0.212891	0.236328	0.0013502
0.388672	0.818359	-0.00227966
0.548828	0.818359	-0.00218715
0.158203	0.400391	0.00224541
0.736328	0.712891	-0.00106256
0.162109	0.548828	0.00213141
0.236328	0.716797	0.000616036
0.751953	0.369141	-0.00106712
0.724609	0.330078	-0.000422301
0.380859	0.794922	0.0016784
0.783203	0.458984	-0.00172989
0.662109	0.748047	0.00058265
0.685547	0.728516	0.000235706
0.689453	0.724609	0.00012235
0.693359	0.720703	0.000149435
0.529297	0.798828	0.00164723
0.728516	0.673828	0.000709755
0.439453	0.802734	0.00179047
0.583984	0.251953	-0.0012747
0.455078	0.255859	-0.00105214
0.638672	0.302734	0.00020218
0.501953	0.248047	-0.00132407
0.630859	0.298828	0.000423601
0.416016	0.306641	-0.000190699
0.361328	0.353516	-0.00086201
0.302734	0.556641	7.44228e-05
0.462891	0.287109	0.000420075
0.556641	0.279297	0.000643113
0.361328	0.580078	-0.00164416
0.376953	0.595703	-0.00185216
0.396484	0.654297	0.000727799
0.326172	0.427734	-0.000195105
0.322266	0.455078	-0.000148113
0.322266	0.482422	-0.00017305
0.435547	0.666016	0.000522933
0.533203	0.654297	0.0015027
0.599609	0.583984	0.00368727
0.431641	0.119141	0.00237838
0.349609	0.138672	0.00219996
0.201172	0.224609	-0.00186186
0.162109	0.626953	-0.00242072
0.166016	0.638672	-0.00233755
0.255859	0.189453	0.00127155
0.205078	0.248047	0.00156414
0.611328	0.802734	-0.00199947
0.416016	0.822266	-0.0024494
0.708984	0.744141	-0.000857494
0.712891	0.740234	-0.000809663
0.716797	0.736328	-0.000899269
0.208984	0.681641	0.00125668
0.216797	0.693359	0.00118913
0.251953	0.732422	0.000720272
0.783203	0.599609	-0.00191603
0.568359	0.791016	0.00162827
0.681641	0.291016	-0.000784253
0.681641	0.732422	0.000489342
0.697266	0.716797	0.000317183
0.494141	0.802734	0.00187732
0.740234	0.650391	0.00107384
0.728516	0.388672	0.000534597
0.740234	0.412109	0.000903854
0.333984	0.330078	1.45873e-05
0.759766	0.580078	0.00139264
0.322266	0.345703	-0.000220453
0.646484	0.306641	0.000334315
0.759766	0.482422	0.00133084
0.556641	0.248047	-0.00150937
0.310547	0.365234	-0.000567795
0.611328	0.291016	0.000613476
0.298828	0.392578	-0.000739022
0.392578	0.322266	-0.000492035
0.478516	0.283203	0.000583016
0.330078	0.603516	0.000617461
0.357422	0.630859	0.000822235
0.501953	0.279297	0.000843417
0.287109	0.447266	-0.000781935
0.333984	0.400391	3.36215e-06
0.287109	0.494141	-0.000771094
0.330078	0.412109	-7.11131e-05
0.380859	0.599609	-0.00136194
0.404297	0.615234	-0.000999293
0.326172	0.509766	-0.000216414
0.412109	0.619141	-0.000807689
0.322266	0.451172	0.000165031
0.322266	0.486328	0.000134129
0.435547	0.626953	-0.000808492
0.541016	0.650391	0.00171268
0.568359	0.630859	0.00266879
0.462891	0.630859	-0.000624202
0.466797	0.630859	-0.000714313
0.470703	0.630859	-0.000694627
0.474609	0.630859	-0.000564923
0.583984	0.552734	-0.00219724
0.337891	0.130859	-0.00278687
0.326172	0.134766	-0.00275125
0.201172	0.708984	-0.00174407
0.283203	0.783203	-0.00191583
0.224609	0.220703	0.00135615
0.177734	0.306641	0.00217311
0.564453	0.587891	-0.000670275
0.599609	0.806641	-0.00214186
0.166016	0.349609	0.0023195
0.705078	0.748047	-0.00104243
0.521484	0.822266	-0.00241381
0.169922	0.587891	0.00219323
0.232422	0.712891	0.000926163
0.158203	0.521484	0.00243367
0.755859	0.681641	-0.00159908
0.759766	0.673828	-0.00169626
0.294922	0.763672	0.00137854
0.318359	0.775391	0.00158716
0.337891	0.783203	0.00178688
0.349609	0.787109	0.0018514
0.763672	0.392578	-0.00154143
0.740234	0.349609	-0.00112946
0.779297	0.439453	-0.00193473
0.697266	0.302734	-0.000735062
0.630859	0.767578	0.00126739
0.623047	0.771484	0.00137479
0.400391	0.798828	0.00204748
0.552734	0.794922	0.00190377
0.669922	0.283203	-0.00111817
0.701172	0.712891	0.000625839
0.638672	0.267578	-0.00131928
0.435547	0.802734	0.00204343
0.603516	0.255859	-0.00157581
0.365234	0.298828	-0.000403462
0.560547	0.591797	-0.00100695
0.498047	0.248047	-0.0016691
0.306641	0.373047	-0.000701264
0.556641	0.595703	-0.00108385
0.599609	0.287109	0.000894069
0.294922	0.404297	-0.000968681
0.439453	0.294922	0.000432982
0.583984	0.283203	0.000966274
0.291016	0.419922	-0.00102126
0.349609	0.369141	-0.000224407
0.318359	0.587891	-9.25327e-06
0.560547	0.279297	0.0010643
0.537109	0.611328	-0.000920583
0.373047	0.642578	0.000292726
0.357422	0.576172	-0.00106145
0.341797	0.552734	-0.000504616
0.337891	0.544922	-0.00039454
0.330078	0.525391	-1.67347e-05
0.513672	0.623047	-0.000651202
0.501953	0.626953	-0.000375825
0.513672	0.662109	0.000688337
0.525391	0.658203	0.000784233
0.498047	0.666016	0.000396456
0.548828	0.646484	0.00139461
0.564453	0.634766	0.00218915
0.458984	0.630859	-0.000424905
0.478516	0.630859	-0.000325146
0.580078	0.619141	0.00262607
0.595703	0.595703	0.00267886
0.603516	0.572266	0.0031726
0.361328	0.134766	0.0023896
0.365234	0.123047	-0.00298425
0.228516	0.193359	-0.00161889
0.224609	0.197266	-0.00156759
0.220703	0.201172	-0.00165616
0.142578	0.400391	-0.0028926
0.193359	0.697266	-0.00198831
0.212891	0.724609	-0.00164542
0.310547	0.154297	0.00209038
0.302734	0.158203	0.00200433
0.306641	0.794922	-0.00223007
0.720703	0.732422	-0.00112507
0.177734	0.615234	0.00217122
0.255859	0.736328	0.00108741
0.728516	0.333984	-0.000946588
0.787109	0.576172	-0.00225573
0.787109	0.482422	-0.00214714
0.716797	0.693359	0.000999715
0.498047	0.802734	0.0021421
0.748047	0.630859	0.00155923
0.427734	0.263672	-0.00142852
0.439453	0.259766	-0.00143296
0.748047	0.431641	0.00141626
0.470703	0.251953	-0.00158538
0.314453	0.357422	-0.000802887
0.623047	0.294922	0.000991239
0.552734	0.599609	-0.000898984
0.763672	0.525391	0.00180038
0.763672	0.529297	0.00175806
0.763672	0.533203	0.00176014
0.763672	0.537109	0.00180673
0.408203	0.310547	0.000356965
0.357422	0.357422	-0.000123041
0.291016	0.521484	-0.00102837
0.287109	0.443359	-0.00118207
0.287109	0.498047	-0.00116964
0.404297	0.658203	-2.10838e-05
0.396484	0.611328	-0.000639724
0.416016	0.662109	-7.15601e-05
0.322266	0.447266	0.00055472
0.322266	0.490234	0.000519456
0.431641	0.666016	-0.000187653
0.560547	0.638672	0.00147461
0.455078	0.630859	-0.000117456
0.583984	0.615234	0.00210109
0.591797	0.603516	0.00234192
0.599609	0.587891	0.00230024
0.587891	0.548828	-0.00027076
0.591797	0.548828	0.00323444
0.408203	0.123047	0.00257183
0.337891	0.142578	0.00237121
0.232422	0.189453	-0.00181029
0.181641	0.255859	-0.00239288
0.177734	0.263672	-0.00244898
0.326172	0.802734	-0.00244499
0.337891	0.806641	-0.0024883
0.173828	0.318359	0.00237667
0.162109	0.369141	0.00253575
0.701172	0.751953	-0.00136334
0.158203	0.396484	0.00266387
0.568359	0.583984	-7.73609e-05
0.193359	0.654297	0.00194967
0.197266	0.662109	0.00188788
0.751953	0.689453	-0.00180037
0.779297	0.619141	-0.0022002
0.748047	0.361328	-0.00150418
0.771484	0.412109	-0.0019683
0.638672	0.763672	0.0014442
0.615234	0.775391	0.00175749
0.677734	0.736328	0.000881443
0.724609	0.681641	0.00122644
0.431641	0.802734	0.00233127
0.380859	0.287109	-0.000926648
0.724609	0.380859	0.00105681
0.716797	0.369141	0.000872256
0.755859	0.603516	0.00182289
0.697266	0.345703	0.00041359
0.693359	0.341797	0.000316782
0.689453	0.337891	0.000371346
0.330078	0.333984	-0.000637775
0.755859	0.458984	0.00171994
0.666016	0.318359	0.000652507
0.560547	0.248047	-0.00188189
0.654297	0.310547	0.000830863
0.302734	0.380859	-0.0011956
0.763672	0.521484	0.00188699
0.763672	0.541016	0.00189788
0.396484	0.318359	0.000320551
0.298828	0.548828	-0.000851719
0.326172	0.599609	-0.000122953
0.548828	0.603516	-0.000453089
0.294922	0.537109	-0.00102062
0.498047	0.279297	0.00129362
0.361328	0.634766	0.000123816
0.345703	0.560547	-0.000139971
0.333984	0.537109	0.000174118
0.353516	0.572266	-0.000276303
0.384766	0.603516	-0.000654606
0.326172	0.423828	0.000663189
0.326172	0.513672	0.000651077
0.419922	0.623047	-6.82035e-05
0.431641	0.626953	0.000148925
0.482422	0.630859	2.50638e-05
0.603516	0.576172	0.00225873
0.216797	0.205078	-0.00188517
0.162109	0.302734	-0.00276244
0.154297	0.330078	-0.00290616
0.146484	0.369141	-0.00297759
0.154297	0.599609	-0.00279687
0.142578	0.529297	-0.00295637
0.248047	0.759766	-0.00178089
0.263672	0.771484	-0.00200927
0.294922	0.162109	0.00217882
0.181641	0.294922	0.00240347
0.623047	0.798828	-0.00230546
0.669922	0.775391	-0.00182994
0.681641	0.767578	-0.0017093
0.724609	0.728516	-0.00148567
0.181641	0.626953	0.00228767
0.166016	0.572266	0.00252666
0.228516	0.708984	0.00136661
0.763672	0.666016	-0.00208096
0.275391	0.751953	0.00163879
0.775391	0.423828	-0.00218511
0.595703	0.783203	0.00200488
0.583984	0.787109	0.00208208
0.533203	0.798828	0.00223566
0.705078	0.708984	0.00107418
0.744141	0.642578	0.00180195
0.751953	0.619141	0.00186975
0.587891	0.251953	-0.00199729
0.400391	0.275391	-0.00143528
0.408203	0.271484	-0.00156658
0.701172	0.349609	0.000661497
0.744141	0.419922	0.00163741
0.685547	0.333984	0.000577604
0.751953	0.443359	0.00174323
0.759766	0.583984	0.00198599
0.759766	0.478516	0.00191662
0.494141	0.248047	-0.00206085
0.763672	0.544922	0.00203369
0.763672	0.517578	0.00201785
0.474609	0.283203	0.00139557
0.564453	0.279297	0.00154327
0.287109	0.439453	-0.00164306
0.322266	0.443359	0.00102052
0.322266	0.494141	0.000982657
0.501953	0.666016	-0.000343678
0.451172	0.630859	0.000297056
0.486328	0.630859	0.00048556
0.462891	0.669922	-0.000751299
0.466797	0.669922	-0.000713588
0.587891	0.611328	0.0013166
0.318359	0.150391	0.00240447
0.427734	0.111328	-0.0033835
0.166016	0.291016	-0.00283684
0.146484	0.560547	-0.0030148
0.169922	0.650391	-0.00267234
0.259766	0.185547	0.00186655
0.412109	0.822266	-0.00288149
0.525391	0.822266	-0.00283707
0.173828	0.603516	0.00246264
0.189453	0.646484	0.00227135
0.201172	0.669922	0.00209288
0.259766	0.740234	0.00158889
0.771484	0.646484	-0.00238445
0.287109	0.759766	0.00189932
0.326172	0.779297	0.00221437
0.361328	0.791016	0.00238346
0.783203	0.455078	-0.00244734
0.693359	0.298828	-0.00135242
0.658203	0.751953	0.00157502
0.501953	0.802734	0.00244138
0.619141	0.259766	-0.0020729
0.369141	0.294922	-0.00114549
0.451172	0.255859	-0.00200447
0.580078	0.568359	0.00120065
0.763672	0.548828	0.00221435
0.763672	0.513672	0.0021929
0.447266	0.291016	0.00135327
0.306641	0.568359	-0.00099113
0.458984	0.287109	0.00148557
0.310547	0.576172	-0.000964554
0.341797	0.380859	0.000799324
0.337891	0.388672	0.000902367
0.287109	0.501953	-0.00162982
0.330078	0.408203	0.00110469
0.384766	0.650391	-0.000719015
0.392578	0.654297	-0.000846745
0.525391	0.619141	0.000272064
0.427734	0.666016	-0.00098008
0.505859	0.626953	0.000652888
0.517578	0.662109	-0.000418058
0.537109	0.654297	-9.78898e-05
0.556641	0.642578	0.000533828
0.458984	0.669922	-0.000872579
0.470703	0.669922	-0.000760006
0.474609	0.669922	-0.000891064
0.595703	0.599609	0.000878215
0.603516	0.580078	0.00119644
0.236328	0.185547	-0.00213961
0.173828	0.271484	-0.00277495
0.158203	0.615234	-0.00288687
0.220703	0.224609	0.00197092
0.587891	0.810547	-0.00270507
0.572266	0.814453	-0.00279815
0.552734	0.818359	-0.00283926
0.162109	0.552734	0.00275833
0.158203	0.525391	0.00285879
0.775391	0.634766	-0.00252438
0.572266	0.580078	0.000762886
0.783203	0.603516	-0.00265259
0.767578	0.400391	-0.00225571
0.732422	0.337891	-0.00160875
0.376953	0.794922	0.00249914
0.673828	0.740234	0.00140969
0.787109	0.478516	-0.00262165
0.427734	0.802734	0.00265424
0.630859	0.263672	-0.00215245
0.392578	0.279297	-0.00163386
0.705078	0.353516	0.0010591
0.681641	0.330078	0.000936127
0.564453	0.248047	-0.00230293
0.318359	0.349609	-0.00141258
0.587891	0.283203	0.00180539
0.291016	0.416016	-0.00185985
0.353516	0.361328	0.00078877
0.302734	0.560547	-0.00139912
0.494141	0.279297	0.00180173
0.544922	0.607422	0.000250461
0.365234	0.638672	-0.000755377
0.533203	0.615234	0.000426402
0.388672	0.607422	0.00026714
0.330078	0.529297	0.00118398
0.517578	0.623047	0.000732851
0.412109	0.662109	-0.00120433
0.529297	0.658203	-0.000610108
0.544922	0.650391	-9.71858e-05
0.447266	0.630859	0.000817668
0.455078	0.669922	-0.00107712
0.478516	0.669922	-0.00110693
0.599609	0.591797	0.000788901
0.591797	0.544922	0.00128292
0.380859	0.119141	-0.00333047
0.349609	0.126953	-0.00318666
0.185547	0.248047	-0.00259899
0.275391	0.779297	-0.00237571
0.275391	0.173828	0.0022168
0.193359	0.267578	0.00247261
0.384766	0.818359	-0.00294818
0.697266	0.755859	-0.00181905
0.740234	0.708984	-0.00203049
0.787109	0.580078	-0.00274331
0.646484	0.759766	0.00191504
0.396484	0.798828	0.00266703
0.677734	0.287109	-0.00189438
0.416016	0.267578	-0.00201697
0.466797	0.251953	-0.00232669
0.326172	0.337891	-0.0014443
0.490234	0.248047	-0.00250009
0.763672	0.552734	0.00244
0.763672	0.509766	0.0024122
0.615234	0.291016	0.00189703
0.603516	0.287109	0.00198227
0.427734	0.298828	0.00147599
0.419922	0.302734	0.00141184
0.376953	0.333984	0.000740222
0.373047	0.337891	0.000691219
0.369141	0.341797	0.000816373
0.314453	0.583984	-0.00133393
0.322266	0.595703	-0.00103234
0.345703	0.373047	0.0011223
0.568359	0.279297	0.00208011
0.291016	0.525391	-0.00187225
0.287109	0.435547	-0.00216509
0.333984	0.396484	0.00142424
0.376953	0.646484	-0.00104219
0.349609	0.568359	0.000706335
0.326172	0.419922	0.00159632
0.322266	0.439453	0.00156222
0.400391	0.615234	0.000828259
0.408203	0.619141	0.000799965
0.322266	0.498047	0.00152307
0.490234	0.630859	0.00105502
0.505859	0.666016	-0.00116979
0.451172	0.669922	-0.00136488
0.482422	0.669922	-0.00140745
0.591797	0.607422	0.000272311
0.607422	0.560547	0.000989048
0.607422	0.564453	0.000619737
0.427734	0.119141	0.00292358
0.373047	0.130859	0.00289463
0.388672	0.126953	0.00286448
0.267578	0.162109	-0.00267456
0.255859	0.169922	-0.00252157
0.212891	0.208984	-0.00225389
0.158203	0.314453	-0.00312348
0.142578	0.396484	-0.00329617
0.349609	0.810547	-0.00297341
0.365234	0.814453	-0.00297912
0.197266	0.259766	0.00256538
0.189453	0.275391	0.00265438
0.728516	0.724609	-0.00198032
0.158203	0.392578	0.00310988
0.748047	0.697266	-0.00231006
0.212891	0.689453	0.00220336
0.224609	0.705078	0.00193498
0.154297	0.458984	0.00312663
0.154297	0.462891	0.00313422
0.607422	0.779297	0.0024054
0.572266	0.791016	0.00261401
0.556641	0.794922	0.0027222
0.708984	0.705078	0.00166023
0.505859	0.802734	0.00277488
0.607422	0.255859	-0.00256109
0.677734	0.326172	0.00144693
0.759766	0.587891	0.00262619
0.662109	0.314453	0.00169404
0.759766	0.474609	0.00254801
0.298828	0.388672	-0.00204251
0.294922	0.400391	-0.00206958
0.400391	0.314453	0.00129372
0.380859	0.330078	0.000961488
0.435547	0.294922	0.00190348
0.287109	0.505859	-0.00215145
0.337891	0.548828	0.00125202
0.400391	0.658203	-0.00141497
0.326172	0.517578	0.00159651
0.416016	0.623047	0.0013154
0.427734	0.626953	0.0012077
0.443359	0.630859	0.00144336
0.552734	0.646484	-0.000624141
0.447266	0.669922	-0.00173581
0.572266	0.630859	5.55667e-05
0.576172	0.626953	0.000165478
0.580078	0.623047	2.87333e-05
0.603516	0.583984	-9.50415e-06
0.607422	0.568359	6.66764e-05
0.607422	0.556641	0.00115677
0.314453	0.138672	-0.00312165
0.150391	0.345703	-0.00330711
0.208984	0.720703	-0.00229442
0.314453	0.798828	-0.00287586
0.208984	0.240234	0.00242545
0.169922	0.330078	0.00299903
0.642578	0.791016	-0.00270563
0.650391	0.787109	-0.00258407
0.767578	0.658203	-0.00274778
0.154297	0.451172	0.00318727
0.154297	0.455078	0.00314432
0.154297	0.466797	0.00316696
0.154297	0.470703	0.00322471
0.744141	0.353516	-0.00225555
0.779297	0.435547	-0.00287089
0.537109	0.798828	0.00286081
0.658203	0.275391	-0.00233148
0.650391	0.271484	-0.00241828
0.720703	0.689453	0.00207057
0.423828	0.802734	0.00301287
0.732422	0.669922	0.00230987
0.736328	0.662109	0.00230861
0.591797	0.251953	-0.00276772
0.736328	0.400391	0.00212624
0.755859	0.607422	0.00270848
0.732422	0.392578	0.00212577
0.708984	0.357422	0.00160417
0.720703	0.373047	0.00191895
0.568359	0.248047	-0.00277194
0.755859	0.455078	0.00259403
0.642578	0.302734	0.0019658
0.634766	0.298828	0.00204664
0.763672	0.505859	0.0026758
0.763672	0.556641	0.0027106
0.412109	0.306641	0.00172515
0.384766	0.326172	0.00135152
0.365234	0.345703	0.00111533
0.470703	0.283203	0.00226778
0.294922	0.541016	-0.00213143
0.337891	0.615234	-0.00105416
0.341797	0.619141	-0.000932241
0.345703	0.623047	-0.000990972
0.490234	0.279297	0.00236752
0.541016	0.611328	0.00120571
0.341797	0.556641	0.00132983
0.369141	0.591797	0.000586143
0.365234	0.587891	0.000637579
0.361328	0.583984	0.000900009
0.373047	0.595703	0.000746762
0.333984	0.541016	0.00163586
0.322266	0.435547	0.00217971
0.423828	0.666016	-0.00185366
0.494141	0.630859	0.00173322
0.568359	0.634766	-0.000295367
0.486328	0.669922	-0.00179244
0.583984	0.619141	-0.000358492
0.326172	0.146484	0.00293838
0.400391	0.115234	-0.00352289
0.150391	0.583984	-0.00326814
0.142578	0.533203	-0.00335809
0.181641	0.677734	-0.00289262
0.251953	0.763672	-0.00246124
0.287109	0.166016	0.00262436
0.166016	0.345703	0.00314826
0.162109	0.365234	0.00319659
0.185547	0.638672	0.00283812
0.205078	0.677734	0.00257104
0.154297	0.447266	0.00325633
0.263672	0.744141	0.00222171
0.154297	0.474609	0.00330749
0.576172	0.576172	0.00183952
0.689453	0.294922	-0.00211058
0.669922	0.744141	0.00207092
0.384766	0.283203	-0.00217257
0.373047	0.291016	-0.00203212
0.435547	0.259766	-0.00260497
0.740234	0.408203	0.00243633
0.306641	0.369141	-0.00235785
0.361328	0.349609	0.00158677
0.298828	0.552734	-0.0021739
0.572266	0.279297	0.00267517
0.333984	0.611328	-0.00135313
0.349609	0.626953	-0.00123128
0.376953	0.599609	0.00112078
0.392578	0.611328	0.00140015
0.322266	0.501953	0.00214024
0.509766	0.626953	0.00178879
0.521484	0.662109	-0.00161084
0.443359	0.669922	-0.00218937
0.564453	0.638672	-0.000880495
0.599609	0.595703	-0.000841134
0.607422	0.572266	-0.000658658
0.607422	0.552734	0.00103378
0.177734	0.669922	-0.00304997
0.408203	0.822266	-0.00334552
0.658203	0.783203	-0.0027321
0.693359	0.759766	-0.00240685
0.529297	0.822266	-0.0032917
0.169922	0.591797	0.00314332
0.158203	0.529297	0.00331057
0.154297	0.443359	0.00335148
0.779297	0.623047	-0.00315901
0.345703	0.787109	0.00302669
0.759766	0.380859	-0.00274216
0.755859	0.373047	-0.00269605
0.787109	0.474609	-0.00313375
0.666016	0.279297	-0.00256736
0.509766	0.802734	0.00314352
0.740234	0.654297	0.00261741
0.748047	0.634766	0.00281508
0.349609	0.310547	-0.0017576
0.345703	0.314453	-0.0017045
0.748047	0.427734	0.00265764
0.341797	0.318359	-0.00180586
0.751953	0.439453	0.00282274
0.486328	0.248047	-0.00298789
0.650391	0.306641	0.0022399
0.310547	0.361328	-0.00237056
0.763672	0.560547	0.00302601
0.763672	0.501953	0.00298403
0.626953	0.294922	0.00247337
0.591797	0.283203	0.0027037
0.291016	0.412109	-0.00276068
0.455078	0.287109	0.00261066
0.349609	0.365234	0.00187109
0.287109	0.431641	-0.00274849
0.353516	0.630859	-0.00165154
0.287109	0.509766	-0.00273435
0.369141	0.642578	-0.00181279
0.330078	0.404297	0.00235454
0.357422	0.580078	0.00136998
0.345703	0.564453	0.00188028
0.439453	0.630859	0.002173
0.509766	0.666016	-0.00208119
0.541016	0.654297	-0.00178283
0.490234	0.669922	-0.00226176
0.587891	0.615234	-0.00099838
0.595703	0.603516	-0.00102989
0.603516	0.587891	-0.00134827
0.595703	0.541016	0.00107407
0.240234	0.181641	-0.00260174
0.197266	0.228516	-0.00284514
0.185547	0.685547	-0.0029936
0.263672	0.181641	0.00258543
0.185547	0.283203	0.00310611
0.634766	0.794922	-0.00308616
0.166016	0.576172	0.00334005
0.154297	0.439453	0.00347254
0.154297	0.478516	0.00341567
0.306641	0.771484	0.00292687
0.333984	0.783203	0.00310656
0.736328	0.341797	-0.00240412
0.787109	0.583984	-0.00327133
0.783203	0.451172	-0.00320557
0.712891	0.701172	0.00238392
0.642578	0.267578	-0.00282129
0.728516	0.677734	0.00262868
0.791016	0.525391	-0.00338374
0.791016	0.529297	-0.00336895
0.791016	0.533203	-0.00339155
0.751953	0.623047	0.00296131
0.423828	0.263672	-0.00277486
0.728516	0.384766	0.00244595
0.353516	0.306641	-0.00196446
0.712891	0.361328	0.00229371
0.447266	0.255859	-0.00300758
0.337891	0.322266	-0.00206238
0.673828	0.322266	0.00210908
0.462891	0.251953	-0.00311737
0.302734	0.376953	-0.00270655
0.388672	0.322266	0.00190724
0.443359	0.291016	0.00267991
0.318359	0.591797	-0.00210485
0.330078	0.607422	-0.00182562
0.291016	0.529297	-0.00277867
0.326172	0.416016	0.00260373
0.529297	0.619141	0.00200686
0.380859	0.603516	0.00170872
0.330078	0.533203	0.00246266
0.408203	0.662109	-0.00241581
0.326172	0.521484	0.00261918
0.521484	0.623047	0.00222042
0.423828	0.626953	0.0023658
0.533203	0.658203	-0.00208942
0.439453	0.669922	-0.00272455
0.498047	0.630859	0.00252008
0.560547	0.642578	-0.00169216
0.607422	0.576172	-0.0015374
0.603516	0.544922	0.00237651
0.607422	0.548828	0.000389899
0.599609	0.541016	0.00143467
0.404297	0.123047	0.00325337
0.146484	0.365234	-0.0035978
0.197266	0.705078	-0.00282733
0.216797	0.228516	0.00271259
0.201172	0.251953	0.0029414
0.603516	0.806641	-0.00328647
0.615234	0.802734	-0.00327523
0.677734	0.771484	-0.00274223
0.732422	0.720703	-0.00260804
0.162109	0.556641	0.00341439
0.220703	0.701172	0.00263103
0.154297	0.482422	0.00354924
0.279297	0.755859	0.00272984
0.298828	0.767578	0.00296905
0.763672	0.388672	-0.0030724
0.373047	0.794922	0.00336087
0.392578	0.798828	0.00332536
0.654297	0.755859	0.00269048
0.419922	0.802734	0.0034079
0.791016	0.521484	-0.00343568
0.791016	0.537109	-0.00345215
0.572266	0.248047	-0.00329031
0.322266	0.341797	-0.00240103
0.583984	0.564453	0.00281719
0.759766	0.591797	0.00331368
0.759766	0.470703	0.00322518
0.763672	0.498047	0.00333716
0.404297	0.310547	0.00242178
0.587891	0.556641	0.00297741
0.560547	0.595703	0.00168551
0.564453	0.591797	0.00188874
0.357422	0.353516	0.00222996
0.306641	0.572266	-0.00267983
0.486328	0.279297	0.00299128
0.556641	0.599609	0.00173778
0.337891	0.384766	0.00256371
0.380859	0.650391	-0.00254586
0.388672	0.654297	-0.00249464
0.353516	0.576172	0.00204188
0.529297	0.275391	0.0032381
0.322266	0.431641	0.0028727
0.322266	0.505859	0.00283467
0.419922	0.666016	-0.00280746
0.404297	0.619141	0.0024976
0.548828	0.650391	-0.00198901
0.494141	0.669922	-0.00281559
0.591797	0.611328	-0.00189226
0.587891	0.544922	-0.00204647
0.591797	0.541016	-0.00119053
0.208984	0.212891	-0.00275884
0.189453	0.240234	-0.00311366
0.169922	0.279297	-0.00337125
0.146484	0.564453	-0.00362512
0.138672	0.458984	-0.00369317
0.138672	0.462891	-0.00367176
0.138672	0.466797	-0.00367333
0.138672	0.470703	-0.00369809
0.556641	0.818359	-0.00352481
0.158203	0.388672	0.00358458
0.177734	0.619141	0.00339174
0.462891	0.826172	-0.00362795
0.466797	0.826172	-0.00359705
0.470703	0.826172	-0.00359607
0.474609	0.826172	-0.003625
0.154297	0.435547	0.00362001
0.314453	0.775391	0.00316918
0.783203	0.607422	-0.0034312
0.751953	0.365234	-0.00294719
0.357422	0.791016	0.00341925
0.771484	0.408203	-0.00323316
0.775391	0.419922	-0.00330224
0.626953	0.771484	0.00304197
0.634766	0.767578	0.00304727
0.587891	0.787109	0.00324353
0.513672	0.802734	0.00354699
0.791016	0.517578	-0.00352506
0.791016	0.541016	-0.00355114
0.623047	0.259766	-0.00327886
0.744141	0.646484	0.00322578
0.357422	0.302734	-0.00232401
0.744141	0.416016	0.0030471
0.333984	0.326172	-0.00247443
0.314453	0.353516	-0.00275086
0.763672	0.564453	0.00338622
0.607422	0.287109	0.00312944
0.294922	0.396484	-0.00323178
0.568359	0.587891	0.00234466
0.466797	0.283203	0.00319909
0.576172	0.279297	0.00332795
0.302734	0.564453	-0.00293516
0.310547	0.580078	-0.00280926
0.326172	0.603516	-0.00246939
0.341797	0.376953	0.00262969
0.357422	0.634766	-0.00225028
0.552734	0.603516	0.002046
0.333984	0.392578	0.00291632
0.521484	0.275391	0.00337882
0.525391	0.275391	0.00327985
0.533203	0.275391	0.00325344
0.537109	0.275391	0.00332575
0.537109	0.615234	0.00240475
0.396484	0.658203	-0.00288471
0.412109	0.623047	0.00279289
0.435547	0.630859	0.00300518
0.525391	0.662109	-0.00288908
0.607422	0.580078	-0.00256
0.345703	0.138672	0.00333099
0.142578	0.392578	-0.00372635
0.138672	0.455078	-0.00373713
0.138672	0.474609	-0.00374602
0.177734	0.302734	0.00343658
0.380859	0.818359	-0.0036511
0.173828	0.314453	0.00351259
0.458984	0.826172	-0.0036889
0.478516	0.826172	-0.00368374
0.154297	0.486328	0.0037087
0.716797	0.318359	-0.00249351
0.712891	0.314453	-0.00246688
0.599609	0.783203	0.0033063
0.666016	0.748047	0.00286132
0.541016	0.798828	0.00352208
0.791016	0.544922	-0.00368824
0.791016	0.513672	-0.00365221
0.658203	0.310547	0.00287742
0.482422	0.248047	-0.00352469
0.619141	0.291016	0.00323972
0.392578	0.318359	0.00262643
0.294922	0.544922	-0.0033051
0.287109	0.427734	-0.00339275
0.287109	0.513672	-0.00337882
0.541016	0.275391	0.003455
0.517578	0.275391	0.00353504
0.337891	0.552734	0.00297387
0.384766	0.607422	0.00250874
0.396484	0.615234	0.00274023
0.513672	0.626953	0.00303058
0.435547	0.669922	-0.00334054
0.318359	0.462891	0.00337308
0.318359	0.466797	0.00329318
0.318359	0.470703	0.00328903
0.318359	0.474609	0.00336067
0.513672	0.666016	-0.00307765
0.462891	0.634766	0.00328838
0.466797	0.634766	0.00320017
0.470703	0.634766	0.00321882
0.474609	0.634766	0.00334452
0.599609	0.599609	-0.00258542
0.603516	0.591797	-0.00281003
0.611328	0.556641	-0.00276085
0.611328	0.560547	-0.00292012
0.607422	0.544922	-0.000979109
0.603516	0.541016	-0.000268471
0.357422	0.134766	0.00339803
0.162109	0.630859	-0.00358624
0.142578	0.537109	-0.00378427
0.154297	0.603516	-0.00371151
0.173828	0.662109	-0.00345279
0.138672	0.451172	-0.00380318
0.138672	0.478516	-0.00381702
0.267578	0.775391	-0.0031411
0.666016	0.779297	-0.00316625
0.576172	0.814453	-0.00366397
0.533203	0.822266	-0.00377795
0.173828	0.607422	0.00356168
0.744141	0.705078	-0.0031276
0.455078	0.826172	-0.00378005
0.482422	0.826172	-0.00377216
0.759766	0.677734	-0.00337822
0.154297	0.431641	0.00379397
0.267578	0.748047	0.00298425
0.580078	0.572266	0.00313684
0.720703	0.322266	-0.00266123
0.708984	0.310547	-0.0025818
0.619141	0.775391	0.00331408
0.787109	0.470703	-0.00368425
0.685547	0.291016	-0.0030074
0.560547	0.794922	0.00357903
0.673828	0.283203	-0.00313585
0.611328	0.255859	-0.00359739
0.595703	0.251953	-0.00358948
0.404297	0.271484	-0.00321967
0.396484	0.275391	-0.00321914
0.755859	0.611328	0.00364253
0.376953	0.287109	-0.00305905
0.361328	0.298828	-0.00283444
0.724609	0.376953	0.00309872
0.755859	0.451172	0.003516
0.669922	0.318359	0.00292009
0.763672	0.494141	0.00373528
0.298828	0.384766	-0.00340818
0.423828	0.298828	0.0031515
0.416016	0.302734	0.0032364
0.345703	0.369141	0.00311819
0.548828	0.607422	0.00260807
0.544922	0.275391	0.00364135
0.373047	0.646484	-0.00304335
0.283203	0.462891	-0.00371379
0.283203	0.466797	-0.00362165
0.283203	0.470703	-0.00358912
0.283203	0.474609	-0.00361669
0.283203	0.478516	-0.00370502
0.349609	0.572266	0.00291039
0.333984	0.544922	0.00317326
0.322266	0.509766	0.00360689
0.318359	0.458984	0.00352896
0.318359	0.478516	0.00350835
0.501953	0.630859	0.00341436
0.556641	0.646484	-0.00272198
0.498047	0.669922	-0.00345438
0.458984	0.634766	0.00348291
0.478516	0.634766	0.00357732
0.611328	0.564453	-0.00327292
0.611328	0.552734	-0.00286952
0.595703	0.537109	-0.00258135
0.599609	0.537109	-0.0023529
0.287109	0.150391	-0.00346853
0.166016	0.642578	-0.00362434
0.189453	0.693359	-0.0033665
0.138672	0.447266	-0.00389124
0.205078	0.716797	-0.00306802
0.138672	0.482422	-0.00391093
0.294922	0.791016	-0.00353059
0.333984	0.806641	-0.00366963
0.404297	0.822266	-0.00384106
0.591797	0.810547	-0.00372452
0.181641	0.630859	0.00363371
0.158203	0.533203	0.00379051
0.755859	0.685547	-0.00339781
0.451172	0.826172	-0.00390132
0.486328	0.826172	-0.00389021
0.154297	0.490234	0.00389432
0.771484	0.650391	-0.00368144
0.291016	0.763672	0.00330478
0.775391	0.638672	-0.00367247
0.787109	0.587891	-0.00383834
0.705078	0.306641	-0.00283856
0.642578	0.763672	0.0033386
0.576172	0.791016	0.00363969
0.416016	0.802734	0.00383998
0.791016	0.548828	-0.00386284
0.724609	0.685547	0.00327104
0.791016	0.509766	-0.00381708
0.634766	0.263672	-0.00353127
0.412109	0.267578	-0.00354132
0.716797	0.365234	0.00312394
0.576172	0.248047	-0.00385801
0.330078	0.330078	-0.00304164
0.763672	0.568359	0.00379141
0.572266	0.583984	0.0030471
0.595703	0.283203	0.0036607
0.431641	0.294922	0.00343339
0.291016	0.408203	-0.00372317
0.353516	0.357422	0.00304391
0.298828	0.556641	-0.0035594
0.482422	0.279297	0.00367321
0.291016	0.533203	-0.00374726
0.361328	0.638672	-0.00302733
0.513672	0.275391	0.00374858
0.548828	0.275391	0.0038851
0.283203	0.458984	-0.00386571
0.341797	0.560547	0.00323728
0.326172	0.412109	0.0036848
0.283203	0.482422	-0.00385445
0.322266	0.427734	0.00364071
0.326172	0.525391	0.00371861
0.419922	0.626953	0.00362115
0.318359	0.455078	0.00376093
0.318359	0.482422	0.00373247
0.572266	0.634766	-0.00284943
0.576172	0.630859	-0.00262361
0.580078	0.626953	-0.00263672
0.455078	0.634766	0.00378278
0.583984	0.623047	-0.00289324
0.595703	0.607422	-0.00303954
0.611328	0.568359	-0.00380272
0.611328	0.548828	-0.00341733
