0.314453	0.138672	-0.000195286
0.138672	0.458984	0.00380132
0.138672	0.462891	0.00382995
0.138672	0.466797	0.00383577
0.138672	0.470703	0.00381894
0.142578	0.392578	0.00382489
0.138672	0.455078	0.00375038
0.138672	0.474609	0.00378019
0.138672	0.451172	0.00367814
0.138672	0.478516	0.00372039
0.138672	0.447266	0.00358559
0.138672	0.482422	0.00364004
0.294922	0.146484	0.00335717
0.138672	0.443359	0.00347323
0.138672	0.486328	0.00353917
0.138672	0.439453	0.00334085
0.150391	0.341797	0.00372407
0.142578	0.388672	0.0033961
0.138672	0.490234	0.00341739
0.142578	0.541016	0.00365131
0.302734	0.142578	0.00274332
0.146484	0.361328	0.00345924
0.138672	0.435547	0.00318777
0.138672	0.494141	0.00327413
0.138672	0.431641	0.00301327
0.138672	0.498047	0.00310882
0.142578	0.384766	0.00293849
0.138672	0.427734	0.00281621
0.142578	0.544922	0.00320541
0.138672	0.501953	0.00292032
0.150391	0.591797	0.00352653
0.310547	0.138672	0.00131911
0.154297	0.322266	0.00316637
0.146484	0.572266	0.00324372
0.138672	0.423828	0.00259502
0.150391	0.337891	0.00291997
0.146484	0.357422	0.0028166
0.138672	0.505859	0.00270808
0.169922	0.275391	0.00358379
0.142578	0.380859	0.00245425
0.138672	0.419922	0.00234834
0.142578	0.548828	0.00273436
0.138672	0.509766	0.00247223
0.263672	0.162109	0.00310538
0.162109	0.294922	0.00301608
0.158203	0.306641	0.00279883
0.138672	0.416016	0.00207531
0.138672	0.513672	0.00221292
0.154297	0.611328	0.00301631
0.146484	0.576172	0.00259285
0.166016	0.283203	0.0028054
0.146484	0.353516	0.00214394
0.150391	0.595703	0.00272538
0.388672	0.822266	0.0038536
0.291016	0.146484	0.00183179
0.283203	0.150391	0.00210126
0.142578	0.376953	0.00193613
0.142578	0.552734	0.00223826
0.138672	0.412109	0.00177845
0.521484	0.826172	0.00380928
0.150391	0.333984	0.00208946
0.138672	0.517578	0.00193035
0.416016	0.826172	0.00354118
0.154297	0.318359	0.00220595
0.162109	0.638672	0.00304401
0.154297	0.396484	-0.00364529
0.298828	0.142578	0.00132092
0.275391	0.154297	0.00206937
0.158203	0.626953	0.00273298
0.552734	0.822266	0.00370393
0.154297	0.525391	-0.00369712
0.177734	0.255859	0.00275073
0.525391	0.826172	0.00342012
0.173828	0.263672	0.00255917
0.138672	0.408203	0.00145851
0.138672	0.521484	0.00162595
0.166016	0.650391	0.00295717
0.349609	0.814453	0.00350904
0.412109	0.826172	0.00312826
0.181641	0.248047	0.00262791
0.177734	0.677734	0.00338476
0.365234	0.818359	0.00333722
0.384766	0.822266	0.00321668
0.162109	0.345703	-0.00358741
0.240234	0.177734	0.00270606
0.146484	0.580078	0.00191368
0.142578	0.556641	0.00171762
0.181641	0.685547	0.00348405
0.158203	0.365234	-0.00333292
0.154297	0.392578	-0.00321867
0.255859	0.166016	0.00226068
0.142578	0.373047	0.00139275
0.150391	0.455078	-0.00304422
0.150391	0.458984	-0.00306942
0.150391	0.462891	-0.00307038
0.150391	0.466797	-0.00304688
0.205078	0.212891	0.00298249
0.173828	0.669922	0.00303051
0.158203	0.556641	-0.00348175
0.154297	0.529297	-0.00328126
0.150391	0.451172	-0.00299511
0.150391	0.470703	-0.002999
0.193359	0.228516	0.0027183
0.169922	0.271484	0.00209804
0.146484	0.349609	0.00143517
0.169922	0.314453	-0.00363227
0.529297	0.826172	0.00300098
0.150391	0.447266	-0.00292222
0.150391	0.474609	-0.00292699
0.138672	0.404297	0.00111647
0.150391	0.599609	0.00189546
0.154297	0.615234	0.00205721
0.138672	0.525391	0.00129991
0.150391	0.443359	-0.00282549
0.267578	0.158203	0.00172756
0.158203	0.302734	0.00166938
0.185547	0.693359	0.00331594
0.408203	0.826172	0.00268405
0.556641	0.822266	0.00306502
0.150391	0.478516	-0.00283095
0.162109	0.291016	0.00177772
0.591797	0.814453	0.00340397
0.576172	0.818359	0.00319841
0.150391	0.439453	-0.0027049
0.306641	0.138672	0.00045468
0.154297	0.388672	-0.00276637
0.150391	0.482422	-0.00271086
0.185547	0.240234	0.00224236
0.302734	0.798828	0.0032966
0.322266	0.806641	0.00305125
0.333984	0.810547	0.00299942
0.154297	0.533203	-0.00283931
0.150391	0.435547	-0.00256048
0.150391	0.330078	0.00122125
0.169922	0.662109	0.00243632
0.380859	0.822266	0.00254549
0.166016	0.595703	-0.00340521
0.150391	0.486328	-0.00256678
0.466797	0.830078	0.00234987
0.470703	0.830078	0.00235872
0.533203	0.826172	0.00255156
0.462891	0.830078	0.00231348
0.474609	0.830078	0.00234009
0.478516	0.830078	0.00229388
0.794922	0.560547	0.00386674
0.142578	0.560547	0.00117272
0.166016	0.326172	-0.00296349
0.162109	0.341797	-0.0027702
0.158203	0.361328	-0.00267718
0.162109	0.580078	-0.00307044
0.158203	0.560547	-0.00284731
0.458984	0.830078	0.00224924
0.150391	0.431641	-0.00239208
0.244141	0.173828	0.00197293
0.154297	0.314453	0.00119753
0.138672	0.400391	0.000752842
0.138672	0.529297	0.000951927
0.361328	0.818359	0.00248536
0.455078	0.830078	0.00215658
0.482422	0.830078	0.00221976
0.150391	0.490234	-0.00239903
0.794922	0.494141	0.00385349
0.201172	0.216797	0.00228965
0.142578	0.369141	0.000824722
0.345703	0.814453	0.00250573
0.404297	0.826172	0.00220808
0.146484	0.583984	0.00120546
0.162109	0.642578	0.00182797
0.189453	0.701172	0.0028679
0.638672	0.798828	0.00347541
0.173828	0.623047	-0.00345878
0.451172	0.830078	0.00203502
0.486328	0.830078	0.00211728
0.150391	0.427734	-0.00219914
0.794922	0.564453	0.0035462
0.451172	0.810547	-0.00381974
0.166016	0.279297	0.00141133
0.158203	0.630859	0.00163232
0.271484	0.783203	0.00319263
0.607422	0.810547	0.00295115
0.154297	0.384766	-0.00228836
0.150391	0.494141	-0.002208
0.482422	0.810547	-0.0038636
0.310547	0.802734	0.00264581
0.619141	0.806641	0.00307051
0.560547	0.822266	0.00239389
0.169922	0.611328	-0.00314314
0.154297	0.537109	-0.00237055
0.490234	0.830078	0.00198602
0.783203	0.630859	0.00369805
0.787109	0.615234	0.00364299
0.791016	0.595703	0.00351949
0.404297	0.806641	-0.00375199
0.447266	0.810547	-0.00367089
0.181641	0.279297	-0.00310508
0.447266	0.830078	0.00188436
0.794922	0.490234	0.0035336
0.486328	0.810547	-0.00372627
0.146484	0.345703	0.000692707
0.537109	0.826172	0.00207183
0.177734	0.634766	-0.00337188
0.150391	0.423828	-0.00198127
0.380859	0.802734	-0.0037573
0.173828	0.298828	-0.00265709
0.580078	0.818359	0.00235593
0.494141	0.830078	0.00182565
0.150391	0.498047	-0.00199382
0.794922	0.568359	0.00318803
0.443359	0.810547	-0.00348914
0.490234	0.810547	-0.00355665
0.138672	0.533203	0.000581342
0.169922	0.310547	-0.00251942
0.443359	0.830078	0.0017045
0.787109	0.439453	0.00367373
0.791016	0.458984	0.00352234
0.138672	0.396484	0.000367029
0.150391	0.603516	0.0010362
0.166016	0.654297	0.00161452
0.376953	0.822266	0.00183947
0.400391	0.826172	0.00170046
0.595703	0.814453	0.00241313
0.185547	0.654297	-0.00343107
0.771484	0.666016	0.00363141
0.783203	0.423828	0.00376947
0.794922	0.486328	0.00317747
0.439453	0.810547	-0.00327597
0.259766	0.162109	0.00107454
0.205078	0.724609	0.00286296
0.248047	0.767578	0.00307459
0.158203	0.357422	-0.00199355
0.158203	0.564453	-0.00218557
0.498047	0.830078	0.00163649
0.150391	0.419922	-0.00173812
0.494141	0.810547	-0.00335456
0.189453	0.232422	0.00156751
0.142578	0.564453	0.00060368
0.154297	0.619141	0.00106517
0.630859	0.802734	0.00274899
0.154297	0.380859	-0.00178204
0.166016	0.599609	-0.00245218
0.439453	0.830078	0.00149555
0.150391	0.501953	-0.0017557
0.162109	0.583984	-0.00225536
0.154297	0.541016	-0.00187558
0.400391	0.806641	-0.00319934
0.572266	0.798828	-0.00376492
0.533203	0.806641	-0.00342562
0.162109	0.337891	-0.00192327
0.791016	0.599609	0.00285683
0.361328	0.798828	-0.0033017
0.794922	0.572266	0.00279277
0.435547	0.810547	-0.00303093
0.498047	0.810547	-0.00311973
0.287109	0.146484	0.000237399
0.142578	0.365234	0.000233125
0.330078	0.810547	0.00182275
0.177734	0.287109	-0.00235888
0.166016	0.322266	-0.00196719
0.501953	0.830078	0.00141979
0.150391	0.416016	-0.00147058
0.279297	0.150391	0.00038175
0.248047	0.169922	0.00111574
0.197266	0.220703	0.00146075
0.177734	0.681641	0.00171101
0.357422	0.818359	0.00159839
0.564453	0.822266	0.00169012
0.541016	0.826172	0.00156188
0.435547	0.830078	0.00125787
0.181641	0.646484	-0.00284753
0.150391	0.505859	-0.00149379
0.794922	0.482422	0.0027847
0.556641	0.802734	-0.00333401
0.193359	0.708984	0.00212783
0.779297	0.646484	0.00297355
0.787109	0.619141	0.00277335
0.376953	0.802734	-0.00298221
0.275391	0.166016	-0.00286399
0.177734	0.251953	0.000992755
0.173828	0.259766	0.000927483
0.158203	0.298828	0.000505199
0.150391	0.326172	0.000318529
0.146484	0.587891	0.000468236
0.138672	0.537109	0.000187377
0.173828	0.673828	0.00145838
0.181641	0.689453	0.00170452
0.263672	0.779297	0.00242165
0.677734	0.779297	0.0031638
0.791016	0.455078	0.00286688
0.431641	0.810547	-0.00275304
0.501953	0.810547	-0.00285238
0.138672	0.392578	-4.19704e-05
0.134766	0.458984	-9.89439e-05
0.134766	0.462891	-7.09709e-05
0.134766	0.466797	-6.59059e-05
0.134766	0.470703	-8.34982e-05
0.291016	0.794922	0.00202119
0.318359	0.806641	0.00174189
0.201172	0.240234	-0.00281201
0.505859	0.830078	0.00117567
0.314453	0.783203	-0.00337935
0.587891	0.794922	-0.00351826
0.294922	0.142578	-0.000185306
0.134766	0.455078	-0.000149358
0.134766	0.474609	-0.000122965
0.283203	0.791016	0.00203989
0.263672	0.173828	-0.00289552
0.341797	0.814453	0.00146275
0.208984	0.228516	-0.00290237
0.396484	0.826172	0.00116091
0.775391	0.658203	0.00281623
0.783203	0.634766	0.00264822
0.794922	0.576172	0.00236072
0.537109	0.806641	-0.00285929
0.576172	0.240234	0.00382983
0.224609	0.189453	0.00146901
0.220703	0.193359	0.00157245
0.216797	0.197266	0.00151711
0.162109	0.287109	0.000487208
0.154297	0.376953	-0.00124719
0.431641	0.830078	0.000992426
0.173828	0.626953	-0.00224283
0.169922	0.615234	-0.00204554
0.150391	0.412109	-0.00117914
0.201172	0.685547	-0.00320085
0.150391	0.509766	-0.00120759
0.333984	0.791016	-0.00303933
0.345703	0.794922	-0.00290669
0.779297	0.408203	0.00310533
0.787109	0.435547	0.0028155
0.396484	0.806641	-0.00261281
0.302734	0.150391	-0.00254868
0.134766	0.451172	-0.000221255
0.134766	0.478516	-0.000183366
0.298828	0.798828	0.00173531
0.611328	0.810547	0.00179776
0.650391	0.794922	0.00233287
0.158203	0.568359	-0.00149539
0.154297	0.544922	-0.00135277
0.611328	0.787109	-0.0035761
0.794922	0.478516	0.00235567
0.427734	0.810547	-0.00244176
0.505859	0.810547	-0.00255331
0.294922	0.154297	-0.00245982
0.169922	0.267578	0.000567149
0.201172	0.720703	0.00203621
0.251953	0.771484	0.00227872
0.373047	0.822266	0.00109818
0.583984	0.818359	0.00147944
0.158203	0.353516	-0.00127945
0.658203	0.791016	0.00244708
0.271484	0.154297	0.000230517
0.228516	0.185547	0.00122358
0.212891	0.201172	0.00132943
0.181641	0.244141	0.000758388
0.154297	0.310547	0.000148886
0.134766	0.447266	-0.000313605
0.134766	0.482422	-0.000264134
0.791016	0.603516	0.0021547
0.783203	0.419922	0.00273704
0.521484	0.236328	0.00350364
0.525391	0.236328	0.00353581
0.529297	0.236328	0.00352361
0.533203	0.236328	0.00346746
0.146484	0.341797	-8.42336e-05
0.142578	0.568359	1.01612e-05
0.169922	0.666016	0.000961172
0.189453	0.259766	-0.00208693
0.185547	0.267578	-0.00196739
0.623047	0.806641	0.00178814
0.509766	0.830078	0.000903805
0.763672	0.685547	0.00271921
0.283203	0.767578	-0.00335383
0.775391	0.396484	0.00299813
0.626953	0.251953	0.00367491
0.517578	0.236328	0.00342736
0.537109	0.236328	0.00336798
0.310547	0.146484	-0.00257506
0.185547	0.697266	0.0014274
0.275391	0.787109	0.00176275
0.642578	0.798828	0.00195578
0.544922	0.826172	0.00102157
0.150391	0.408203	-0.000862908
0.767578	0.677734	0.00256782
0.576172	0.798828	-0.00282297
0.599609	0.244141	0.00339614
0.158203	0.634766	0.000497643
0.134766	0.443359	-0.000425775
0.134766	0.486328	-0.000365177
0.599609	0.814453	0.001385
0.666016	0.787109	0.00228375
0.427734	0.830078	0.000699513
0.162109	0.587891	-0.00140858
0.177734	0.638672	-0.00203016
0.150391	0.513672	-0.000896751
0.322266	0.787109	-0.00269149
0.794922	0.580078	0.00189237
0.560547	0.802734	-0.00254775
0.423828	0.810547	-0.00209728
0.509766	0.810547	-0.00222248
0.580078	0.240234	0.00323627
0.767578	0.599609	-0.0035635
0.474609	0.240234	0.00356675
0.771484	0.576172	-0.00347336
0.513672	0.236328	0.0033076
0.541016	0.236328	0.00322528
0.287109	0.158203	-0.00213073
0.138672	0.541016	-0.000230744
0.162109	0.646484	0.000574786
0.224609	0.748047	0.00228696
0.228516	0.751953	0.00224067
0.248047	0.185547	-0.00267202
0.220703	0.212891	-0.00265574
0.169922	0.306641	-0.00136857
0.166016	0.603516	-0.00146696
0.357422	0.798828	-0.00232473
0.791016	0.451172	0.00217272
0.615234	0.248047	0.00335965
0.150391	0.607422	0.000147444
0.220703	0.744141	0.00219616
0.193359	0.251953	-0.00193592
0.173828	0.294922	-0.00137667
0.162109	0.333984	-0.00104179
0.568359	0.822266	0.000953491
0.759766	0.693359	0.00257378
0.763672	0.369141	0.00308481
0.373047	0.802734	-0.00216869
0.630859	0.779297	-0.00333062
0.794922	0.474609	0.00189044
0.541016	0.806641	-0.00225861
0.638672	0.255859	0.00343891
0.544922	0.236328	0.00303887
0.509766	0.236328	0.00314457
0.232422	0.181641	0.000838813
0.208984	0.205078	0.00100722
0.142578	0.361328	-0.000385047
0.138672	0.388672	-0.000475265
0.134766	0.439453	-0.000557875
0.134766	0.490234	-0.000486889
0.306641	0.802734	0.00119071
0.181641	0.275391	-0.0015853
0.513672	0.830078	0.00060432
0.787109	0.623047	0.00186242
0.767578	0.376953	0.00287531
0.392578	0.806641	-0.00199232
0.759766	0.630859	-0.00351467
0.771484	0.482422	-0.00345619
0.216797	0.740234	0.00196953
0.232422	0.755859	0.00205514
0.392578	0.826172	0.000590863
0.771484	0.669922	0.00213366
0.755859	0.642578	-0.00353499
0.767578	0.458984	-0.00354839
0.302734	0.138672	-0.000870835
0.353516	0.818359	0.000675658
0.154297	0.373047	-0.000683421
0.154297	0.548828	-0.00080408
0.189453	0.666016	-0.0020901
0.759766	0.361328	0.00300588
0.646484	0.771484	-0.00339878
0.419922	0.810547	-0.00172028
0.513672	0.810547	-0.00185989
0.548828	0.236328	0.00280812
0.505859	0.236328	0.00293826
0.166016	0.318359	-0.00093584
0.685547	0.775391	0.00223448
0.423828	0.830078	0.000378641
0.736328	0.728516	0.0026856
0.150391	0.404297	-0.000520207
0.748047	0.712891	0.00250357
0.623047	0.783203	-0.00288691
0.748047	0.662109	-0.00354302
0.166016	0.275391	-2.68654e-05
0.154297	0.623047	4.04559e-05
0.134766	0.435547	-0.000710684
0.134766	0.494141	-0.000629904
0.701172	0.763672	0.0025166
0.185547	0.658203	-0.00185364
0.193359	0.673828	-0.00206611
0.150391	0.517578	-0.00056063
0.205078	0.693359	-0.00244133
0.787109	0.431641	0.00191691
0.603516	0.791016	-0.00253431
0.591797	0.794922	-0.00240999
0.470703	0.240234	0.00295567
0.771484	0.580078	-0.00295516
0.267578	0.169922	-0.00188929
0.193359	0.224609	0.000522465
0.236328	0.759766	0.00173026
0.216797	0.216797	-0.00211114
0.205078	0.232422	-0.00187895
0.634766	0.802734	0.00132971
0.158203	0.572266	-0.000776026
0.779297	0.650391	0.00173984
0.771484	0.384766	0.00238882
0.794922	0.583984	0.00138826
0.759766	0.427734	-0.00352808
0.501953	0.236328	0.00268852
0.251953	0.166016	0.000111455
0.146484	0.591797	-0.000297785
0.212891	0.736328	0.00160778
0.251953	0.181641	-0.002127
0.673828	0.783203	0.00183447
0.548828	0.826172	0.000450573
0.275391	0.763672	-0.00260049
0.783203	0.638672	0.00155651
0.791016	0.607422	0.0014146
0.748047	0.341797	0.00310911
0.763672	0.619141	-0.00297467
0.583984	0.240234	0.00259729
0.451172	0.244141	0.00301878
0.552734	0.236328	0.00253281
0.771484	0.478516	-0.00293923
0.326172	0.810547	0.000606042
0.158203	0.349609	-0.000533123
0.517578	0.830078	0.000276573
0.755859	0.701172	0.00212675
0.794922	0.470703	0.00138935
0.798828	0.521484	0.00118394
0.798828	0.525391	0.00121936
0.798828	0.529297	0.00121918
0.798828	0.533203	0.00118368
0.404297	0.259766	0.00351877
0.767578	0.603516	-0.00277721
0.755859	0.416016	-0.00356471
0.279297	0.162109	-0.00159138
0.185547	0.236328	0.000270796
0.166016	0.658203	0.000232983
0.134766	0.498047	-0.00079481
0.197266	0.716797	0.00108479
0.255859	0.775391	0.00134853
0.267578	0.783203	0.00117567
0.197266	0.244141	-0.00148541
0.369141	0.822266	0.000322667
0.302734	0.779297	-0.00213925
0.341797	0.794922	-0.00175715
0.779297	0.404297	0.00189016
0.654297	0.767578	-0.00299874
0.658203	0.263672	0.00293403
0.544922	0.806641	-0.00162337
0.517578	0.810547	-0.00146524
0.798828	0.537109	0.00111366
0.603516	0.244141	0.00251624
0.423828	0.251953	0.00314545
0.263672	0.158203	-0.00023527
0.205078	0.208984	0.000532357
0.138672	0.544922	-0.000673592
0.134766	0.431641	-0.000885304
0.189453	0.705078	0.000867146
0.177734	0.283203	-0.000942343
0.587891	0.818359	0.000568534
0.181641	0.650391	-0.00137059
0.212891	0.705078	-0.00231658
0.294922	0.775391	-0.00216845
0.330078	0.791016	-0.00174855
0.755859	0.353516	0.00262499
0.791016	0.447266	0.00144009
0.685547	0.279297	0.00314316
0.564453	0.802734	-0.00172521
0.666016	0.267578	0.0029351
0.416016	0.810547	-0.00131047
0.736328	0.685547	-0.00331851
0.798828	0.517578	0.00111323
0.751953	0.654297	-0.00301018
0.435547	0.248047	0.00289384
0.498047	0.236328	0.00239394
0.775391	0.525391	-0.00249359
0.775391	0.529297	-0.00251525
0.775391	0.533203	-0.00249615
0.236328	0.177734	0.000296204
0.150391	0.322266	-0.000615658
0.142578	0.572266	-0.000608884
0.337891	0.814453	0.000379479
0.419922	0.830078	2.88199e-05
0.150391	0.400391	-0.000150173
0.263672	0.755859	-0.00246014
0.783203	0.416016	0.00166263
0.388672	0.806641	-0.00133635
0.580078	0.798828	-0.00184327
0.650391	0.259766	0.00262481
0.798828	0.541016	0.00100968
0.763672	0.439453	-0.00297883
0.556641	0.236328	0.00221326
0.775391	0.521484	-0.00243142
0.775391	0.537109	-0.00243619
0.275391	0.423828	0.00372877
0.271484	0.455078	0.00370459
0.271484	0.490234	0.00382029
0.169922	0.619141	-0.000913144
0.173828	0.630859	-0.000990829
0.150391	0.521484	-0.000198662
0.197266	0.681641	-0.00177187
0.775391	0.662109	0.0014298
0.310547	0.783203	-0.00183069
0.615234	0.787109	-0.00218816
0.798828	0.513672	0.00100775
0.630859	0.251953	0.002424
0.767578	0.455078	-0.00276701
0.771484	0.583984	-0.0023941
0.775391	0.517578	-0.00232896
0.775391	0.541016	-0.00233536
0.552734	0.263672	-0.00369696
0.505859	0.263672	-0.00389308
0.599609	0.470703	-0.00276438
0.138672	0.384766	-0.000934044
0.369141	0.802734	-0.00131882
0.798828	0.544922	0.000871607
0.619141	0.248047	0.00227252
0.240234	0.763672	0.00126872
0.314453	0.806641	0.000390964
0.388672	0.826172	-9.87062e-06
0.615234	0.810547	0.000605939
0.154297	0.369141	-9.14246e-05
0.697266	0.767578	0.00181984
0.162109	0.591797	-0.00052857
0.740234	0.724609	0.00202106
0.154297	0.552734	-0.000228524
0.353516	0.798828	-0.00130793
0.740234	0.330078	0.00274841
0.677734	0.751953	-0.00309972
0.798828	0.509766	0.000867781
0.466797	0.240234	0.00229918
0.771484	0.474609	-0.00237988
0.775391	0.544922	-0.00219365
0.775391	0.513672	-0.00218623
0.271484	0.451172	0.00341842
0.271484	0.494141	0.00356042
0.134766	0.501953	-0.00098245
0.208984	0.732422	0.00111276
0.572266	0.822266	0.000184221
0.521484	0.830078	-7.99994e-05
0.287109	0.771484	-0.00190748
0.775391	0.392578	0.00163627
0.794922	0.587891	0.000848366
0.673828	0.271484	0.00261034
0.412109	0.255859	0.00284377
0.751953	0.404297	-0.00306626
0.494141	0.236328	0.00205491
0.287109	0.380859	0.00359228
0.599609	0.271484	-0.00359217
0.501953	0.263672	-0.00357241
0.146484	0.337891	-0.000893407
0.134766	0.427734	-0.00108302
0.232422	0.728516	-0.00242569
0.236328	0.732422	-0.00250786
0.240234	0.736328	-0.00245253
0.787109	0.626953	0.000910823
0.697266	0.287109	0.00279575
0.521484	0.810547	-0.00103812
0.798828	0.548828	0.000698676
0.759766	0.634766	-0.00233818
0.587891	0.240234	0.00191173
0.560547	0.236328	0.00185008
0.775391	0.548828	-0.00201106
0.474609	0.267578	-0.0037108
0.556641	0.263672	-0.0033436
0.255859	0.177734	-0.00144523
0.212891	0.220703	-0.0014384
0.794922	0.466797	0.000852376
0.412109	0.810547	-0.000866497
0.798828	0.505859	0.00069304
0.775391	0.509766	-0.00200308
0.279297	0.404297	0.00327638
0.279297	0.541016	0.00371518
0.158203	0.294922	-0.000692541
0.142578	0.357422	-0.00102942
0.162109	0.330078	-0.000124245
0.603516	0.814453	0.000319039
0.166016	0.607422	-0.000446941
0.228516	0.724609	-0.00220652
0.244141	0.740234	-0.00225897
0.447266	0.244141	0.00211897
0.583984	0.267578	-0.00325069
0.271484	0.447266	0.00307671
0.271484	0.498047	0.00324515
0.626953	0.806641	0.000465693
0.416016	0.830078	-0.000350848
0.150391	0.396484	0.000246936
0.642578	0.255859	0.00201996
0.755859	0.646484	-0.00219752
0.373047	0.275391	0.00312244
0.767578	0.607422	-0.00194705
0.775391	0.552734	-0.0017878
0.275391	0.419922	0.00299304
0.275391	0.525391	0.00333889
0.498047	0.263672	-0.00319949
0.552734	0.826172	-0.000151484
0.150391	0.525391	0.000189069
0.318359	0.787109	-0.00125248
0.791016	0.611328	0.000636418
0.787109	0.427734	0.000977653
0.662109	0.763672	-0.00229654
0.548828	0.806641	-0.000953032
0.798828	0.552734	0.00049009
0.732422	0.693359	-0.00260849
0.763672	0.623047	-0.0019526
0.771484	0.587891	-0.00179112
0.490234	0.236328	0.00167251
0.634766	0.283203	-0.0034012
0.775391	0.505859	-0.00177946
0.443359	0.275391	-0.00366366
0.560547	0.263672	-0.00293786
0.134766	0.505859	-0.00119338
0.177734	0.685547	-5.20357e-06
0.287109	0.794922	0.000310631
0.169922	0.302734	-0.000178088
0.158203	0.576172	-2.7157e-05
0.177734	0.642578	-0.000648924
0.751953	0.708984	0.00137233
0.751953	0.345703	0.00193821
0.798828	0.501953	0.000482859
0.607422	0.244141	0.00158915
0.361328	0.283203	0.00319892
0.759766	0.423828	-0.00235961
0.564453	0.236328	0.00144314
0.154297	0.306641	-0.000943705
0.150391	0.611328	-0.000772016
0.134766	0.423828	-0.00130508
0.138672	0.548828	-0.00114142
0.173828	0.677734	-0.000154707
0.654297	0.794922	0.000665984
0.681641	0.779297	0.00109233
0.224609	0.720703	-0.00185154
0.248047	0.744141	-0.00192834
0.384766	0.806641	-0.000643942
0.634766	0.779297	-0.00168846
0.595703	0.794922	-0.0012614
0.767578	0.451172	-0.00194196
0.271484	0.443359	0.00268016
0.271484	0.501953	0.00287439
0.201172	0.212891	-8.40242e-05
0.294922	0.798828	0.000130755
0.349609	0.818359	-0.000280625
0.158203	0.345703	0.000246143
0.201172	0.689453	-0.00119359
0.767578	0.681641	0.000912618
0.791016	0.443359	0.000669056
0.642578	0.775391	-0.00175163
0.724609	0.705078	-0.00251912
0.771484	0.470703	-0.0017779
0.294922	0.361328	0.00304638
0.775391	0.556641	-0.0015242
0.615234	0.275391	-0.00294674
0.431641	0.279297	-0.00351301
0.455078	0.271484	-0.00320192
0.298828	0.150391	-0.000803622
0.271484	0.166016	-0.00077459
0.162109	0.283203	-0.000853464
0.244141	0.767578	0.000675851
0.662109	0.791016	0.000670542
0.525391	0.830078	-0.000465877
0.208984	0.701172	-0.00137762
0.763672	0.689453	0.000946507
0.267578	0.759766	-0.00152991
0.607422	0.791016	-0.00124693
0.673828	0.755859	-0.00225648
0.568359	0.802734	-0.000866235
0.798828	0.556641	0.000245362
0.525391	0.810547	-0.000578121
0.755859	0.412109	-0.0022388
0.462891	0.240234	0.001597
0.763672	0.435547	-0.00196298
0.775391	0.501953	-0.00151519
0.470703	0.267578	-0.00296186
0.494141	0.263672	-0.00277455
0.310547	0.134766	-0.00248036
0.240234	0.173828	-0.000378798
0.158203	0.638672	-0.000671597
0.205078	0.728516	0.000487463
0.279297	0.791016	0.000215084
0.201172	0.236328	-0.000733703
0.173828	0.291016	-5.7241e-05
0.166016	0.314453	0.000129738
0.646484	0.798828	0.000393794
0.744141	0.720703	0.00122597
0.279297	0.767578	-0.00134563
0.767578	0.373047	0.00124839
0.763672	0.365234	0.00134368
0.744141	0.333984	0.00190773
0.794922	0.591797	0.000271637
0.681641	0.275391	0.00195559
0.408203	0.810547	-0.000387374
0.798828	0.498047	0.000237552
0.744141	0.673828	-0.00203679
0.748047	0.666016	-0.00192382
0.431641	0.248047	0.00179188
0.298828	0.353516	0.00296396
0.291016	0.369141	0.00278295
0.291016	0.154297	-0.000615137
0.306641	0.146484	-0.000801777
0.181641	0.693359	-0.000117989
0.365234	0.822266	-0.000487369
0.185547	0.263672	-0.000295906
0.783203	0.642578	0.000423311
0.626953	0.783203	-0.00135248
0.583984	0.798828	-0.000825207
0.392578	0.263672	0.0022167
0.419922	0.251953	0.00188006
0.591797	0.240234	0.00117876
0.486328	0.236328	0.00124698
0.283203	0.388672	0.00252917
0.603516	0.271484	-0.00258109
0.564453	0.263672	-0.00247972
0.138672	0.380859	-0.00142052
0.146484	0.595703	-0.00109271
0.693359	0.771484	0.000995931
0.154297	0.556641	0.000374108
0.771484	0.673828	0.000592097
0.779297	0.654297	0.000463985
0.365234	0.802734	-0.000431048
0.794922	0.462891	0.000278999
0.693359	0.283203	0.00195143
0.697266	0.736328	-0.00247559
0.701172	0.732422	-0.0025684
0.705078	0.728516	-0.00252283
0.732422	0.365234	-0.00274622
0.775391	0.560547	-0.00122018
0.626953	0.279297	-0.00270831
0.587891	0.267578	-0.0024686
0.291016	0.576172	0.00337582
0.283203	0.556641	0.00305241
0.271484	0.505859	0.00244871
0.173828	0.255859	-0.000756164
0.162109	0.650391	-0.000716155
0.134766	0.509766	-0.00142767
0.259766	0.779297	0.000290854
0.189453	0.255859	-0.000310397
0.384766	0.826172	-0.000642141
0.154297	0.365234	0.000529759
0.220703	0.716797	-0.00136404
0.251953	0.748047	-0.00146295
0.337891	0.794922	-0.000566275
0.650391	0.771484	-0.00153037
0.740234	0.681641	-0.00184055
0.462891	0.814453	-0.000161868
0.466797	0.814453	-0.000183197
0.470703	0.814453	-0.000173181
0.400391	0.259766	0.00196258
0.568359	0.236328	0.000992052
0.775391	0.498047	-0.00121016
0.275391	0.416016	0.00220115
0.275391	0.529297	0.00257185
0.271484	0.439453	0.00222889
0.302734	0.443359	-0.00370304
0.595703	0.462891	-0.00216648
0.142578	0.576172	-0.00125488
0.134766	0.419922	-0.00155198
0.169922	0.669922	-0.000553676
0.412109	0.830078	-0.00076092
0.150391	0.392578	0.000670666
0.150391	0.529297	0.000601999
0.771484	0.380859	0.000873891
0.783203	0.412109	0.000545928
0.724609	0.310547	0.0020812
0.720703	0.306641	0.00215995
0.716797	0.302734	0.00209709
0.693359	0.740234	-0.002245
0.798828	0.560547	-3.5695e-05
0.708984	0.724609	-0.00233784
0.623047	0.248047	0.00113691
0.458984	0.814453	-0.000109163
0.474609	0.814453	-0.000131903
0.384766	0.267578	0.00215802
0.771484	0.591797	-0.00114525
0.310547	0.333984	0.00280938
0.279297	0.400391	0.00224618
0.279297	0.544922	0.00270739
0.259766	0.173828	-0.000633245
0.189453	0.228516	-0.000538781
0.193359	0.712891	1.27472e-05
0.208984	0.224609	-0.00063232
0.181641	0.271484	-2.11651e-05
0.591797	0.818359	-0.000377234
0.759766	0.697266	0.000683413
0.759766	0.357422	0.00114639
0.779297	0.400391	0.000631654
0.634766	0.251953	0.00112436
0.751953	0.658203	-0.00151043
0.478516	0.814453	-5.93251e-05
0.345703	0.294922	0.00285181
0.744141	0.384766	-0.00213332
0.748047	0.392578	-0.00200433
0.666016	0.298828	-0.00282937
0.490234	0.263672	-0.00229777
0.177734	0.248047	-0.000816518
0.154297	0.626953	-0.00101747
0.302734	0.802734	-0.000306492
0.669922	0.787109	0.000395349
0.146484	0.458984	0.000841177
0.146484	0.462891	0.000840019
0.728516	0.314453	0.00186284
0.798828	0.494141	-4.32056e-05
0.455078	0.814453	-2.49669e-05
0.767578	0.611328	-0.00107223
0.724609	0.353516	-0.00266756
0.302734	0.345703	0.00252474
0.287109	0.376953	0.00218277
0.306641	0.419922	-0.0034145
0.169922	0.263672	-0.00100525
0.576172	0.822266	-0.000617922
0.716797	0.751953	0.00114509
0.720703	0.748047	0.00123255
0.724609	0.744141	0.00118321
0.162109	0.595703	0.000384881
0.189453	0.669922	-0.000367835
0.146484	0.455078	0.000866428
0.146484	0.466797	0.000863173
0.326172	0.791016	-0.00041512
0.349609	0.798828	-0.000251588
0.712891	0.298828	0.00189166
0.552734	0.806641	-0.000246913
0.662109	0.263672	0.0012223
0.482422	0.814453	4.47937e-05
0.443359	0.244141	0.00117237
0.677734	0.306641	-0.00276404
0.771484	0.466797	-0.00113323
0.775391	0.564453	-0.000875303
0.412109	0.287109	-0.00299805
0.287109	0.568359	0.00275329
0.568359	0.263672	-0.00196952
0.318359	0.384766	-0.00355783
0.302734	0.501953	-0.0034884
0.314453	0.142578	-0.0015493
0.283203	0.146484	-0.00141253
0.638672	0.802734	-0.000131099
0.185547	0.662109	-0.00023402
0.146484	0.451172	0.000915438
0.146484	0.470703	0.000910543
0.619141	0.787109	-0.000757923
0.689453	0.744141	-0.00187722
0.712891	0.720703	-0.00201315
0.529297	0.810547	-8.47518e-05
0.451172	0.814453	9.09573e-05
0.759766	0.638672	-0.00111483
0.365234	0.279297	0.00219369
0.322266	0.318359	0.00268585
0.482422	0.236328	0.000777445
0.775391	0.494141	-0.000864409
0.271484	0.509766	0.00196887
0.419922	0.685547	0.00344712
0.302734	0.439453	-0.00318472
0.439453	0.689453	0.00342983
0.283203	0.158203	-0.000202981
0.556641	0.826172	-0.000785028
0.529297	0.830078	-0.000881516
0.712891	0.755859	0.000921223
0.728516	0.740234	0.00099766
0.169922	0.623047	0.000256619
0.787109	0.630859	-8.29856e-05
0.654297	0.259766	0.00103518
0.408203	0.255859	0.00140898
0.740234	0.376953	-0.00195444
0.751953	0.400391	-0.00157753
0.404297	0.291016	-0.00293281
0.419922	0.283203	-0.00272035
0.439453	0.275391	-0.00244956
0.302734	0.599609	0.00312053
0.466797	0.267578	-0.00215887
0.271484	0.435547	0.0017232
0.501953	0.689453	0.0037271
0.595703	0.458984	-3.25541e-05
0.255859	0.162109	-0.00101122
0.271484	0.787109	-0.000182086
0.322266	0.810547	-0.000647745
0.333984	0.814453	-0.000742539
0.193359	0.248047	-4.38538e-05
0.146484	0.447266	0.000988076
0.146484	0.474609	0.000981902
0.791016	0.615234	-0.00018148
0.732422	0.318359	0.00150618
0.380859	0.806641	8.53197e-05
0.404297	0.810547	0.000126353
0.798828	0.564453	-0.000353246
0.669922	0.267578	0.00109609
0.728516	0.701172	-0.0015724
0.447266	0.814453	0.000238774
0.486328	0.814453	0.00018065
0.763672	0.626953	-0.000884869
0.376953	0.271484	0.00177403
0.349609	0.291016	0.00235356
0.458984	0.240234	0.000848724
0.767578	0.447266	-0.00107283
0.451172	0.271484	-0.00216909
0.310547	0.404297	-0.00304402
0.310547	0.537109	-0.00360794
0.134766	0.513672	-0.00168528
0.232422	0.197266	-0.000743088
0.228516	0.201172	-0.000673437
0.298828	0.779297	-0.000434378
0.794922	0.595703	-0.000343602
0.708984	0.294922	0.00154368
0.611328	0.244141	0.000613958
0.572266	0.236328	0.000496735
0.646484	0.287109	-0.00206993
0.486328	0.263672	-0.00176907
0.291016	0.142578	-0.00173452
0.275391	0.150391	-0.00138705
0.138672	0.552734	-0.00163418
0.185547	0.701172	-0.000504625
0.236328	0.193359	-0.000677083
0.173828	0.634766	0.000301153
0.193359	0.677734	-0.000237611
0.775391	0.666016	-7.82505e-07
0.146484	0.443359	0.00108442
0.146484	0.478516	0.00107714
0.255859	0.751953	-0.000865726
0.787109	0.423828	-2.34128e-06
0.791016	0.439453	-0.00014068
0.669922	0.759766	-0.0012868
0.798828	0.490234	-0.000359686
0.736328	0.689453	-0.00132855
0.759766	0.419922	-0.00114395
0.591797	0.267578	-0.00163337
0.330078	0.361328	-0.00328432
0.150391	0.318359	-0.00157584
0.142578	0.353516	-0.00170286
0.134766	0.416016	-0.00182349
0.248047	0.771484	-4.44047e-05
0.162109	0.326172	0.000829072
0.158203	0.580078	0.000751332
0.181641	0.654297	0.000149813
0.216797	0.712891	-0.000749332
0.306641	0.783203	-0.000237756
0.775391	0.388672	0.000229832
0.748047	0.337891	0.000937439
0.658203	0.767578	-0.00101346
0.490234	0.814453	0.000348531
0.595703	0.240234	0.000399762
0.705078	0.330078	-0.00259599
0.701172	0.326172	-0.00260773
0.775391	0.568359	-0.000489026
0.654297	0.291016	-0.00196676
0.638672	0.283203	-0.00183858
0.619141	0.275391	-0.00170218
0.275391	0.533203	0.00174847
0.314453	0.392578	-0.00288141
0.314453	0.548828	-0.00348907
0.302734	0.505859	-0.00293782
0.240234	0.189453	-0.000477341
0.224609	0.205078	-0.000466728
0.177734	0.279297	0.000516408
0.619141	0.810547	-0.000624335
0.408203	0.830078	-0.0012018
0.150391	0.388672	0.00112017
0.732422	0.736328	0.000675753
0.166016	0.611328	0.000608369
0.150391	0.533203	0.00104066
0.291016	0.775391	-0.000349705
0.794922	0.458984	-0.000331652
0.572266	0.802734	2.94372e-05
0.716797	0.716797	-0.00154916
0.443359	0.814453	0.000418473
0.755859	0.650391	-0.000812682
0.318359	0.322266	0.00212915
0.708984	0.333984	-0.00243608
0.697266	0.322266	-0.00247035
0.763672	0.431641	-0.00090117
0.771484	0.595703	-0.000455914
0.607422	0.271484	-0.00151614
0.275391	0.412109	0.00135348
0.427734	0.279297	-0.00211077
0.572266	0.263672	-0.00140753
0.376953	0.669922	0.00303292
0.404297	0.681641	0.00283534
0.306641	0.525391	-0.00298274
0.302734	0.435547	-0.00260047
0.435547	0.689453	0.002812
0.505859	0.689453	0.00314153
0.201172	0.724609	-0.00026585
0.708984	0.759766	0.000562237
0.146484	0.439453	0.00120448
0.146484	0.482422	0.00119628
0.755859	0.349609	0.000646602
0.685547	0.748047	-0.00137313
0.775391	0.490234	-0.000477557
0.384766	0.302734	-0.00280253
0.357422	0.658203	0.00311556
0.271484	0.513672	0.00143496
0.384766	0.673828	0.00293523
0.306641	0.416016	-0.00248577
0.197266	0.216797	-0.000839937
0.146484	0.333984	-0.00172536
0.607422	0.814453	-0.000784947
0.154297	0.560547	0.00100371
0.748047	0.716797	0.000300555
0.205078	0.697266	-0.000319685
0.271484	0.763672	-0.000472917
0.689453	0.279297	0.000972807
0.599609	0.794922	-7.15643e-05
0.646484	0.255859	0.000551595
0.712891	0.337891	-0.00213014
0.396484	0.294922	-0.00251078
0.283203	0.560547	0.001797
0.279297	0.548828	0.00164253
0.271484	0.431641	0.00116406
0.158203	0.341797	0.00105682
0.755859	0.705078	0.000119336
0.736328	0.322266	0.00101176
0.607422	0.490234	-0.00340265
0.494141	0.814453	0.000548588
0.353516	0.287109	0.00170943
0.427734	0.248047	0.000640984
0.728516	0.357422	-0.00172089
0.736328	0.369141	-0.00146021
0.693359	0.318359	-0.00218392
0.306641	0.337891	0.00172747
0.478516	0.236328	0.000263248
0.771484	0.462891	-0.00044601
0.283203	0.384766	0.00125616
0.537109	0.681641	0.00334004
0.181641	0.240234	-0.0011512
0.138672	0.376953	-0.00193629
0.166016	0.662109	-0.00118759
0.154297	0.361328	0.00118067
0.689453	0.775391	4.73938e-05
0.146484	0.435547	0.00134826
0.705078	0.291016	0.00105381
0.798828	0.568359	-0.000707609
0.533203	0.810547	0.000442308
0.439453	0.814453	0.000629766
0.755859	0.408203	-0.000865093
0.673828	0.302734	-0.00181606
0.279297	0.396484	0.00115987
0.603516	0.478516	-0.00274982
0.369141	0.666016	0.00272483
0.416016	0.685547	0.00246788
0.435547	0.654297	-0.00358374
0.380859	0.826172	-0.00130763
0.677734	0.783203	-0.000166386
0.146484	0.486328	0.00133928
0.677734	0.271484	0.00064285
0.798828	0.486328	-0.000712112
0.576172	0.236328	-4.34356e-05
0.294922	0.357422	0.00130589
0.630859	0.279297	-0.00127954
0.349609	0.333984	-0.00291894
0.462891	0.267578	-0.00130175
0.341797	0.646484	0.00294052
0.482422	0.263672	-0.00118847
0.392578	0.677734	0.00244047
0.302734	0.509766	-0.00232066
0.525391	0.685547	0.00293141
0.166016	0.271484	-0.00150833
0.134766	0.517578	-0.00196592
0.310547	0.806641	-0.00100078
0.244141	0.185547	-0.000140998
0.220703	0.208984	-0.000124093
0.533203	0.830078	-0.00132721
0.361328	0.802734	0.000496396
0.587891	0.798828	0.000231991
0.400391	0.810547	0.000673763
0.416016	0.251953	0.000564876
0.662109	0.294922	-0.00152181
0.775391	0.572266	-6.09415e-05
0.291016	0.365234	0.00118042
0.294922	0.587891	0.00191788
0.291016	0.580078	0.00178377
0.306641	0.607422	0.00229106
0.556641	0.673828	0.00341706
0.611328	0.505859	-0.00357922
0.419922	0.650391	-0.00345564
0.244141	0.169922	-0.001162
0.361328	0.822266	-0.00133183
0.736328	0.732422	0.000217316
0.314453	0.787109	0.000230709
0.611328	0.791016	8.25561e-05
0.556641	0.806641	0.000495452
0.767578	0.615234	-0.000152748
0.716797	0.341797	-0.00168039
0.775391	0.486328	-4.95435e-05
0.369141	0.314453	-0.00264519
0.318359	0.623047	0.00252874
0.525391	0.259766	-0.000805732
0.529297	0.259766	-0.000814506
0.302734	0.431641	-0.00195009
0.431641	0.689453	0.00212464
0.564453	0.669922	0.0034525
0.509766	0.689453	0.00248471
0.466797	0.658203	-0.00324134
0.470703	0.658203	-0.00328322
0.591797	0.455078	-0.000992945
0.345703	0.818359	-0.00127397
0.197266	0.685547	0.000166668
0.283203	0.771484	2.72215e-05
0.720703	0.712891	-0.000946254
0.498047	0.814453	0.00078097
0.369141	0.275391	0.00105487
0.439453	0.244141	0.000179184
0.455078	0.240234	5.37831e-05
0.689453	0.314453	-0.00175022
0.333984	0.353516	-0.0024018
0.576172	0.263672	-0.000793632
0.521484	0.259766	-0.000745928
0.533203	0.259766	-0.000772431
0.310547	0.541016	-0.00241645
0.408203	0.646484	-0.00325659
0.505859	0.654297	-0.00347365
0.462891	0.658203	-0.00311095
0.474609	0.658203	-0.00323614
0.263672	0.169922	0.000304376
0.275391	0.162109	0.000440748
0.134766	0.412109	-0.00211886
0.150391	0.615234	-0.00172302
0.205078	0.228516	0.000311889
0.169922	0.298828	0.00105224
0.630859	0.806641	-0.000897216
0.705078	0.763672	6.95289e-05
0.146484	0.431641	0.0015159
0.146484	0.490234	0.00150582
0.466797	0.833984	-0.00156025
0.470703	0.833984	-0.00155126
0.474609	0.833984	-0.00156956
0.681641	0.751953	-0.000734452
0.435547	0.814453	0.000872797
0.626953	0.248047	-4.65908e-05
0.314453	0.326172	0.00142338
0.345703	0.337891	-0.00248338
0.271484	0.517578	0.00084623
0.322266	0.373047	-0.0021191
0.310547	0.400391	-0.00183485
0.537109	0.259766	-0.000679666
0.318359	0.560547	-0.00259107
0.548828	0.677734	0.00295191
0.478516	0.658203	-0.00309981
0.197266	0.240234	0.000525166
0.177734	0.646484	0.000775317
0.462891	0.833984	-0.00159658
0.478516	0.833984	-0.00161526
0.783203	0.646484	-0.000752306
0.767578	0.443359	-0.000159229
0.298828	0.349609	0.00108362
0.595703	0.267578	-0.000744555
0.298828	0.595703	0.00169166
0.435547	0.275391	-0.00117976
0.287109	0.572266	0.0013017
0.447266	0.271484	-0.00108198
0.271484	0.427734	0.000549179
0.345703	0.650391	0.00242138
0.318359	0.380859	-0.00197418
0.517578	0.259766	-0.000635001
0.322266	0.568359	-0.00270908
0.466797	0.693359	0.00188152
0.470703	0.693359	0.0019354
0.474609	0.693359	0.00191954
0.458984	0.658203	-0.00289243
0.267578	0.154297	-0.0016616
0.142578	0.580078	-0.00192892
0.166016	0.310547	0.00123134
0.560547	0.826172	-0.00145044
0.212891	0.708984	-8.69054e-06
0.458984	0.833984	-0.00166053
0.259766	0.755859	-0.000139304
0.794922	0.599609	-0.000998518
0.376953	0.806641	0.000852391
0.638672	0.779297	-1.90132e-06
0.748047	0.669922	-0.000255696
0.521484	0.232422	-0.000406091
0.525391	0.232422	-0.000374617
0.529297	0.232422	-0.000386974
0.275391	0.537109	0.000868669
0.541016	0.259766	-0.000536142
0.306641	0.529297	-0.00201427
0.298828	0.470703	-0.00156299
0.298828	0.474609	-0.0015492
0.462891	0.693359	0.00175761
0.478516	0.693359	0.00183411
0.482422	0.658203	-0.0028742
0.150391	0.537109	0.00150604
0.482422	0.833984	-0.00168866
0.333984	0.794922	0.000667549
0.783203	0.408203	-0.000613087
0.740234	0.326172	0.000380593
0.798828	0.572266	-0.00109872
0.732422	0.697266	-0.000495502
0.388672	0.263672	0.000485686
0.396484	0.259766	0.000356034
0.474609	0.236328	-0.000295742
0.287109	0.373047	0.000717712
0.533203	0.232422	-0.000442742
0.388672	0.298828	-0.0017224
0.373047	0.310547	-0.00210684
0.326172	0.365234	-0.00187533
0.513672	0.259766	-0.000472963
0.267578	0.470703	0.000390489
0.267578	0.474609	0.000403589
0.298828	0.466797	-0.00151138
0.298828	0.478516	-0.00147016
0.431641	0.654297	-0.00274342
0.146484	0.599609	-0.00191631
0.404297	0.830078	-0.00167396
0.150391	0.384766	0.00159513
0.794922	0.455078	-0.000980402
0.701172	0.287109	0.000423857
0.630859	0.783203	0.000224859
0.798828	0.482422	-0.00110083
0.744141	0.677734	-0.000246006
0.599609	0.240234	-0.000424631
0.357422	0.283203	0.000922669
0.771484	0.599609	0.000276864
0.517578	0.232422	-0.000481163
0.275391	0.408203	0.000449652
0.478516	0.263672	-0.000555704
0.361328	0.662109	0.00200842
0.267578	0.466797	0.000323507
0.267578	0.478516	0.00036271
0.306641	0.412109	-0.00149186
0.333984	0.587891	-0.00277807
0.314453	0.552734	-0.00207015
0.302734	0.513672	-0.00163729
0.611328	0.501953	-0.00278479
0.572266	0.666016	0.00304789
0.298828	0.462891	-0.00139397
0.521484	0.650391	-0.00319339
0.458984	0.693359	0.00156373
0.482422	0.693359	0.00167902
0.611328	0.552734	-0.0034189
0.455078	0.658203	-0.00258606
0.298828	0.138672	-0.00228815
0.263672	0.783203	-0.000882772
0.595703	0.818359	-0.00135872
0.580078	0.822266	-0.00145305
0.455078	0.833984	-0.00175268
0.146484	0.427734	0.00170797
0.146484	0.494141	0.00169554
0.779297	0.658203	-0.000857546
0.791016	0.619141	-0.00104045
0.345703	0.798828	0.000844867
0.646484	0.775391	4.72104e-05
0.666016	0.763672	-0.000194101
0.638672	0.251953	-0.000223578
0.501953	0.814453	0.00104574
0.615234	0.244141	-0.000410282
0.759766	0.642578	0.000156518
0.763672	0.630859	0.000229255
0.720703	0.345703	-0.00108879
0.775391	0.576172	0.000409116
0.537109	0.232422	-0.000541325
0.408203	0.287109	-0.0012677
0.416016	0.283203	-0.00112674
0.314453	0.619141	0.0018824
0.544922	0.259766	-0.000341579
0.400391	0.681641	0.00156083
0.326172	0.576172	-0.00241336
0.298828	0.482422	-0.00132574
0.642578	0.572266	0.00356756
0.646484	0.548828	0.00376954
0.591797	0.451172	0.00134874
0.158203	0.291016	-0.00192236
0.138672	0.556641	-0.00215143
0.248047	0.181641	0.000329343
0.216797	0.212891	0.000351303
0.162109	0.599609	0.00132957
0.486328	0.833984	-0.00179016
0.767578	0.369141	-0.00042478
0.779297	0.396484	-0.000670535
0.791016	0.435547	-0.000989901
0.537109	0.810547	0.00100345
0.431641	0.814453	0.00114845
0.751953	0.662109	3.71435e-05
0.748047	0.388672	-0.000346654
0.685547	0.310547	-0.00117135
0.771484	0.458984	0.00028371
0.513672	0.232422	-0.000599251
0.314453	0.388672	-0.00145253
0.267578	0.462891	0.000202956
0.267578	0.482422	0.000268041
0.412109	0.685547	0.00142033
0.302734	0.427734	-0.00123369
0.427734	0.689453	0.00136772
0.583984	0.658203	0.00318487
0.513672	0.689453	0.00175685
0.298828	0.458984	-0.00121048
0.486328	0.658203	-0.0025594
0.134766	0.521484	-0.00226842
0.607422	0.486328	-0.00210478
0.580078	0.236328	-0.000629199
0.775391	0.482422	0.000419848
0.541016	0.232422	-0.000682605
0.611328	0.271484	-0.000397044
0.341797	0.341797	-0.00188434
0.509766	0.259766	-0.000259755
0.541016	0.681641	0.00207342
0.529297	0.685547	0.00190211
0.455078	0.693359	0.00130038
0.541016	0.642578	-0.00313973
0.486328	0.693359	0.00145421
0.509766	0.654297	-0.00260615
0.634766	0.595703	0.00331977
0.220703	0.748047	-0.000504458
0.224609	0.751953	-0.000482526
0.173828	0.287109	0.00130272
0.451172	0.833984	-0.00187351
0.767578	0.685547	-0.000788406
0.787109	0.634766	-0.00111955
0.751953	0.341797	-0.00015905
0.380859	0.267578	0.00029951
0.744141	0.380859	-0.000353464
0.732422	0.361328	-0.000641645
0.623047	0.275391	-0.000403348
0.279297	0.552734	0.000520687
0.580078	0.263672	-0.000127857
0.548828	0.259766	-9.57013e-05
0.267578	0.458984	2.90396e-05
0.267578	0.486328	0.00011989
0.416016	0.650391	-0.00225486
0.298828	0.486328	-0.00111557
0.607422	0.568359	-0.0031942
0.451172	0.658203	-0.0021921
0.646484	0.552734	0.00334386
0.154297	0.302734	-0.00206775
0.189453	0.708984	-0.00117676
0.251953	0.775391	-0.000896159
0.158203	0.583984	0.00155921
0.154297	0.564453	0.0016602
0.763672	0.361328	-0.000444603
0.787109	0.419922	-0.00102353
0.576172	0.802734	0.000962325
0.404297	0.255859	-7.63087e-05
0.759766	0.416016	0.000118506
0.763672	0.427734	0.000206679
0.669922	0.298828	-0.000728397
0.509766	0.232422	-0.00076011
0.400391	0.291016	-0.00106294
0.458984	0.267578	-0.000390701
0.349609	0.654297	0.00173488
0.271484	0.521484	0.000201891
0.376953	0.630859	-0.00258117
0.298828	0.455078	-0.000960995
0.533203	0.646484	-0.00279515
0.626953	0.611328	0.00318704
0.216797	0.744141	-0.000660917
0.228516	0.755859	-0.000596789
0.658203	0.794922	-0.00104461
0.537109	0.830078	-0.00180301
0.740234	0.728516	-0.000374947
0.490234	0.833984	-0.00192019
0.771484	0.376953	-0.000687125
0.396484	0.810547	0.00125516
0.724609	0.708984	-0.000207486
0.740234	0.685547	7.29325e-05
0.751953	0.396484	-3.95884e-05
0.302734	0.341797	0.000505739
0.376953	0.306641	-0.00141196
0.423828	0.279297	-0.000652281
0.302734	0.603516	0.00109497
0.380859	0.673828	0.00127307
0.349609	0.607422	-0.0027145
0.490234	0.693359	0.00115975
0.490234	0.658203	-0.00215571
0.158203	0.642578	-0.0018761
0.146484	0.423828	0.00192452
0.763672	0.693359	-0.000872194
0.146484	0.498047	0.00190821
0.771484	0.677734	-0.000995138
0.322266	0.791016	0.000961989
0.685547	0.275391	-0.000136867
0.505859	0.814453	0.0013421
0.310547	0.330078	0.000570594
0.544922	0.232422	-0.000867053
0.279297	0.392578	1.55539e-05
0.283203	0.564453	0.000483558
0.271484	0.423828	-0.000121237
0.505859	0.259766	4.86182e-06
0.267578	0.490234	-8.18621e-05
0.357422	0.615234	-0.00269104
0.396484	0.642578	-0.00213129
0.298828	0.490234	-0.000839443
0.451172	0.693359	0.000968092
0.548828	0.638672	-0.00295674
0.646484	0.517578	0.00356704
0.134766	0.408203	-0.0024372
0.650391	0.798828	-0.00121057
0.701172	0.767578	-0.000554738
0.623047	0.787109	0.000714705
0.650391	0.287109	-0.000319463
0.330078	0.357422	-0.00123754
0.373047	0.669922	0.00120961
0.267578	0.455078	-0.000198637
0.345703	0.603516	-0.00244466
0.427734	0.654297	-0.00181817
0.611328	0.556641	-0.00260618
0.646484	0.556641	0.00282044
0.197266	0.720703	-0.00114461
0.154297	0.357422	0.0018589
0.169922	0.626953	0.00146113
0.447266	0.833984	-0.00202321
0.798828	0.576172	-0.0015264
0.654297	0.771484	0.000383478
0.677734	0.755859	3.55748e-05
0.427734	0.814453	0.0014573
0.642578	0.283203	-0.00022162
0.505859	0.232422	-0.000963797
0.552734	0.259766	0.000201585
0.388672	0.677734	0.000938489
0.599609	0.466797	-0.000852502
0.361328	0.619141	-0.00239488
0.310547	0.544922	-0.0011579
0.302734	0.517578	-0.000887545
0.611328	0.498047	-0.00187049
0.388672	0.638672	-0.00201409
0.298828	0.451172	-0.000645901
0.591797	0.599609	-0.0031313
0.447266	0.658203	-0.00171093
0.638672	0.587891	0.00262699
0.302734	0.146484	0.000913814
0.294922	0.150391	0.000965408
0.283203	0.794922	-0.00144131
0.291016	0.798828	-0.00151472
0.666016	0.791016	-0.00115038
0.751953	0.712891	-0.000754308
0.798828	0.478516	-0.00152567
0.560547	0.806641	0.0012743
0.666016	0.263672	-0.000539427
0.658203	0.259766	-0.000603218
0.423828	0.248047	-0.000558933
0.740234	0.373047	-5.13837e-05
0.451172	0.240234	-0.000788124
0.470703	0.236328	-0.000899504
0.775391	0.580078	0.000921317
0.283203	0.380859	-7.43977e-05
0.310547	0.615234	0.0010786
0.306641	0.533203	-0.000977795
0.560547	0.673828	0.00173667
0.580078	0.662109	0.00219216
0.404297	0.646484	-0.00178284
0.642578	0.576172	0.00255035
0.587891	0.451172	-0.00173529
0.142578	0.349609	-0.0024065
0.138672	0.373047	-0.00247717
0.154297	0.630859	-0.00210839
0.232422	0.759766	-0.000849064
0.376953	0.826172	-0.00200733
0.494141	0.833984	-0.00207905
0.201172	0.693359	0.000857801
0.275391	0.767578	0.000707537
0.755859	0.654297	0.000619513
0.767578	0.619141	0.000811853
0.333984	0.302734	0.000681262
0.330078	0.306641	0.00065331
0.724609	0.349609	-0.000357901
0.548828	0.232422	-0.00109531
0.603516	0.474609	-0.00108411
0.599609	0.267578	0.000198069
0.337891	0.345703	-0.00112421
0.275391	0.541016	-6.76702e-05
0.474609	0.263672	0.000129633
0.267578	0.494141	-0.000337685
0.330078	0.583984	-0.00168981
0.341797	0.599609	-0.00198864
0.517578	0.689453	0.0009584
0.494141	0.693359	0.000795679
0.603516	0.580078	-0.0025538
0.494141	0.658203	-0.00166329
0.646484	0.513672	0.00308155
0.220703	0.189453	-0.00121973
0.216797	0.193359	-0.00119773
0.212891	0.740234	-0.00095124
0.162109	0.322266	0.00181585
0.158203	0.337891	0.00189634
0.744141	0.330078	-0.000384692
0.337891	0.298828	0.000559492
0.681641	0.306641	-0.000448586
0.775391	0.478516	0.000930932
0.267578	0.451172	-0.000480933
0.501953	0.259766	0.000320922
0.310547	0.396484	-0.000560686
0.302734	0.423828	-0.000451532
0.423828	0.689453	0.000542109
0.552734	0.677734	0.00144477
0.298828	0.494141	-0.000497198
0.447266	0.693359	0.000567275
0.599609	0.587891	-0.00259981
0.525391	0.650391	-0.00194341
0.615234	0.525391	-0.00179373
0.615234	0.529297	-0.00183983
0.185547	0.259766	0.00141749
0.685547	0.779297	-0.00102299
0.166016	0.615234	0.00169547
0.150391	0.541016	0.00199712
0.232422	0.732422	0.000279767
0.236328	0.736328	0.000266782
0.759766	0.353516	-0.000760495
0.697266	0.283203	-0.000342714
0.326172	0.310547	0.000476502
0.767578	0.439453	0.000799225
0.658203	0.291016	-8.25679e-05
0.443359	0.271484	5.9646e-05
0.306641	0.408203	-0.000432808
0.568359	0.669922	0.00159868
0.298828	0.447266	-0.000265696
0.623047	0.619141	0.00235919
0.513672	0.654297	-0.00164978
0.615234	0.533203	-0.00176384
0.646484	0.560547	0.00220077
0.212891	0.197266	-0.00132148
0.185547	0.232422	-0.00175211
0.173828	0.681641	-0.00180908
0.330078	0.814453	-0.00190613
0.150391	0.380859	0.00209758
0.443359	0.833984	-0.0022019
0.228516	0.728516	0.000428074
0.240234	0.740234	0.000389979
0.263672	0.759766	0.000716191
0.794922	0.603516	-0.00169293
0.357422	0.802734	0.0014633
0.603516	0.794922	0.00116017
0.373047	0.271484	-0.000213979
0.361328	0.279297	-2.52244e-06
0.435547	0.244141	-0.000860987
0.771484	0.603516	0.00105353
0.755859	0.404297	0.000556406
0.501953	0.232422	-0.00121042
0.634766	0.279297	0.00020412
0.275391	0.404297	-0.000509352
0.392578	0.294922	-0.000499585
0.556641	0.259766	0.000550284
0.365234	0.623047	-0.00190721
0.599609	0.646484	0.00241521
0.603516	0.642578	0.00253764
0.607422	0.638672	0.00246135
0.615234	0.521484	-0.00162546
0.310547	0.142578	0.000773168
0.251953	0.177734	0.000933706
0.224609	0.185547	-0.00139559
0.193359	0.220703	-0.00171912
0.162109	0.654297	-0.00204504
0.177734	0.689453	-0.00176354
0.212891	0.216797	0.000954291
0.181641	0.267578	0.00158715
0.400391	0.830078	-0.00217758
0.146484	0.419922	0.00216618
0.208984	0.705078	0.000858899
0.146484	0.501953	0.00214489
0.591797	0.798828	0.00132883
0.509766	0.814453	0.00167009
0.341797	0.294922	0.000288326
0.583984	0.236328	-0.00126046
0.291016	0.583984	0.000133859
0.353516	0.658203	0.000883756
0.365234	0.666016	0.000743481
0.318359	0.564453	-0.000940766
0.533203	0.685547	0.000801009
0.556641	0.634766	-0.00223489
0.443359	0.658203	-0.00114336
0.587891	0.447266	0.000700201
0.287109	0.154297	0.00125309
0.162109	0.279297	-0.00223369
0.134766	0.525391	-0.00259244
0.173828	0.638672	0.00162931
0.775391	0.384766	-0.00122148
0.794922	0.451172	-0.0016675
0.541016	0.810547	0.00159867
0.650391	0.255859	-0.000967302
0.412109	0.251953	-0.000800415
0.771484	0.455078	0.00105612
0.380859	0.302734	-0.000565231
0.431641	0.275391	0.000145843
0.583984	0.263672	0.000590102
0.271484	0.525391	-0.000498257
0.267578	0.498047	-0.000648208
0.408203	0.685547	0.00030466
0.380859	0.634766	-0.00142581
0.595703	0.650391	0.00209571
0.611328	0.634766	0.00218501
0.498047	0.693359	0.00036158
0.607422	0.572266	-0.0018951
0.615234	0.537109	-0.00156623
0.318359	0.810547	-0.00194214
0.642578	0.802734	-0.00163353
0.185547	0.666016	0.00142716
0.498047	0.833984	-0.00226654
0.775391	0.669922	-0.00147809
0.373047	0.806641	0.00165818
0.673828	0.267578	-0.000793732
0.423828	0.814453	0.00179921
0.603516	0.240234	-0.00129371
0.322266	0.314453	0.00015091
0.552734	0.232422	-0.00136768
0.294922	0.591797	0.000125256
0.318359	0.376953	-0.000328814
0.322266	0.572266	-0.000895373
0.298828	0.498047	-8.87579e-05
0.443359	0.693359	9.82798e-05
0.611328	0.560547	-0.00167728
0.498047	0.658203	-0.00108197
0.615234	0.517578	-0.00133538
0.642578	0.494141	0.00287753
0.646484	0.509766	0.00249458
0.298828	0.802734	-0.00184817
0.189453	0.251953	0.00151023
0.611328	0.814453	-0.00192676
0.564453	0.826172	-0.00214812
0.189453	0.673828	0.00139858
0.759766	0.701172	-0.00125266
0.244141	0.744141	0.000649303
0.322266	0.369141	-0.000319799
0.267578	0.447266	-0.000818017
0.498047	0.259766	0.000688557
0.396484	0.681641	0.000218179
0.337891	0.595703	-0.00134993
0.314453	0.556641	-0.000583342
0.544922	0.681641	0.000735834
0.412109	0.650391	-0.000972899
0.634766	0.599609	0.00170693
0.275391	0.791016	-0.00165402
0.224609	0.724609	0.000711131
0.291016	0.361328	-0.000478228
0.779297	0.525391	0.00141617
0.779297	0.529297	0.00139499
0.779297	0.533203	0.0014141
0.287109	0.576172	-0.000207828
0.271484	0.419922	-0.000846209
0.302734	0.521484	-7.10565e-05
0.298828	0.443359	0.000179229
0.595703	0.595703	-0.00203249
0.423828	0.654297	-0.000808572
0.630859	0.607422	0.00169201
0.615234	0.541016	-0.00124784
0.267578	0.166016	0.00135167
0.146484	0.330078	-0.00258717
0.236328	0.763672	-0.00123816
0.357422	0.822266	-0.0022107
0.201172	0.232422	0.00138692
0.623047	0.810547	-0.00189333
0.607422	0.482422	-0.000696499
0.294922	0.779297	0.00131583
0.302734	0.783203	0.00140087
0.701172	0.736328	0.000223368
0.705078	0.732422	0.000200194
0.736328	0.693359	0.000707917
0.630859	0.248047	-0.00128015
0.294922	0.353516	-0.000489901
0.498047	0.232422	-0.00150123
0.779297	0.537109	0.00147362
0.455078	0.267578	0.00057397
0.369141	0.626953	-0.00122974
0.611328	0.494141	-0.000838445
0.591797	0.654297	0.00158219
0.580078	0.615234	-0.00232275
0.576172	0.619141	-0.00233337
0.642578	0.580078	0.00144126
0.646484	0.564453	0.00148599
0.634766	0.474609	0.00331361
0.208984	0.201172	-0.00157058
0.541016	0.830078	-0.0023088
0.439453	0.833984	-0.00240943
0.744141	0.724609	-0.00109706
0.798828	0.580078	-0.00199038
0.392578	0.810547	0.0018705
0.708984	0.728516	0.000314239
0.728516	0.705078	0.000662802
0.345703	0.291016	-0.000130198
0.775391	0.583984	0.00147603
0.615234	0.271484	0.000775886
0.779297	0.521484	0.00147741
0.326172	0.634766	0.000670179
0.330078	0.638672	0.000738591
0.560547	0.259766	0.000950592
0.314453	0.384766	4.02032e-05
0.615234	0.630859	0.00170791
0.572266	0.623047	-0.002108
0.583984	0.611328	-0.00207399
0.544922	0.642578	-0.00138363
0.537109	0.646484	-0.0012499
0.615234	0.513672	-0.000923721
0.638672	0.482422	0.00282716
0.134766	0.404297	-0.0027775
0.169922	0.673828	-0.00210835
0.208984	0.736328	-0.00137447
0.615234	0.791016	0.00145476
0.798828	0.474609	-0.00198642
0.697266	0.740234	0.000382932
0.306641	0.611328	0.000121243
0.333984	0.642578	0.000641476
0.576172	0.666016	0.00102095
0.521484	0.689453	8.96739e-05
0.439453	0.658203	-0.000490343
0.638672	0.591797	0.00122095
0.150391	0.314453	-0.00257504
0.138672	0.560547	-0.00269279
0.673828	0.787109	-0.00153712
0.181641	0.658203	0.00171003
0.146484	0.416016	0.00243204
0.146484	0.505859	0.00240495
0.791016	0.623047	-0.00194101
0.662109	0.767578	0.0010163
0.619141	0.244141	-0.00148325
0.736328	0.365234	0.000567156
0.306641	0.333984	-0.000426529
0.556641	0.232422	-0.0016839
0.775391	0.474609	0.00148396
0.287109	0.369141	-0.000804812
0.779297	0.517578	0.00157852
0.779297	0.541016	0.00157355
0.279297	0.556641	-0.000658274
0.322266	0.630859	0.00043676
0.333984	0.349609	-0.000206522
0.470703	0.263672	0.000867946
0.267578	0.501953	-0.00101356
0.302734	0.419922	0.000396211
0.501953	0.693359	-0.000142904
0.646484	0.505859	0.00180525
0.630859	0.466797	0.00316956
0.228516	0.181641	-0.00170424
0.142578	0.583984	-0.00263171
0.501953	0.833984	-0.00248146
0.791016	0.431641	-0.00187896
0.513672	0.814453	0.00202959
0.763672	0.634766	0.00139057
0.466797	0.236328	-0.00154812
0.666016	0.294922	0.000496267
0.298828	0.599609	-0.000244977
0.357422	0.322266	-0.000526372
0.353516	0.326172	-0.000500806
0.306641	0.537109	0.000125901
0.419922	0.689453	-0.000351745
0.298828	0.501953	0.00038594
0.568359	0.626953	-0.00165027
0.615234	0.544922	-0.000809834
0.259766	0.158203	-0.00224626
0.248047	0.166016	-0.0020835
0.181641	0.697266	-0.00198302
0.341797	0.818359	-0.002306
0.697266	0.771484	-0.0013068
0.673828	0.759766	0.00093172
0.712891	0.724609	0.000566291
0.728516	0.353516	0.000509938
0.318359	0.318359	-0.000324069
0.677734	0.302734	0.000417142
0.412109	0.283203	0.000522106
0.361328	0.318359	-0.000392033
0.337891	0.646484	0.000378511
0.326172	0.361328	7.76252e-05
0.267578	0.443359	-0.00120914
0.494141	0.259766	0.00110759
0.326172	0.580078	-0.000434367
0.439453	0.693359	-0.000439235
0.587891	0.607422	-0.00158638
0.626953	0.615234	0.00117451
0.517578	0.654297	-0.000605067
0.501953	0.658203	-0.000411207
0.177734	0.275391	0.00201719
0.583984	0.822266	-0.00232162
0.154297	0.568359	0.00234456
0.248047	0.748047	0.00104303
0.287109	0.775391	0.00151484
0.783203	0.404297	-0.00181448
0.724609	0.306641	-0.000624377
0.720703	0.302734	-0.000616694
0.693359	0.744141	0.000678392
0.763672	0.423828	0.00136065
0.626953	0.275391	0.000949787
0.779297	0.513672	0.00171947
0.779297	0.544922	0.00171395
0.349609	0.330078	-0.000314243
0.333984	0.591797	-0.000533864
0.310547	0.548828	0.000167779
0.529297	0.650391	-0.000605436
0.615234	0.509766	-0.000391036
0.193359	0.681641	0.00163497
0.220703	0.720703	0.00112729
0.783203	0.650391	-0.00197111
0.728516	0.310547	-0.000770977
0.419922	0.814453	0.0021735
0.759766	0.646484	0.00147597
0.708984	0.330078	0.000227201
0.705078	0.326172	0.00014267
0.701172	0.322266	0.000204902
0.404297	0.287109	0.000517808
0.392578	0.642578	-0.000391639
0.298828	0.439453	0.000688846
0.587891	0.658203	0.000879582
0.552734	0.638672	-0.000991292
0.642578	0.490234	0.00174867
0.310547	0.787109	0.00175991
0.341797	0.798828	0.00198203
0.716797	0.298828	-0.00074943
0.580078	0.802734	0.00193229
0.298828	0.345703	-0.000850768
0.494141	0.232422	-0.00183628
0.279297	0.388672	-0.00118428
0.603516	0.267578	0.00119439
0.365234	0.314453	-9.83262e-05
0.283203	0.568359	-0.000887709
0.318359	0.626953	3.97331e-05
0.275391	0.544922	-0.00106037
0.357422	0.662109	-0.000128054
0.400391	0.646484	-0.000230551
0.619141	0.626953	0.00103118
0.603516	0.583984	-0.000897579
0.611328	0.564453	-0.000634759
0.646484	0.568359	0.000677279
0.162109	0.603516	0.002305
0.435547	0.833984	-0.00264547
0.330078	0.794922	0.00194377
0.755859	0.345703	-0.00137762
0.642578	0.251953	-0.0016225
0.447266	0.240234	-0.0016768
0.759766	0.412109	0.00142765
0.271484	0.529297	-0.00125398
0.564453	0.259766	0.00140261
0.306641	0.404297	0.000690981
0.279297	0.158203	0.00174283
0.599609	0.818359	-0.00237666
0.158203	0.587891	0.00239789
0.150391	0.544922	0.00251625
0.748047	0.333984	-0.00127994
0.564453	0.806641	0.00208886
0.392578	0.259766	-0.00130069
0.349609	0.287109	-0.000693897
0.712891	0.333984	0.000457088
0.697266	0.318359	0.000414393
0.779297	0.548828	0.00189488
0.779297	0.509766	0.00190048
0.384766	0.298828	0.000428345
0.419922	0.279297	0.000861861
0.345703	0.333984	3.41759e-05
0.587891	0.263672	0.00136119
0.341797	0.650391	-5.02958e-05
0.267578	0.505859	-0.00143312
0.376953	0.673828	-0.000453113
0.373047	0.630859	-0.000366818
0.564453	0.630859	-0.000966239
0.583984	0.447266	-0.00234332
0.193359	0.244141	0.00189327
0.169922	0.294922	0.00231904
0.166016	0.306641	0.00236976
0.787109	0.638672	-0.00219882
0.787109	0.416016	-0.00208605
0.693359	0.279297	-0.00124359
0.681641	0.271484	-0.00137351
0.748047	0.673828	0.00146138
0.587891	0.236328	-0.00193789
0.310547	0.392578	0.000778444
0.384766	0.677734	-0.000628296
0.556641	0.677734	-0.000132993
0.564453	0.673828	-1.3057e-05
0.537109	0.685547	-0.000371177
0.505859	0.693359	-0.000717573
0.607422	0.576172	-0.000488999
0.435547	0.658203	0.000247461
0.615234	0.548828	-0.000253482
0.646484	0.501953	0.00101144
0.650391	0.533203	0.000569047
0.650391	0.537109	0.000542385
0.650391	0.541016	0.0004174
0.146484	0.603516	-0.00276886
0.150391	0.619141	-0.00270636
0.134766	0.529297	-0.00293826
0.255859	0.779297	-0.00188012
0.154297	0.353516	0.00256703
0.150391	0.376953	0.00262812
0.732422	0.314453	-0.00105471
0.544922	0.810547	0.00222794
0.716797	0.720703	0.000956047
0.384766	0.263672	-0.00129595
0.767578	0.623047	0.00182172
0.365234	0.275391	-0.00106186
0.771484	0.607422	0.00187437
0.560547	0.232422	-0.00204337
0.302734	0.525391	0.000812708
0.384766	0.638672	-9.00039e-05
0.298828	0.505859	0.000926864
0.419922	0.654297	0.000284275
0.591797	0.603516	-0.000860973
0.599609	0.591797	-0.00070052
0.650391	0.529297	0.000496811
0.505859	0.833984	-0.00272365
0.146484	0.509766	0.00268887
0.779297	0.392578	-0.00201636
0.712891	0.294922	-0.00102291
0.748047	0.384766	0.00136006
0.275391	0.400391	-0.00152413
0.439453	0.271484	0.00125589
0.267578	0.439453	-0.00165421
0.404297	0.685547	-0.000879361
0.642578	0.583984	0.000242049
0.626953	0.458984	0.00236922
0.583984	0.443359	8.115e-05
0.255859	0.173828	0.00166992
0.173828	0.251953	-0.00249081
0.208984	0.220703	0.00168414
0.396484	0.830078	-0.00271279
0.146484	0.412109	0.00272168
0.689453	0.748047	0.00110888
0.751953	0.666016	0.00163334
0.767578	0.435547	0.00180281
0.771484	0.451172	0.00187166
0.283203	0.376953	-0.00146195
0.271484	0.416016	-0.00162637
0.369141	0.310547	0.000353629
0.490234	0.259766	0.0015778
0.369141	0.669922	-0.000675302
0.611328	0.490234	0.000308406
0.435547	0.693359	-0.00104609
0.615234	0.505859	0.000261213
0.505859	0.658203	0.000348534
0.638672	0.478516	0.00135064
0.634766	0.470703	0.00158591
0.650391	0.544922	0.000195021
0.650391	0.525391	0.000325205
0.205078	0.205078	-0.00196477
0.240234	0.767578	-0.00176047
0.634766	0.806641	-0.00230069
0.794922	0.607422	-0.002426
0.798828	0.583984	-0.00249019
0.642578	0.779297	0.0017298
0.517578	0.814453	0.00242074
0.400391	0.255859	-0.00161141
0.314453	0.322266	-0.000947462
0.775391	0.587891	0.00207293
0.779297	0.552734	0.00211621
0.396484	0.291016	0.000861952
0.408203	0.650391	0.000389155
0.306641	0.806641	-0.00243768
0.177734	0.650391	0.00223536
0.779297	0.662109	-0.0022262
0.794922	0.447266	-0.0023927
0.634766	0.783203	0.00184698
0.744141	0.681641	0.00159292
0.419922	0.248047	-0.00180768
0.751953	0.392578	0.00154685
0.716797	0.337891	0.000830082
0.693359	0.314453	0.000770337
0.779297	0.505859	0.00212153
0.314453	0.623047	-0.00051807
0.298828	0.435547	0.00126328
0.583984	0.662109	-6.69476e-06
0.525391	0.689453	-0.000849494
0.466797	0.662109	0.000667692
0.470703	0.662109	0.000626541
0.474609	0.662109	0.000672325
0.138672	0.369141	-0.0030422
0.267578	0.787109	-0.00217186
0.373047	0.826172	-0.00274197
0.267578	0.763672	0.00169927
0.798828	0.470703	-0.00248272
0.603516	0.470703	0.000681748
0.431641	0.244141	-0.00194878
0.775391	0.470703	0.00207916
0.490234	0.232422	-0.00221431
0.466797	0.263672	0.00165949
0.572266	0.669922	-0.000322533
0.548828	0.681641	-0.000672114
0.623047	0.623047	0.000157424
0.634766	0.603516	1.22259e-05
0.650391	0.548828	-0.000123871
0.650391	0.521484	5.36417e-05
0.169922	0.259766	-0.00261799
0.744141	0.376953	0.00147523
0.646484	0.283203	0.00144896
0.341797	0.337891	0.000544297
0.451172	0.267578	0.00159204
0.302734	0.416016	0.0013089
0.462891	0.662109	0.000795386
0.646484	0.572266	-0.000224575
0.478516	0.662109	0.000805336
0.193359	0.716797	-0.00214514
0.205078	0.732422	-0.00192814
0.755859	0.708984	-0.00193477
0.251953	0.751953	0.0015688
0.388672	0.810547	0.00252103
0.416016	0.814453	0.00258036
0.607422	0.240234	-0.00220963
0.302734	0.607422	-0.000985601
0.345703	0.654297	-0.000644444
0.330078	0.353516	0.000865524
0.568359	0.259766	0.00190616
0.392578	0.681641	-0.0011909
0.330078	0.587891	0.000453669
0.318359	0.568359	0.000775162
0.416016	0.689453	-0.00131366
0.521484	0.654297	0.000527711
0.638672	0.595703	-0.000270475
0.615234	0.552734	0.000419873
0.642578	0.486328	0.000515951
0.583984	0.439453	0.00239524
0.306641	0.134766	-0.00326089
0.232422	0.177734	-0.0021606
0.134766	0.400391	-0.00313929
0.166016	0.666016	-0.00264683
0.431641	0.833984	-0.00290923
0.205078	0.701172	0.00184709
0.369141	0.806641	0.00250077
0.462891	0.236328	-0.00224183
0.654297	0.287109	0.00148369
0.427734	0.275391	0.00152691
0.267578	0.509766	-0.00190613
0.349609	0.611328	-1.63112e-05
0.353516	0.615234	-4.67966e-06
0.314453	0.560547	0.000970801
0.560547	0.634766	-6.27122e-05
0.541016	0.646484	0.000380816
0.630859	0.611328	-0.000200963
0.646484	0.498047	0.000114399
0.630859	0.462891	0.00118768
0.544922	0.830078	-0.00284467
0.216797	0.716797	0.00167262
0.353516	0.802734	0.00247024
0.736328	0.318359	-0.00147472
0.708984	0.291016	-0.00143684
0.650391	0.775391	0.00189134
0.802734	0.525391	-0.00269033
0.802734	0.529297	-0.00269075
0.376953	0.267578	-0.00160948
0.607422	0.478516	0.000818472
0.345703	0.607422	0.000156679
0.458984	0.662109	0.00100925
0.158203	0.333984	0.00276943
0.279297	0.771484	0.00200828
0.802734	0.521484	-0.00272521
0.802734	0.533203	-0.00272619
0.564453	0.232422	-0.00244614
0.779297	0.556641	0.00237761
0.357422	0.619141	0.000192948
0.306641	0.541016	0.00129613
0.298828	0.509766	0.00153336
0.509766	0.693359	-0.00136221
0.431641	0.658203	0.00106921
0.611328	0.568359	0.000518702
0.482422	0.662109	0.00102563
0.650391	0.552734	-0.000538941
0.650391	0.517578	-0.000318479
0.720703	0.751953	-0.00155645
0.724609	0.748047	-0.00153809
0.720703	0.716797	0.00148308
0.732422	0.701172	0.00166299
0.353516	0.283203	-0.00140028
0.638672	0.279297	0.00174221
0.779297	0.501953	0.00238291
0.373047	0.306641	0.000961644
0.548828	0.642578	0.000455398
0.595703	0.599609	9.86727e-05
0.568359	0.826172	-0.00287832
0.509766	0.833984	-0.00299349
0.748047	0.720703	-0.00194775
0.318359	0.791016	0.00238387
0.767578	0.365234	-0.00214365
0.626953	0.787109	0.00223134
0.802734	0.537109	-0.0027959
0.755859	0.658203	0.00209908
0.732422	0.357422	0.00151127
0.302734	0.337891	-0.00156431
0.673828	0.298828	0.00142243
0.599609	0.462891	0.00114772
0.267578	0.435547	-0.00215357
0.318359	0.373047	0.00137824
0.322266	0.576172	0.000983042
0.376953	0.634766	0.000678337
0.615234	0.501953	0.00103112
0.177734	0.244141	-0.00266838
0.142578	0.345703	-0.00314326
0.728516	0.744141	-0.00165455
0.197266	0.689453	0.00214922
0.595703	0.798828	0.00246501
0.802734	0.517578	-0.00279509
0.755859	0.400391	0.0020254
0.720703	0.341797	0.00134432
0.689453	0.310547	0.00127061
0.291016	0.587891	-0.00157313
0.486328	0.259766	0.00209931
0.341797	0.603516	0.000513653
0.533203	0.650391	0.000818585
0.455078	0.662109	0.00130903
0.162109	0.318359	0.00283763
0.681641	0.783203	-0.00221114
0.716797	0.755859	-0.00170999
0.146484	0.513672	0.00299661
0.771484	0.373047	-0.00229364
0.607422	0.794922	0.0024333
0.619141	0.271484	0.00200196
0.279297	0.560547	-0.0018943
0.271484	0.533203	-0.00206519
0.361328	0.623047	0.000578395
0.431641	0.693359	-0.00172133
0.509766	0.658203	0.00119594
0.486328	0.662109	0.00133317
0.185547	0.705078	-0.00247952
0.146484	0.408203	0.00303582
0.685547	0.751953	0.001673
0.591797	0.263672	0.0021849
0.287109	0.580078	-0.00177458
0.310547	0.619141	-0.00123307
0.361328	0.666016	-0.00129755
0.314453	0.380859	0.00159586
0.603516	0.646484	-0.000261292
0.607422	0.642578	-0.000238737
0.619141	0.447266	0.00136885
0.615234	0.443359	0.0015461
0.599609	0.431641	0.00219746
0.173828	0.283203	0.00270261
0.169922	0.630859	0.00269915
0.802734	0.541016	-0.00289931
0.802734	0.513672	-0.00289946
0.408203	0.251953	-0.00221564
0.298828	0.431641	0.0019027
0.650391	0.556641	-0.00104976
0.650391	0.513672	-0.000791283
0.623047	0.451172	0.000892325
0.611328	0.439453	0.00139285
0.669922	0.763672	0.00195128
0.521484	0.814453	0.00284404
0.740234	0.689453	0.00203411
0.740234	0.369141	0.00189975
0.486328	0.232422	-0.00263492
0.275391	0.548828	-0.00210921
0.337891	0.341797	0.00121466
0.322266	0.365234	0.00154033
0.310547	0.552734	0.00156064
0.302734	0.529297	0.00176381
0.599609	0.650391	-0.000478344
0.611328	0.638672	-0.000411986
0.642578	0.587891	-0.00104521
0.693359	0.775391	-0.00218323
0.166016	0.619141	0.00281582
0.763672	0.357422	-0.00227953
0.662109	0.259766	-0.00229112
0.591797	0.236328	-0.00266277
0.662109	0.291016	0.00185331
0.779297	0.560547	0.00267895
0.607422	0.267578	0.00224401
0.388672	0.294922	0.00156514
0.294922	0.595703	-0.00172397
0.306641	0.400391	0.00187896
0.541016	0.685547	-0.0016137
0.416016	0.654297	0.00145883
0.603516	0.587891	0.000856413
0.470703	0.697266	-0.00197441
0.474609	0.697266	-0.00198979
0.615234	0.556641	0.00120831
0.638672	0.474609	-0.000227472
0.138672	0.564453	-0.00325809
0.732422	0.740234	-0.00190545
0.150391	0.548828	0.00305981
0.779297	0.498047	0.00268465
0.580078	0.666016	-0.00107171
0.626953	0.619141	-0.000910556
0.607422	0.580078	0.00102104
0.466797	0.697266	-0.00202755
0.451172	0.662109	0.00169449
0.646484	0.576172	-0.00121729
0.134766	0.533203	-0.00330648
0.791016	0.427734	-0.00280806
0.623047	0.244141	-0.0026053
0.310547	0.326172	-0.00171708
0.349609	0.658203	-0.00140248
0.572266	0.259766	0.00246092
0.267578	0.513672	-0.00243242
0.337891	0.599609	0.00105241
0.396484	0.646484	0.00139866
0.478516	0.697266	-0.00207349
0.646484	0.494141	-0.000883317
0.607422	0.435547	0.000899707
0.427734	0.833984	-0.00320037
0.154297	0.572266	0.00305851
0.767578	0.689453	-0.00253758
0.791016	0.626953	-0.00288296
0.802734	0.544922	-0.00303658
0.634766	0.248047	-0.00256363
0.443359	0.240234	-0.00261173
0.775391	0.591797	0.00271212
0.271484	0.412109	-0.00246226
0.611328	0.486328	0.00156746
0.388672	0.642578	0.00142155
0.529297	0.689453	-0.00185931
0.615234	0.634766	-0.000782158
0.580078	0.619141	0.000405338
0.576172	0.623047	0.000510629
0.462891	0.697266	-0.00214949
0.490234	0.662109	0.00172764
0.634766	0.466797	-0.000242297
0.712891	0.759766	-0.00199772
0.771484	0.681641	-0.00262932
0.548828	0.810547	0.00289184
0.669922	0.263672	-0.00235164
0.802734	0.509766	-0.00303798
0.763672	0.638672	0.00259859
0.775391	0.466797	0.00271665
0.595703	0.654297	-0.000887937
0.583984	0.615234	0.000532253
0.556641	0.638672	0.00105373
0.642578	0.482422	-0.000819058
0.626953	0.455078	0.000135151
0.166016	0.267578	-0.0030255
0.798828	0.587891	-0.00302588
0.798828	0.466797	-0.00301451
0.412109	0.814453	0.00302113
0.771484	0.611328	0.00273953
0.291016	0.357422	-0.00219127
0.365234	0.626953	0.00115164
0.298828	0.513672	0.00220496
0.513672	0.693359	-0.00207666
0.482422	0.697266	-0.00222561
0.353516	0.822266	-0.00312539
0.150391	0.373047	0.00318761
0.740234	0.322266	-0.00203054
0.705078	0.287109	-0.00199053
0.654297	0.255859	-0.00253586
0.763672	0.419922	0.00256113
0.568359	0.232422	-0.002893
0.279297	0.384766	-0.00243807
0.630859	0.275391	0.0023569
0.400391	0.685547	-0.00213034
0.294922	0.470703	0.00234697
0.294922	0.474609	0.00236033
0.650391	0.560547	-0.00165448
0.650391	0.509766	-0.00136312
0.580078	0.439453	-0.0008931
0.658203	0.771484	0.00234258
0.568359	0.806641	0.0029393
0.771484	0.447266	0.0027307
0.376953	0.302734	0.00172232
0.462891	0.263672	0.00250442
0.302734	0.412109	0.00228582
0.326172	0.583984	0.00160798
0.572266	0.626953	0.000845585
0.294922	0.466797	0.00239791
0.458984	0.697266	-0.00234019
0.427734	0.658203	0.00197424
0.525391	0.654297	0.00174816
0.271484	0.162109	0.00249103
0.189453	0.224609	-0.0027026
0.154297	0.298828	-0.00322407
0.158203	0.646484	-0.00311664
0.244141	0.771484	-0.00241064
0.255859	0.755859	0.00222416
0.775391	0.380859	-0.00271752
0.751953	0.337891	-0.00230161
0.689453	0.275391	-0.00227607
0.287109	0.365234	-0.00238226
0.275391	0.396484	-0.00259399
0.283203	0.572266	-0.00231636
0.267578	0.431641	-0.00270507
0.310547	0.388672	0.00218208
0.560547	0.677734	-0.00178053
0.404297	0.650391	0.00183083
0.587891	0.611328	0.000892802
0.294922	0.478516	0.00243786
0.599609	0.595703	0.00128906
0.201172	0.208984	-0.0025043
0.197266	0.236328	0.00257636
0.392578	0.830078	-0.00327874
0.513672	0.833984	-0.0032907
0.685547	0.306641	0.0019133
0.482422	0.259766	0.00267198
0.412109	0.689453	-0.00234237
0.615234	0.498047	0.00191743
0.591797	0.427734	0.00198932
0.158203	0.287109	-0.00319789
0.326172	0.814453	-0.00311059
0.232422	0.193359	0.00203157
0.228516	0.197266	0.00203368
0.583984	0.802734	0.00293963
0.369141	0.271484	-0.00225146
0.408203	0.283203	0.0022258
0.294922	0.462891	0.00251355
0.486328	0.697266	-0.00244625
0.447266	0.662109	0.00216531
0.603516	0.431641	6.94403e-05
0.298828	0.146484	0.00262018
0.279297	0.146484	-0.00311275
0.142578	0.587891	-0.00336328
0.154297	0.634766	-0.00323263
0.654297	0.798828	-0.00285732
0.802734	0.548828	-0.00320847
0.724609	0.712891	0.00214651
0.802734	0.505859	-0.00321087
0.724609	0.345703	0.00199753
0.294922	0.349609	-0.00234024
0.779297	0.564453	0.00302073
0.435547	0.271484	0.00250672
0.427734	0.693359	-0.00246491
0.568359	0.673828	-0.00183081
0.619141	0.630859	-0.0013493
0.294922	0.482422	0.00257968
0.611328	0.572266	0.00178033
0.494141	0.662109	0.00220885
0.619141	0.529297	0.00206904
0.595703	0.427734	0.000601747
0.615234	0.814453	-0.00310623
0.662109	0.794922	-0.00279891
0.146484	0.517578	0.0033292
0.212891	0.712891	0.00234317
0.767578	0.626953	0.00287719
0.779297	0.494141	0.00302662
0.591797	0.658203	-0.00148618
0.513672	0.658203	0.00213032
0.619141	0.525391	0.00211356
0.619141	0.533203	0.00214292
0.580078	0.435547	0.000674567
0.236328	0.189453	0.0021612
0.224609	0.201172	0.00217078
0.587891	0.822266	-0.00322412
0.173828	0.642578	0.00299395
0.763672	0.697266	-0.00273791
0.458984	0.236328	-0.00298095
0.767578	0.431641	0.00285174
0.416016	0.279297	0.00243115
0.447266	0.267578	0.00266343
0.326172	0.357422	0.00208913
0.380859	0.677734	-0.00226013
0.298828	0.427734	0.00260716
0.552734	0.681641	-0.00215006
0.455078	0.697266	-0.0025992
0.634766	0.607422	-0.00176196
0.638672	0.599609	-0.00184571
0.630859	0.458984	-0.000889974
0.587891	0.427734	0.00247721
0.306641	0.142578	0.00262792
0.259766	0.169922	0.00252388
0.205078	0.224609	0.00254713
0.154297	0.349609	0.00330681
0.146484	0.404297	0.00337614
0.736328	0.736328	-0.00229122
0.794922	0.611328	-0.0031974
0.794922	0.443359	-0.00315585
0.619141	0.791016	0.00286893
0.357422	0.279297	-0.0022458
0.373047	0.673828	-0.00224329
0.380859	0.638672	0.00190463
0.294922	0.458984	0.00269419
0.568359	0.630859	0.00140575
0.615234	0.560547	0.00210996
0.619141	0.521484	0.00227657
0.384766	0.810547	0.00320817
0.759766	0.650391	0.00284321
0.759766	0.408203	0.00278369
0.482422	0.232422	-0.00309892
0.400391	0.287109	0.00235823
0.298828	0.603516	-0.00223727
0.333984	0.595703	0.00176867
0.580078	0.443359	-0.00304217
0.134766	0.396484	-0.00352301
0.158203	0.591797	0.00326969
0.306641	0.615234	-0.00210171
0.333984	0.345703	0.00204272
0.591797	0.607422	0.00148679
0.619141	0.537109	0.00233476
0.650391	0.505859	-0.00203416
0.201172	0.728516	-0.00260947
0.775391	0.673828	-0.00300146
0.783203	0.400391	-0.00305825
0.681641	0.755859	0.00236899
0.595703	0.455078	0.0021801
0.306641	0.544922	0.0025322
0.294922	0.486328	0.00278615
0.490234	0.697266	-0.00273534
0.291016	0.150391	0.00276044
0.525391	0.814453	0.00329984
0.369141	0.630859	0.00191011
0.544922	0.646484	0.00209541
0.646484	0.580078	-0.00229995
0.650391	0.564453	-0.00235209
0.646484	0.490234	-0.00198151
0.548828	0.830078	-0.00341093
0.708984	0.763672	-0.00241833
0.337891	0.798828	0.00316119
0.759766	0.349609	-0.00271284
0.271484	0.537109	-0.00293193
0.267578	0.517578	-0.00301265
0.529297	0.255859	0.00309552
0.626953	0.810547	-0.00320132
0.677734	0.267578	-0.00273293
0.576172	0.259766	0.00306706
0.525391	0.255859	0.00310395
0.294922	0.455078	0.00293981
0.619141	0.517578	0.00255771
0.146484	0.326172	-0.00348309
0.787109	0.412109	-0.00319006
0.802734	0.552734	-0.00341572
0.611328	0.240234	-0.00317392
0.388672	0.681641	-0.00266595
0.533203	0.255859	0.00313731
0.302734	0.533203	0.00278182
0.451172	0.697266	-0.00292605
0.537109	0.650391	0.00232753
0.443359	0.662109	0.00272082
0.287109	0.142578	-0.00331688
0.240234	0.185547	0.00242471
0.423828	0.833984	-0.00351933
0.162109	0.607422	0.00331476
0.802734	0.501953	-0.00341934
0.427734	0.244141	-0.00308459
0.283203	0.373047	-0.0029042
0.595703	0.263672	0.00306171
0.353516	0.662109	-0.00232124
0.607422	0.474609	0.00243681
0.521484	0.255859	0.00316277
0.642578	0.591797	-0.00241854
0.619141	0.541016	0.00264382
0.236328	0.173828	-0.0027662
0.314453	0.810547	-0.00327862
0.337891	0.818359	-0.00337882
0.220703	0.205078	0.00244258
0.333984	0.298828	-0.0021232
0.330078	0.302734	-0.0020773
0.669922	0.294922	0.00256473
0.314453	0.564453	0.0025908
0.298828	0.517578	0.00294176
0.517578	0.693359	-0.00286051
0.630859	0.615234	-0.00216927
0.498047	0.662109	0.00277686
0.638672	0.470703	-0.00190603
0.783203	0.654297	-0.00323321
0.646484	0.251953	-0.00307121
0.326172	0.306641	-0.00217872
0.537109	0.255859	0.00322916
0.576172	0.669922	-0.00231004
0.294922	0.490234	0.00305745
0.599609	0.427734	-0.00117557
0.580078	0.431641	0.000719301
0.583984	0.427734	0.00139061
0.646484	0.802734	-0.00317724
0.271484	0.767578	0.00280782
0.787109	0.642578	-0.00332064
0.416016	0.248047	-0.00310514
0.736328	0.361328	0.0026417
0.318359	0.572266	0.00255544
0.412109	0.654297	0.00271368
0.623047	0.626953	-0.0021115
0.369141	0.826172	-0.00351134
0.669922	0.791016	-0.00301491
0.603516	0.466797	0.00254317
0.365234	0.806641	0.00338121
0.572266	0.232422	-0.00338407
0.326172	0.638672	-0.00203787
0.330078	0.642578	-0.00205224
0.517578	0.255859	0.00327205
0.642578	0.478516	-0.00225476
0.271484	0.150391	-0.00320307
0.298828	0.783203	0.00308612
0.326172	0.794922	0.00326363
0.779297	0.568359	0.00340359
0.423828	0.275391	0.00296311
0.365234	0.669922	-0.00262144
0.494141	0.697266	-0.00309284
0.552734	0.642578	0.00237501
0.619141	0.443359	-0.0012653
0.615234	0.439453	-0.00125007
0.181641	0.236328	-0.0030985
0.138672	0.365234	-0.00363059
0.408203	0.814453	0.00349713
0.736328	0.697266	0.00279128
0.337891	0.294922	-0.00231694
0.306641	0.330078	-0.00263083
0.779297	0.490234	0.00340925
0.322266	0.634766	-0.00218639
0.587891	0.662109	-0.00226798
0.533203	0.689453	-0.00293966
0.564453	0.634766	0.00218458
0.287109	0.798828	-0.00320488
0.603516	0.818359	-0.00343174
0.185547	0.669922	0.00312718
0.775391	0.595703	0.00339457
0.267578	0.427734	-0.00331136
0.478516	0.259766	0.00329609
0.423828	0.658203	0.00296227
0.619141	0.513672	0.00295673
0.623047	0.447266	-0.00158674
0.517578	0.833984	-0.00361586
0.701172	0.283203	-0.00268126
0.388672	0.259766	-0.00300705
0.775391	0.462891	0.00339622
0.333984	0.646484	-0.00222988
0.541016	0.255859	0.00337114
0.544922	0.685547	-0.00292593
0.294922	0.451172	0.00325003
0.615234	0.494141	0.00291852
0.607422	0.583984	0.00263186
0.634766	0.462891	-0.00216804
0.611328	0.435547	-0.00156491
0.259766	0.783203	-0.00298638
0.185547	0.255859	0.0031721
0.595703	0.236328	-0.00343393
0.298828	0.341797	-0.00283859
0.275391	0.552734	-0.00321402
0.595703	0.603516	0.00231257
0.650391	0.501953	-0.00280674
0.162109	0.658203	-0.00341185
0.181641	0.263672	0.00323857
0.291016	0.779297	0.00311315
0.744141	0.326172	-0.00272047
0.322266	0.310547	-0.00242685
0.380859	0.298828	0.00263083
0.513672	0.255859	0.00343179
0.619141	0.544922	0.00306904
0.134766	0.537109	-0.00369786
0.201172	0.697266	0.00295277
0.271484	0.408203	-0.00335329
0.279297	0.564453	-0.00318722
0.306641	0.396484	0.00313131
0.611328	0.482422	0.00293488
0.447266	0.697266	-0.00332038
0.751953	0.716797	-0.00292686
0.681641	0.302734	0.00269763
0.392578	0.291016	0.00284128
0.357422	0.318359	0.00228329
0.353516	0.322266	0.00222988
0.310547	0.556641	0.00302001
0.423828	0.693359	-0.00327648
0.587891	0.423828	-0.00141508
0.591797	0.423828	-0.00179768
0.150391	0.552734	0.00362778
0.798828	0.591797	-0.00359815
0.798828	0.462891	-0.00358224
0.349609	0.326172	0.00233465
0.263672	0.474609	-0.0035064
0.603516	0.591797	0.00270535
0.802734	0.556641	-0.00365884
0.396484	0.255859	-0.00319559
0.623047	0.271484	0.00328212
0.611328	0.267578	0.00334754
0.263672	0.470703	-0.00351961
0.330078	0.591797	0.00265691
0.294922	0.494141	0.00339373
0.517578	0.658203	0.00315108
0.650391	0.568359	-0.00314177
0.150391	0.310547	-0.0036143
0.279297	0.794922	-0.00324188
0.146484	0.521484	0.00368771
0.349609	0.802734	0.00351778
0.802734	0.498047	-0.00366226
0.748047	0.380859	0.00311502
0.751953	0.388672	0.00318169
0.728516	0.349609	0.00278675
0.318359	0.630859	-0.00249701
0.458984	0.263672	0.00340254
0.263672	0.478516	-0.00354648
0.298828	0.423828	0.00337656
0.529297	0.654297	0.00305509
0.615234	0.564453	0.00312264
0.626953	0.451172	-0.00218961
0.181641	0.662109	0.0033098
0.189453	0.677734	0.00320373
0.552734	0.810547	0.00359094
0.544922	0.255859	0.00356355
0.302734	0.408203	0.00332724
0.146484	0.607422	-0.00365057
0.572266	0.826172	-0.00364088
0.306641	0.787109	0.00333567
0.380859	0.263672	-0.00312744
0.478516	0.232422	-0.00360703
0.361328	0.314453	0.00249412
0.263672	0.466797	-0.003586
0.439453	0.662109	0.00336009
0.607422	0.431641	-0.00220447
0.166016	0.302734	0.00354727
0.740234	0.732422	-0.00281115
0.779297	0.388672	-0.00340563
0.650391	0.283203	0.00317304
0.337891	0.650391	-0.00257102
0.322266	0.580078	0.00292507
0.654297	0.533203	-0.00334097
0.283203	0.154297	0.00313511
0.146484	0.400391	0.00374368
0.748047	0.677734	0.00322838
0.751953	0.669922	0.00327967
0.341797	0.291016	-0.00265726
0.654297	0.537109	-0.0033672
0.251953	0.162109	-0.00313908
0.466797	0.818359	0.00372844
0.314453	0.376953	0.00321303
0.263672	0.482422	-0.00363964
0.498047	0.697266	-0.00351909
0.611328	0.576172	0.00314721
0.654297	0.529297	-0.00341125
0.470703	0.818359	0.00373806
0.345703	0.330078	0.00259875
0.318359	0.369141	0.00314625
0.509766	0.255859	0.00364208
0.373047	0.634766	0.0028493
0.392578	0.646484	0.00310273
0.501953	0.662109	0.00343235
0.646484	0.486328	-0.0031808
0.294922	0.802734	-0.0034347
0.666016	0.767578	0.00309094
0.728516	0.708984	0.00294256
0.462891	0.818359	0.00374995
0.408203	0.689453	-0.00343853
0.619141	0.509766	0.00347317
0.158203	0.330078	0.00367815
0.642578	0.279297	0.00333497
0.294922	0.447266	0.00362441
0.654297	0.541016	-0.00348942
0.576172	0.435547	-0.00312857
0.244141	0.181641	0.00281529
0.439453	0.240234	-0.00359253
0.263672	0.462891	-0.00370529
0.580078	0.427734	-0.0010645
0.583984	0.423828	-0.00217176
0.216797	0.208984	0.0028476
0.259766	0.759766	0.00300795
0.474609	0.818359	0.00377872
0.267578	0.521484	-0.00364761
0.771484	0.615234	0.00364944
0.771484	0.443359	0.00363348
0.396484	0.685547	-0.00344902
0.654297	0.525391	-0.00357847
0.150391	0.369141	0.0037754
0.759766	0.705078	-0.00323406
0.458984	0.818359	0.00380265
0.330078	0.349609	0.00302433
0.595703	0.423828	-0.00299529
0.318359	0.314453	-0.00282211
0.400391	0.650391	0.00335082
0.619141	0.548828	0.00360929
0.646484	0.583984	-0.00347145
0.576172	0.431641	-0.00308632
0.529297	0.814453	0.00378867
0.580078	0.259766	0.00372478
0.291016	0.591797	-0.00333664
0.287109	0.583984	-0.00339801
0.263672	0.486328	-0.00378559
0.705078	0.767578	-0.00297017
0.302734	0.611328	-0.00312009
0.654297	0.544922	-0.00370678
0.169922	0.291016	0.00362428
0.599609	0.798828	0.00364104
0.548828	0.255859	0.00380671
0.626953	0.623047	-0.00306621
0.150391	0.623047	-0.00372211
0.478516	0.818359	0.00385046
0.658203	0.287109	0.0033394
0.365234	0.310547	0.00286173
0.689453	0.779297	-0.00318141
0.779297	0.572266	0.00382788
0.294922	0.498047	0.00379516
0.443359	0.697266	-0.00378186
0.189453	0.248047	0.00337607
0.455078	0.236328	-0.003766
0.521484	0.693359	-0.00371339
0.419922	0.833984	-0.00386712
0.779297	0.486328	0.00383309
0.298828	0.521484	0.00374399
0.384766	0.642578	0.0033069
0.650391	0.498047	-0.00368037
0.630859	0.455078	-0.00306107
0.154297	0.576172	0.00379685
0.744141	0.373047	0.00335153
0.755859	0.396484	0.00354268
0.177734	0.271484	0.0035621
0.455078	0.818359	0.00388664
0.314453	0.626953	-0.00296774
0.560547	0.638672	0.00317578
0.263672	0.458984	-0.0038773
0.654297	0.521484	-0.00384314
0.138672	0.568359	-0.00384757
0.189453	0.712891	-0.00326392
0.599609	0.458984	0.00323099
0.603516	0.427734	-0.00318946
0.275391	0.392578	-0.00372186
0.208984	0.708984	0.00313853
0.349609	0.615234	0.00272963
0.345703	0.611328	0.00280872
0.638672	0.603516	-0.00350275
0.353516	0.619141	0.00283272
0.638672	0.783203	0.0035128
