0.314453	0.138672	-0.00334926
0.138672	0.458984	-0.00368423
0.138672	0.462891	-0.003665
0.138672	0.466797	-0.00366857
0.138672	0.470703	-0.00369527
0.142578	0.392578	-0.00370659
0.138672	0.455078	-0.00372583
0.138672	0.474609	-0.00374515
0.138672	0.451172	-0.00378955
0.138672	0.478516	-0.00381797
0.138672	0.447266	-0.00387537
0.318359	0.138672	-0.00197908
0.142578	0.537109	-0.00380496
0.146484	0.365234	-0.0035922
0.142578	0.396484	-0.00328054
0.142578	0.533203	-0.00337832
0.306641	0.142578	-0.00258762
0.146484	0.564453	-0.00364753
0.150391	0.345703	-0.00332885
0.142578	0.400391	-0.00288112
0.146484	0.369141	-0.00297584
0.154297	0.603516	-0.00373388
0.142578	0.529297	-0.00297605
0.158203	0.314453	-0.00318745
0.150391	0.583984	-0.0032887
0.326172	0.134766	-0.00305234
0.146484	0.560547	-0.00303622
0.142578	0.404297	-0.00250777
0.154297	0.330078	-0.00295339
0.169922	0.279297	-0.00347255
0.142578	0.525391	-0.0025979
0.330078	0.134766	-0.0018212
0.150391	0.349609	-0.00255578
0.146484	0.373047	-0.00238819
0.162109	0.630859	-0.00361778
0.298828	0.146484	-0.00210853
0.142578	0.408203	-0.00215946
0.162109	0.302734	-0.00284591
0.166016	0.642578	-0.00366072
0.166016	0.291016	-0.0029313
0.142578	0.521484	-0.00224392
0.451172	0.826172	-0.00386679
0.333984	0.134766	-0.000643916
0.146484	0.556641	-0.00245168
0.486328	0.826172	-0.00387116
0.267578	0.162109	-0.00272735
0.455078	0.826172	-0.00374867
0.154297	0.599609	-0.00281489
0.404297	0.822266	-0.00379254
0.482422	0.826172	-0.00375295
0.150391	0.580078	-0.00252972
0.458984	0.826172	-0.00366026
0.142578	0.412109	-0.00183508
0.462891	0.826172	-0.00360178
0.478516	0.826172	-0.00366418
0.158203	0.615234	-0.00291016
0.154297	0.431641	0.00373354
0.154297	0.490234	0.00386046
0.466797	0.826172	-0.00357316
0.470703	0.826172	-0.00357418
0.474609	0.826172	-0.00360459
0.173828	0.271484	-0.00289906
0.146484	0.376953	-0.00182803
0.142578	0.517578	-0.00191413
0.533203	0.822266	-0.00377792
0.380859	0.818359	-0.0035964
0.154297	0.486328	0.00367461
0.189453	0.240234	-0.0032493
0.337891	0.134766	0.000505447
0.291016	0.150391	-0.00182975
0.154297	0.435547	0.00356467
0.173828	0.662109	-0.00348756
0.154297	0.333984	-0.00204866
0.162109	0.361328	0.00375066
0.158203	0.318359	-0.0021363
0.150391	0.353516	-0.00181156
0.275391	0.158203	-0.00217224
0.154297	0.439453	0.00342119
0.154297	0.482422	0.00351457
0.142578	0.416016	-0.00153379
0.408203	0.822266	-0.00330478
0.158203	0.388672	0.00349421
0.158203	0.533203	0.00377671
0.310547	0.142578	-0.00111799
0.146484	0.552734	-0.00189379
0.283203	0.154297	-0.00185961
0.154297	0.443359	0.00330338
0.154297	0.478516	0.00338024
0.142578	0.513672	-0.00160834
0.255859	0.169922	-0.00257958
0.154297	0.447266	0.00321103
0.154297	0.474609	0.00327137
0.333984	0.806641	-0.00360783
0.556641	0.818359	-0.00353556
0.529297	0.822266	-0.00329044
0.177734	0.263672	-0.00258102
0.322266	0.138672	-0.000650422
0.185547	0.248047	-0.00274051
0.154297	0.451172	0.00314412
0.154297	0.470703	0.00318774
0.337891	0.130859	-0.00322255
0.154297	0.455078	0.00310267
0.154297	0.466797	0.00312913
0.576172	0.814453	-0.00368336
0.162109	0.626953	-0.00244433
0.154297	0.458984	0.00308652
0.154297	0.462891	0.0030954
0.197266	0.228516	-0.00298572
0.142578	0.419922	-0.00125533
0.150391	0.576172	-0.00180046
0.412109	0.822266	-0.00284786
0.158203	0.529297	0.00329536
0.181641	0.255859	-0.00253097
0.177734	0.669922	-0.00307957
0.591797	0.810547	-0.00374981
0.146484	0.380859	-0.00129406
0.142578	0.509766	-0.00132641
0.384766	0.818359	-0.00290327
0.158203	0.392578	0.00303332
0.169922	0.650391	-0.0027069
0.154297	0.595703	-0.00192794
0.162109	0.365234	0.0030796
0.169922	0.283203	-0.00203938
0.365234	0.814453	-0.00293187
0.240234	0.181641	-0.00262707
0.162109	0.556641	0.00341658
0.166016	0.638672	-0.00236506
0.162109	0.306641	-0.00168104
0.525391	0.822266	-0.00283474
0.208984	0.212891	-0.00288405
0.173828	0.314453	0.00330125
0.181641	0.291016	0.00355407
0.142578	0.423828	-0.00100014
0.146484	0.548828	-0.00136221
0.349609	0.810547	-0.00292424
0.294922	0.791016	-0.00347786
0.333984	0.142578	0.00353337
0.341797	0.130859	-0.00210751
0.158203	0.611328	-0.00188429
0.181641	0.677734	-0.0029297
0.166016	0.345703	0.00300103
0.142578	0.505859	-0.00106837
0.185547	0.685547	-0.003031
0.166016	0.576172	0.00335619
0.150391	0.357422	-0.00109741
0.166016	0.294922	-0.00163038
0.552734	0.818359	-0.00284726
0.158203	0.525391	0.00284162
0.416016	0.822266	-0.00242125
0.158203	0.396484	0.00259956
0.177734	0.302734	0.00321047
0.154297	0.337891	-0.00117729
0.173828	0.607422	0.00359805
0.345703	0.130859	-0.00104603
0.603516	0.806641	-0.00331606
0.142578	0.427734	-0.000769086
0.169922	0.330078	0.00282937
0.791016	0.548828	-0.00383163
0.142578	0.501953	-0.000834422
0.521484	0.822266	-0.00241061
0.572266	0.814453	-0.00281369
0.146484	0.384766	-0.000785558
0.388672	0.818359	-0.00224371
0.162109	0.552734	0.00275682
0.169922	0.591797	0.00316737
0.314453	0.798828	-0.00282661
0.615234	0.802734	-0.00330516
0.787109	0.587891	-0.0037908
0.791016	0.509766	-0.00380475
0.158203	0.322266	-0.00111805
0.162109	0.369141	0.00244015
0.791016	0.544922	-0.00366033
0.150391	0.572266	-0.001101
0.158203	0.521484	0.00241532
0.791016	0.513672	-0.00363971
0.263672	0.166016	-0.00144535
0.419922	0.822266	-0.00202525
0.158203	0.400391	0.00219148
0.337891	0.806641	-0.00244299
0.177734	0.619141	0.0034312
0.236328	0.185547	-0.00219575
0.212891	0.208984	-0.00238314
0.791016	0.541016	-0.00352681
0.345703	0.138672	0.003164
0.349609	0.130859	-4.74938e-06
0.146484	0.544922	-0.000856842
0.302734	0.146484	-0.000529583
0.142578	0.431641	-0.000562949
0.587891	0.810547	-0.00272471
0.193359	0.236328	-0.00198179
0.197266	0.705078	-0.00285779
0.205078	0.716797	-0.00308738
0.416016	0.802734	0.00378766
0.791016	0.517578	-0.00351229
0.326172	0.146484	0.00282596
0.142578	0.498047	-0.000624514
0.369141	0.814453	-0.00209049
0.173828	0.658203	-0.00197057
0.185547	0.283203	0.00286594
0.267578	0.775391	-0.00310658
0.791016	0.537109	-0.00343113
0.173828	0.275391	-0.00136757
0.517578	0.822266	-0.00201771
0.326172	0.802734	-0.00239974
0.787109	0.470703	-0.00368527
0.791016	0.521484	-0.00342209
0.791016	0.533203	-0.00337313
0.791016	0.525391	-0.0033688
0.791016	0.529297	-0.00335244
0.154297	0.591797	-0.0010728
0.548828	0.818359	-0.00219256
0.251953	0.173828	-0.00167769
0.201172	0.224609	-0.00200699
0.775391	0.638672	-0.00361821
0.783203	0.607422	-0.0033812
0.166016	0.349609	0.00219981
0.634766	0.794922	-0.00311982
0.166016	0.572266	0.00253641
0.771484	0.650391	-0.00362592
0.787109	0.583984	-0.00323222
0.142578	0.435547	-0.000381922
0.142578	0.494141	-0.000438262
0.162109	0.623047	-0.00130665
0.423828	0.822266	-0.00166022
0.158203	0.517578	0.00201632
0.353516	0.810547	-0.00192425
0.173828	0.318359	0.00220013
0.158203	0.404297	0.00180944
0.162109	0.548828	0.00212702
0.419922	0.802734	0.0033632
0.513672	0.802734	0.00354182
0.353516	0.130859	0.000995416
0.146484	0.388672	-0.000302653
0.150391	0.361328	-0.000414013
0.232422	0.189453	-0.00189723
0.216797	0.205078	-0.00198985
0.162109	0.373047	0.00182825
0.142578	0.439453	-0.000225551
0.142578	0.490234	-0.000275075
0.392578	0.818359	-0.00161764
0.306641	0.794922	-0.00219053
0.513672	0.822266	-0.00165555
0.779297	0.623047	-0.00310988
0.392578	0.798828	0.00327117
0.158203	0.607422	-0.000892336
0.568359	0.814453	-0.00197955
0.318359	0.150391	0.00231562
0.373047	0.794922	0.00329533
0.787109	0.474609	-0.00313351
0.541016	0.798828	0.00352355
0.337891	0.142578	0.00217345
0.146484	0.541016	-0.000377427
0.169922	0.646484	-0.00131988
0.189453	0.275391	0.00242436
0.201172	0.251953	0.00272246
0.181641	0.294922	0.00219579
0.169922	0.333984	0.00188483
0.173828	0.603516	0.00248936
0.357422	0.791016	0.00334822
0.783203	0.451172	-0.00321114
0.142578	0.443359	-9.30118e-05
0.142578	0.486328	-0.00013454
0.154297	0.341797	-0.000338066
0.166016	0.634766	-0.00110769
0.599609	0.806641	-0.00216417
0.666016	0.779297	-0.00319425
0.427734	0.822266	-0.00132658
0.169922	0.587891	0.00220909
0.185547	0.638672	0.0028808
0.158203	0.513672	0.00164423
0.787109	0.580078	-0.00271275
0.560547	0.794922	0.00358363
0.423828	0.802734	0.00297448
0.509766	0.802734	0.00313888
0.150391	0.568359	-0.000430789
0.162109	0.310547	-0.000552759
0.271484	0.162109	-0.000735748
0.189453	0.244141	-0.00127127
0.193359	0.697266	-0.00201099
0.275391	0.779297	-0.00234671
0.177734	0.306641	0.00198221
0.287109	0.166016	0.00263354
0.642578	0.791016	-0.00273506
0.544922	0.818359	-0.00157106
0.158203	0.408203	0.00145315
0.759766	0.677734	-0.00333454
0.576172	0.791016	0.00364506
0.294922	0.150391	-0.000164341
0.177734	0.267578	-0.000941477
0.177734	0.666016	-0.00146131
0.228516	0.193359	-0.0017072
0.220703	0.201172	-0.00173509
0.623047	0.798828	-0.00232912
0.509766	0.822266	-0.00132378
0.755859	0.685547	-0.00335819
0.349609	0.138672	0.00191651
0.353516	0.126953	-0.00276313
0.357422	0.130859	0.00190961
0.142578	0.447266	1.64898e-05
0.142578	0.482422	-1.65055e-05
0.197266	0.259766	0.00234026
0.193359	0.267578	0.00225094
0.783203	0.603516	-0.00261379
0.775391	0.419922	-0.0033135
0.314453	0.142578	0.000299557
0.169922	0.287109	-0.000643346
0.208984	0.720703	-0.00230922
0.251953	0.763672	-0.00244406
0.373047	0.814453	-0.00128512
0.583984	0.810547	-0.00173692
0.658203	0.783203	-0.00276019
0.650391	0.787109	-0.00261014
0.142578	0.451172	0.000103484
0.142578	0.478516	7.89748e-05
0.298828	0.791016	-0.00181577
0.166016	0.353516	0.00142492
0.611328	0.802734	-0.0020243
0.310547	0.154297	0.00202519
0.166016	0.568359	0.00174738
0.162109	0.544922	0.00152704
0.787109	0.478516	-0.0026207
0.427734	0.802734	0.00262125
0.505859	0.802734	0.00277066
0.224609	0.197266	-0.00164457
0.431641	0.822266	-0.0010245
0.177734	0.615234	0.00220029
0.181641	0.626953	0.00232326
0.158203	0.509766	0.00129873
0.333984	0.783203	0.00303601
0.345703	0.787109	0.00296092
0.771484	0.408203	-0.0032454
0.779297	0.435547	-0.0028781
0.396484	0.798828	0.00262449
0.142578	0.455078	0.000168222
0.142578	0.474609	0.000151688
0.146484	0.392578	0.000154007
0.158203	0.326172	-0.000133909
0.166016	0.298828	-0.000371066
0.181641	0.259766	-0.000782464
0.185547	0.251953	-0.00088866
0.283203	0.783203	-0.00188957
0.341797	0.806641	-0.00131731
0.294922	0.162109	0.00215198
0.263672	0.181641	0.00259363
0.396484	0.818359	-0.00102514
0.162109	0.376953	0.0012442
0.158203	0.412109	0.00112253
0.326172	0.138672	0.000638068
0.767578	0.658203	-0.0027053
0.775391	0.634766	-0.00248576
0.787109	0.576172	-0.00223178
0.537109	0.798828	0.00286167
0.576172	0.248047	-0.00382177
0.142578	0.458984	0.000210695
0.142578	0.462891	0.000230636
0.142578	0.466797	0.00022762
0.142578	0.470703	0.000201316
0.154297	0.587891	-0.000248874
0.287109	0.154297	-6.0543e-05
0.279297	0.158203	-0.000269205
0.189453	0.689453	-0.00146625
0.291016	0.787109	-0.00171563
0.216797	0.228516	0.0025401
0.302734	0.158203	0.00196362
0.505859	0.822266	-0.0010224
0.744141	0.705078	-0.00310073
0.314453	0.775391	0.00310086
0.587891	0.787109	0.00324735
0.146484	0.537109	7.6601e-05
0.181641	0.673828	-0.00120659
0.205078	0.220703	-0.00115324
0.201172	0.708984	-0.0017697
0.263672	0.771484	-0.00198781
0.318359	0.798828	-0.00142305
0.677734	0.771484	-0.00276292
0.291016	0.763672	0.00324409
0.783203	0.455078	-0.00245069
0.501953	0.802734	0.00243711
0.357422	0.126953	-0.00180866
0.357422	0.134766	0.00317322
0.208984	0.240234	0.00222616
0.275391	0.173828	0.00221855
0.189453	0.646484	0.00230695
0.779297	0.619141	-0.00216387
0.376953	0.794922	0.00244907
0.599609	0.783203	0.00331033
0.431641	0.802734	0.00230331
0.595703	0.251953	-0.00355439
0.763672	0.568359	0.00374954
0.150391	0.365234	0.000238355
0.185547	0.681641	-0.0012087
0.248047	0.177734	-0.000854325
0.564453	0.814453	-0.00118081
0.541016	0.818359	-0.000982523
0.435547	0.822266	-0.000753948
0.158203	0.505859	0.00097964
0.771484	0.646484	-0.00234564
0.787109	0.482422	-0.00214643
0.556641	0.794922	0.00272486
0.611328	0.255859	-0.00355675
0.330078	0.802734	-0.0011373
0.357422	0.810547	-0.000961182
0.501953	0.822266	-0.000751592
0.158203	0.416016	0.000817694
0.306641	0.771484	0.00286466
0.330078	0.146484	0.00135676
0.763672	0.388672	-0.0030867
0.763672	0.494141	0.00372781
0.173828	0.322266	0.00113284
0.298828	0.767578	0.00290943
0.783203	0.599609	-0.00188702
0.361328	0.791016	0.00233069
0.787109	0.572266	-0.00178933
0.619141	0.775391	0.00331756
0.435547	0.802734	0.0020202
0.498047	0.802734	0.0021381
0.572266	0.248047	-0.00326095
0.482422	0.248047	-0.00352079
0.197266	0.232422	-0.000823646
0.185547	0.287109	0.00140167
0.169922	0.583984	0.00128482
0.162109	0.541016	0.000956651
0.205078	0.677734	0.00260117
0.400391	0.798828	0.0020139
0.572266	0.791016	0.00261599
0.533203	0.798828	0.00223655
0.634766	0.263672	-0.00349686
0.755859	0.611328	0.0035853
0.763672	0.564453	0.00335087
0.595703	0.541016	-0.00193457
0.259766	0.169922	-0.000344065
0.150391	0.564453	0.000211694
0.162109	0.619141	-0.000205085
0.169922	0.337891	0.000969457
0.630859	0.794922	-0.00159554
0.173828	0.599609	0.00141638
0.439453	0.822266	-0.000514521
0.212891	0.724609	-0.00166013
0.248047	0.759766	-0.00177072
0.162109	0.380859	0.000687008
0.166016	0.564453	0.000989455
0.498047	0.822266	-0.000511495
0.158203	0.501953	0.000686993
0.623047	0.259766	-0.00324535
0.494141	0.802734	0.00187353
0.759766	0.591797	0.00326848
0.763672	0.498047	0.00332984
0.146484	0.396484	0.000583792
0.158203	0.603516	6.61644e-05
0.173828	0.654297	-0.000493129
0.376953	0.814453	-0.000515316
0.400391	0.818359	-0.000466315
0.595703	0.806641	-0.00105114
0.158203	0.419922	0.000538738
0.193359	0.654297	0.0019837
0.763672	0.666016	-0.00204992
0.267578	0.748047	0.00294288
0.759766	0.380859	-0.00275445
0.775391	0.423828	-0.00219131
0.642578	0.763672	0.00334535
0.787109	0.486328	-0.00171061
0.626953	0.771484	0.00304466
0.439453	0.802734	0.00177146
0.361328	0.126953	-0.000903768
0.361328	0.134766	0.00204355
0.154297	0.345703	0.000470923
0.146484	0.533203	0.000505504
0.166016	0.357422	0.000677275
0.693359	0.759766	-0.00242385
0.443359	0.822266	-0.000305595
0.732422	0.720703	-0.0025939
0.201172	0.669922	0.00212353
0.748047	0.697266	-0.00228745
0.279297	0.755859	0.00268435
0.326172	0.779297	0.00215878
0.751953	0.365234	-0.00296361
0.779297	0.439453	-0.00193998
0.783203	0.458984	-0.00173185
0.755859	0.451172	0.00351874
0.486328	0.248047	-0.00298377
0.341797	0.142578	0.000822117
0.763672	0.560547	0.00299646
0.220703	0.224609	0.00181753
0.259766	0.185547	0.00186076
0.580078	0.810547	-0.000786162
0.494141	0.822266	-0.000302103
0.197266	0.662109	0.00192285
0.220703	0.701172	0.00264617
0.767578	0.400391	-0.00226388
0.755859	0.373047	-0.00270944
0.787109	0.568359	-0.00138556
0.634766	0.767578	0.00305094
0.443359	0.802734	0.00155685
0.490234	0.802734	0.00164339
0.591797	0.251953	-0.00274293
0.568359	0.248047	-0.00274844
0.462891	0.251953	-0.00311786
0.759766	0.470703	0.00322462
0.181641	0.298828	0.000866015
0.177734	0.310547	0.00078534
0.669922	0.775391	-0.0018504
0.537109	0.818359	-0.000426809
0.185547	0.634766	0.00142956
0.158203	0.498047	0.000420823
0.380859	0.794922	0.00164154
0.552734	0.794922	0.00190522
0.744141	0.646484	0.00317302
0.763672	0.501953	0.00297706
0.353516	0.138672	0.000686894
0.173828	0.279297	0.000122377
0.205078	0.248047	0.00137229
0.447266	0.822266	-0.000126545
0.158203	0.423828	0.000285669
0.212891	0.689453	0.00222736
0.349609	0.787109	0.00180472
0.771484	0.412109	-0.00197598
0.607422	0.779297	0.00240374
0.787109	0.490234	-0.00131349
0.529297	0.798828	0.00164795
0.486328	0.802734	0.00144757
0.751953	0.623047	0.00291218
0.763672	0.556641	0.00268608
0.310547	0.794922	-0.000683944
0.283203	0.169922	0.00131213
0.619141	0.798828	-0.000949506
0.560547	0.814453	-0.000417464
0.177734	0.611328	0.00100686
0.162109	0.537109	0.000415473
0.490234	0.822266	-0.000123286
0.759766	0.673828	-0.00167111
0.775391	0.630859	-0.00139727
0.779297	0.615234	-0.00126002
0.337891	0.783203	0.00173856
0.783203	0.595703	-0.00120077
0.404297	0.798828	0.00143909
0.583984	0.787109	0.00208153
0.673828	0.283203	-0.00311893
0.642578	0.267578	-0.00279661
0.447266	0.802734	0.00137628
0.607422	0.255859	-0.00253284
0.412109	0.267578	-0.0035539
0.447266	0.255859	-0.00301065
0.365234	0.126953	-1.24266e-05
0.162109	0.314453	0.000541125
0.166016	0.630859	0.000111526
0.169922	0.642578	2.67577e-05
0.271484	0.775391	-0.00103465
0.189453	0.279297	0.000847993
0.322266	0.150391	0.000751926
0.607422	0.802734	-0.0007829
0.740234	0.708984	-0.00201548
0.158203	0.494141	0.000181113
0.751953	0.689453	-0.00177992
0.482422	0.802734	0.00128598
0.755859	0.607422	0.00266525
0.759766	0.587891	0.00259048
0.564453	0.248047	-0.00228415
0.490234	0.248047	-0.00249558
0.763672	0.505859	0.00266916
0.208984	0.216797	-0.000442903
0.150391	0.369141	0.000860316
0.154297	0.583984	0.000545304
0.197266	0.701172	-0.000742929
0.638672	0.791016	-0.00110836
0.162109	0.384766	0.000158221
0.681641	0.767578	-0.0017281
0.181641	0.623047	0.00100318
0.451172	0.822266	2.29515e-05
0.158203	0.427734	5.88878e-05
0.486328	0.822266	2.51625e-05
0.787109	0.564453	-0.00102054
0.595703	0.783203	0.00200409
0.685547	0.291016	-0.0029937
0.724609	0.685547	0.0032254
0.451172	0.802734	0.00122973
0.748047	0.634766	0.002768
0.763672	0.552734	0.00241962
0.548828	0.275391	0.00385843
0.306641	0.146484	0.0010116
0.244141	0.181641	-0.000162147
0.146484	0.400391	0.000986567
0.216797	0.728516	-0.00114082
0.244141	0.755859	-0.00122921
0.345703	0.806641	-0.00023024
0.271484	0.177734	0.0011859
0.404297	0.818359	5.92199e-05
0.755859	0.681641	-0.00157769
0.767578	0.654297	-0.00131691
0.365234	0.791016	0.00135272
0.568359	0.791016	0.00162798
0.455078	0.802734	0.00111719
0.478516	0.802734	0.00115873
0.763672	0.509766	0.0024057
0.283203	0.458984	-0.00384033
0.365234	0.134766	0.000929588
0.369141	0.130859	0.00341952
0.146484	0.529297	0.000909747
0.205078	0.712891	-0.000796458
0.259766	0.767578	-0.000987661
0.212891	0.236328	0.00117702
0.361328	0.810547	-3.56791e-05
0.662109	0.779297	-0.00123816
0.697266	0.755859	-0.00183461
0.728516	0.724609	-0.00197457
0.455078	0.822266	0.000142786
0.482422	0.822266	0.000143548
0.158203	0.490234	-3.21341e-05
0.263672	0.744141	0.00219043
0.771484	0.642578	-0.00110871
0.654297	0.755859	0.00269412
0.787109	0.494141	-0.000955354
0.458984	0.802734	0.00103865
0.474609	0.802734	0.00106596
0.470703	0.802734	0.00100768
0.404297	0.271484	-0.00323295
0.751953	0.439453	0.00282709
0.759766	0.474609	0.00254738
0.763672	0.548828	0.00219718
0.291016	0.408203	-0.00369007
0.544922	0.275391	0.00361846
0.283203	0.462891	-0.00369046
0.283203	0.482422	-0.00383936
0.513672	0.275391	0.00373754
0.158203	0.330078	0.000814797
0.150391	0.560547	0.00082676
0.201172	0.255859	0.000808591
0.169922	0.580078	0.000394069
0.166016	0.560547	0.000262727
0.458984	0.822266	0.000232631
0.158203	0.431641	-0.000141066
0.287109	0.759766	0.00185847
0.318359	0.775391	0.00154123
0.341797	0.134766	0.00160885
0.783203	0.462891	-0.0010542
0.666016	0.748047	0.00286265
0.666016	0.279297	-0.00255633
0.650391	0.271484	-0.00240053
0.740234	0.654297	0.00257222
0.462891	0.802734	0.000994166
0.466797	0.802734	0.000983802
0.587891	0.251953	-0.00197965
0.396484	0.275391	-0.00323366
0.423828	0.263672	-0.00278141
0.435547	0.259766	-0.00260984
0.744141	0.416016	0.00305542
0.466797	0.251953	-0.00232596
0.755859	0.455078	0.00259501
0.494141	0.248047	-0.00205591
0.763672	0.513672	0.00218639
0.595703	0.283203	0.00362196
0.283203	0.466797	-0.00360038
0.283203	0.478516	-0.00368922
0.283203	0.470703	-0.00357004
0.283203	0.474609	-0.00359956
0.369141	0.126953	0.000836072
0.193359	0.240234	7.29701e-05
0.193359	0.271484	0.000561742
0.255859	0.189453	0.0012473
0.224609	0.220703	0.00122991
0.169922	0.341797	8.33967e-05
0.646484	0.787109	-0.000876401
0.533203	0.818359	9.63086e-05
0.478516	0.822266	0.000232258
0.462891	0.822266	0.00029229
0.224609	0.705078	0.00194668
0.474609	0.822266	0.000291576
0.744141	0.353516	-0.00226907
0.736328	0.341797	-0.00242166
0.779297	0.443359	-0.00104434
0.787109	0.560547	-0.000694174
0.408203	0.798828	0.000900092
0.525391	0.798828	0.00109614
0.658203	0.275391	-0.00231822
0.630859	0.263672	-0.00213476
0.619141	0.259766	-0.00205314
0.560547	0.248047	-0.001868
0.763672	0.544922	0.00201894
0.287109	0.427734	-0.00336283
0.541016	0.275391	0.00343544
0.517578	0.275391	0.00352373
0.177734	0.662109	0.000112033
0.291016	0.166016	0.000665891
0.380859	0.814453	0.000219583
0.173828	0.326172	9.51585e-05
0.166016	0.361328	-4.01912e-05
0.654297	0.783203	-0.00091567
0.173828	0.595703	0.000379433
0.466797	0.822266	0.000321838
0.158203	0.486328	-0.000218897
0.470703	0.822266	0.000321508
0.763672	0.392578	-0.00154908
0.775391	0.427734	-0.00111288
0.705078	0.306641	-0.00283748
0.615234	0.775391	0.00175398
0.548828	0.794922	0.00112406
0.728516	0.677734	0.00258776
0.748047	0.427734	0.00266226
0.759766	0.583984	0.00195819
0.298828	0.384766	-0.00338623
0.763672	0.541016	0.00188507
0.763672	0.517578	0.00201119
0.576172	0.279297	0.00329698
0.482422	0.279297	0.00367515
0.537109	0.275391	0.00330901
0.521484	0.275391	0.0033672
0.591797	0.548828	0.00230725
0.169922	0.291016	0.000714258
0.302734	0.791016	-0.00019801
0.322266	0.798828	-6.06296e-05
0.197266	0.263672	0.00054319
0.314453	0.154297	0.000367885
0.162109	0.533203	-9.69691e-05
0.189453	0.642578	0.000759304
0.158203	0.435547	-0.000314118
0.783203	0.591797	-0.000554841
0.384766	0.794922	0.00087214
0.720703	0.322266	-0.00267204
0.787109	0.498047	-0.000636231
0.294922	0.396484	-0.00320658
0.763672	0.521484	0.00188007
0.763672	0.537109	0.00179561
0.291016	0.533203	-0.00374919
0.533203	0.275391	0.00323891
0.525391	0.275391	0.00326775
0.529297	0.275391	0.00322508
0.267578	0.166016	0.000619415
0.166016	0.302734	0.000846756
0.279297	0.779297	-0.000393691
0.333984	0.802734	8.34028e-05
0.208984	0.681641	0.00128202
0.275391	0.751953	0.001607
0.787109	0.556641	-0.000406223
0.736328	0.662109	0.00226803
0.732422	0.669922	0.00227055
0.755859	0.603516	0.00179156
0.451172	0.255859	-0.00200611
0.556641	0.248047	-0.00149988
0.498047	0.248047	-0.0016642
0.759766	0.478516	0.00191609
0.619141	0.291016	0.00320434
0.763672	0.525391	0.00179292
0.763672	0.533203	0.00175052
0.763672	0.529297	0.00174969
0.287109	0.513672	-0.00337611
0.177734	0.271484	0.000653971
0.220703	0.732422	-0.000750291
0.240234	0.751953	-0.000817237
0.591797	0.806641	2.25926e-05
0.576172	0.810547	0.00012753
0.162109	0.388672	-0.000341684
0.724609	0.728516	-0.0014863
0.158203	0.482422	-0.000379309
0.158203	0.439453	-0.000460557
0.294922	0.763672	0.00134087
0.310547	0.771484	0.0011921
0.708984	0.310547	-0.0025837
0.716797	0.318359	-0.00250219
0.603516	0.255859	-0.001559
0.751953	0.619141	0.00183384
0.376953	0.287109	-0.0030757
0.724609	0.376953	0.00310922
0.607422	0.287109	0.00309593
0.201172	0.228516	0.000225207
0.146484	0.404297	0.00136293
0.146484	0.525391	0.00128968
0.193359	0.693359	-1.07419e-05
0.298828	0.162109	0.000296731
0.306641	0.158203	0.000214356
0.408203	0.818359	0.000552147
0.556641	0.814453	0.000310681
0.333984	0.146484	-8.22895e-05
0.701172	0.751953	-0.00137758
0.302734	0.767578	0.00112247
0.779297	0.611328	-0.000398478
0.712891	0.314453	-0.0024721
0.646484	0.759766	0.00191699
0.787109	0.501953	-0.000355826
0.521484	0.798828	0.000581319
0.740234	0.408203	0.00244484
0.287109	0.431641	-0.0027253
0.466797	0.283203	0.00320646
0.486328	0.279297	0.00299327
0.369141	0.123047	-0.00294564
0.373047	0.126953	0.00158901
0.154297	0.349609	0.00125082
0.158203	0.599609	0.00099198
0.162109	0.615234	0.000862
0.294922	0.787109	1.395e-05
0.185547	0.291016	-3.332e-05
0.744141	0.701172	-0.00100862
0.216797	0.693359	0.00120564
0.158203	0.443359	-0.000580894
0.158203	0.478516	-0.000513687
0.259766	0.740234	0.00156527
0.353516	0.787109	0.000688575
0.767578	0.404297	-0.000884919
0.748047	0.361328	-0.00151628
0.783203	0.466797	-0.000417278
0.689453	0.294922	-0.00210548
0.580078	0.787109	0.000958238
0.412109	0.798828	0.000396949
0.677734	0.287109	-0.00188813
0.787109	0.552734	-0.000156407
0.712891	0.701172	0.00235436
0.744141	0.642578	0.00176686
0.583984	0.251953	-0.00126457
0.716797	0.365234	0.00313033
0.470703	0.251953	-0.00158411
0.755859	0.458984	0.00171996
0.501953	0.248047	-0.00131999
0.291016	0.412109	-0.00273769
0.591797	0.283203	0.00267588
0.298828	0.556641	-0.00356902
0.572266	0.279297	0.00265237
0.591797	0.544922	-0.000393705
0.212891	0.212891	0.000123077
0.287109	0.783203	-5.00971e-05
0.251953	0.193359	0.000773744
0.228516	0.216797	0.000764676
0.626953	0.794922	-0.000113289
0.529297	0.818359	0.000587128
0.736328	0.712891	-0.00105623
0.228516	0.708984	0.00137421
0.158203	0.447266	-0.000675414
0.158203	0.474609	-0.000622379
0.763672	0.662109	-0.00054786
0.775391	0.626953	-0.000352603
0.330078	0.779297	0.000752926
0.771484	0.416016	-0.000751853
0.759766	0.384766	-0.00110475
0.623047	0.771484	0.00137084
0.564453	0.791016	0.000680646
0.669922	0.744141	0.00206939
0.748047	0.630859	0.00152679
0.416016	0.267578	-0.00202381
0.759766	0.580078	0.00137154
0.751953	0.443359	0.00174538
0.552734	0.248047	-0.00117944
0.302734	0.376953	-0.00269331
0.431641	0.294922	0.00344609
0.294922	0.544922	-0.00331033
0.369141	0.134766	-0.000161337
0.373047	0.130859	0.00251913
0.255859	0.173828	0.000603738
0.189453	0.248047	0.000655878
0.150391	0.373047	0.00145293
0.181641	0.669922	0.000472395
0.673828	0.771484	-0.000621864
0.685547	0.763672	-0.000816046
0.166016	0.556641	-0.000433025
0.158203	0.451172	-0.000744151
0.158203	0.470703	-0.000705652
0.369141	0.791016	0.00041401
0.603516	0.779297	0.000994762
0.638672	0.763672	0.0014436
0.787109	0.505859	-0.000113752
0.720703	0.689453	0.0020371
0.361328	0.298828	-0.00284906
0.728516	0.384766	0.00245726
0.759766	0.482422	0.00133058
0.287109	0.509766	-0.00273166
0.318359	0.142578	0.00167244
0.224609	0.736328	-0.000489986
0.236328	0.748047	-0.000533923
0.177734	0.314453	-0.000381065
0.162109	0.529297	-0.000581214
0.177734	0.607422	-0.00014943
0.720703	0.732422	-0.00112873
0.193359	0.650391	0.000330498
0.205078	0.673828	0.00062701
0.158203	0.455078	-0.000787125
0.158203	0.466797	-0.000763696
0.158203	0.458984	-0.000804526
0.158203	0.462891	-0.000796652
0.341797	0.783203	0.000482024
0.751953	0.369141	-0.00107694
0.732422	0.337891	-0.00162455
0.345703	0.142578	-0.000500537
0.630859	0.767578	0.00126357
0.591797	0.783203	0.0007408
0.544922	0.794922	0.000381054
0.787109	0.548828	5.54587e-05
0.638672	0.267578	-0.00130969
0.736328	0.400391	0.00213539
0.314453	0.353516	-0.00274463
0.658203	0.310547	0.00285208
0.548828	0.248047	-0.000906161
0.505859	0.248047	-0.00102317
0.291016	0.529297	-0.00277969
0.357422	0.138672	-0.000518212
0.318359	0.455078	0.00373725
0.240234	0.185547	0.000360474
0.181641	0.263672	0.000923419
0.154297	0.580078	0.00130962
0.330078	0.138672	0.00186604
0.150391	0.556641	0.00141482
0.189453	0.685547	0.000417864
0.705078	0.748047	-0.00105629
0.169922	0.576172	-0.000464242
0.185547	0.630859	1.78608e-05
0.783203	0.587891	5.08783e-05
0.755859	0.376953	-0.00094177
0.779297	0.447266	-0.000191148
0.388672	0.794922	0.00014103
0.658203	0.751953	0.00157581
0.787109	0.509766	9.02428e-05
0.384766	0.283203	-0.00218718
0.439453	0.259766	-0.00143464
0.732422	0.392578	0.0021362
0.669922	0.318359	0.00289792
0.306641	0.369141	-0.00235115
0.626953	0.294922	0.00244756
0.423828	0.298828	0.00316469
0.416016	0.302734	0.00324863
0.287109	0.435547	-0.00214768
0.490234	0.279297	0.00236968
0.326172	0.412109	0.00365705
0.322266	0.427734	0.00361335
0.587891	0.556641	0.00288454
0.318359	0.482422	0.00371813
0.298828	0.150391	0.00145365
0.185547	0.255859	0.000921909
0.185547	0.677734	0.000571719
0.208984	0.716797	5.40257e-05
0.228516	0.740234	-0.000365871
0.232422	0.744141	-0.000381556
0.255859	0.763672	-0.000109052
0.208984	0.244141	0.000121878
0.216797	0.232422	0.00024523
0.181641	0.302734	-0.000432886
0.279297	0.173828	8.62508e-05
0.267578	0.181641	0.000277039
0.166016	0.365234	-0.000726411
0.603516	0.802734	0.000419142
0.162109	0.392578	-0.00081147
0.416016	0.798828	-6.99619e-05
0.787109	0.544922	0.000229328
0.517578	0.798828	0.000103395
0.615234	0.259766	-0.000911113
0.427734	0.263672	-0.00143178
0.755859	0.599609	0.000963898
0.744141	0.419922	0.00164136
0.748047	0.431641	0.00141781
0.310547	0.361328	-0.00236585
0.544922	0.248047	-0.000679623
0.509766	0.248047	-0.000773917
0.294922	0.400391	-0.00205526
0.455078	0.287109	0.00261921
0.443359	0.291016	0.00269129
0.302734	0.564453	-0.00294622
0.568359	0.279297	0.00206454
0.318359	0.458984	0.00350798
0.318359	0.478516	0.00349409
0.373047	0.123047	-0.00214388
0.376953	0.126953	0.00225392
0.146484	0.408203	0.00171397
0.146484	0.521484	0.00164527
0.173828	0.650391	0.000945204
0.267578	0.771484	0.000158469
0.349609	0.806641	0.000818479
0.365234	0.810547	0.000851943
0.248047	0.197266	0.000443247
0.384766	0.814453	0.00091991
0.169922	0.345703	-0.000769854
0.412109	0.818359	0.00101349
0.615234	0.798828	0.00038687
0.181641	0.619141	-0.000278193
0.716797	0.736328	-0.000905514
0.197266	0.658203	0.000164103
0.201172	0.666016	0.000260125
0.255859	0.736328	0.0010702
0.771484	0.638672	8.4212e-05
0.740234	0.349609	-0.00114198
0.775391	0.431641	-7.79661e-05
0.787109	0.513672	0.000256238
0.626953	0.263672	-0.000822543
0.408203	0.271484	-0.00157501
0.455078	0.255859	-0.00105271
0.474609	0.251953	-0.000892161
0.322266	0.341797	-0.00240017
0.759766	0.576172	0.000830504
0.298828	0.388672	-0.00203352
0.603516	0.287109	0.00196092
0.291016	0.416016	-0.00184557
0.470703	0.283203	0.00227432
0.287109	0.505859	-0.00214888
0.322266	0.509766	0.00360033
0.318359	0.462891	0.0033543
0.318359	0.466797	0.00327622
0.318359	0.474609	0.00334604
0.318359	0.470703	0.0032735
0.232422	0.212891	0.00041897
0.708984	0.744141	-0.000870883
0.748047	0.693359	-0.000313043
0.232422	0.712891	0.00092956
0.767578	0.650391	2.61538e-05
0.759766	0.669922	-5.36773e-05
0.283203	0.755859	0.000587833
0.783203	0.470703	0.000179276
0.693359	0.298828	-0.00135379
0.669922	0.283203	-0.00112008
0.708984	0.705078	0.00163725
0.787109	0.541016	0.000365005
0.787109	0.517578	0.000384254
0.740234	0.650391	0.00104533
0.599609	0.255859	-0.00063537
0.751953	0.615234	0.000803234
0.373047	0.291016	-0.00204857
0.392578	0.279297	-0.0016458
0.580078	0.251953	-0.000597836
0.357422	0.302734	-0.00233755
0.712891	0.361328	0.00229822
0.333984	0.326172	-0.00247879
0.755859	0.462891	0.00089317
0.650391	0.306641	0.00221833
0.759766	0.486328	0.000790833
0.541016	0.248047	-0.000499782
0.513672	0.248047	-0.00057242
0.634766	0.298828	0.00202534
0.615234	0.291016	0.00187552
0.587891	0.283203	0.00178675
0.326172	0.525391	0.00371511
0.275391	0.162109	0.00122122
0.166016	0.626953	0.00129478
0.201172	0.705078	0.000411226
0.525391	0.818359	0.00104594
0.173828	0.591797	-0.000621867
0.712891	0.740234	-0.000820052
0.271484	0.748047	0.000653162
0.673828	0.740234	0.00140628
0.646484	0.271484	-0.000786681
0.787109	0.537109	0.000462416
0.724609	0.681641	0.00119908
0.787109	0.521484	0.000474602
0.400391	0.275391	-0.00144458
0.720703	0.373047	0.00192775
0.537109	0.248047	-0.000366979
0.517578	0.248047	-0.000418743
0.306641	0.572266	-0.00269251
0.310547	0.580078	-0.00282385
0.287109	0.439453	-0.00163013
0.294922	0.541016	-0.00213533
0.564453	0.279297	0.00153309
0.494141	0.279297	0.00180394
0.322266	0.431641	0.00285206
0.216797	0.208984	0.000576349
0.162109	0.318359	0.00160224
0.314453	0.794922	0.000779646
0.244141	0.201172	0.000242384
0.173828	0.330078	-0.000906857
0.552734	0.814453	0.00100418
0.634766	0.791016	0.000475499
0.162109	0.525391	-0.00103763
0.779297	0.607422	0.00042048
0.322266	0.775391	2.47843e-05
0.513672	0.798828	-0.000338278
0.787109	0.533203	0.000521744
0.787109	0.525391	0.000527613
0.787109	0.529297	0.000543366
0.642578	0.302734	0.00194506
0.533203	0.248047	-0.000281681
0.521484	0.248047	-0.00031282
0.298828	0.552734	-0.00218111
0.291016	0.525391	-0.00187297
0.345703	0.369141	0.00310117
0.287109	0.501953	-0.00162779
0.333984	0.392578	0.00289768
0.435547	0.669922	-0.00331561
0.583984	0.564453	0.00283135
0.158203	0.333984	0.00172854
0.236328	0.208984	0.000217062
0.189453	0.283203	-0.000692688
0.326172	0.150391	-0.000778856
0.572266	0.810547	0.00100436
0.666016	0.775391	0.000175093
0.751953	0.685547	7.44188e-05
0.251953	0.732422	0.000709016
0.763672	0.396484	-5.74576e-05
0.783203	0.583984	0.000616591
0.728516	0.333984	-0.000960317
0.611328	0.775391	0.000236375
0.419922	0.798828	-0.000500366
0.662109	0.279297	-0.000685357
0.541016	0.794922	-0.000324076
0.337891	0.322266	-0.0020702
0.751953	0.447266	0.000712256
0.673828	0.322266	0.00209362
0.759766	0.572266	0.000335101
0.529297	0.248047	-0.000244205
0.525391	0.248047	-0.000254615
0.326172	0.416016	0.00258588
0.322266	0.505859	0.00282937
0.291016	0.154297	0.00168236
0.236328	0.189453	0.000722818
0.169922	0.638672	0.00133443
0.240234	0.205078	0.00016349
0.162109	0.396484	-0.00125296
0.166016	0.552734	-0.00109778
0.732422	0.716797	-0.000227855
0.220703	0.697266	0.000308395
0.755859	0.677734	0.000156851
0.212891	0.685547	7.47909e-05
0.236328	0.716797	0.000614918
0.357422	0.787109	-0.00038593
0.576172	0.787109	-0.000122872
0.681641	0.291016	-0.000786377
0.560547	0.791016	-0.000226301
0.654297	0.275391	-0.000575205
0.716797	0.693359	0.000975446
0.736328	0.658203	0.000617511
0.353516	0.306641	-0.00197758
0.740234	0.412109	0.000908245
0.478516	0.251953	-0.0002499
0.759766	0.490234	0.000296874
0.404297	0.310547	0.00243044
0.435547	0.294922	0.00191413
0.353516	0.357422	0.00303002
0.287109	0.443359	-0.00117289
0.498047	0.279297	0.00129609
0.587891	0.552734	0.001119
0.580078	0.572266	0.00313013
0.498047	0.669922	-0.00344652
0.455078	0.634766	0.00376103
0.376953	0.123047	-0.00140226
0.376953	0.130859	0.00149949
0.380859	0.126953	0.00283494
0.283203	0.158203	0.00158879
0.146484	0.412109	0.00204084
0.146484	0.517578	0.00197653
0.416016	0.818359	0.00144415
0.587891	0.806641	0.00105698
0.689453	0.759766	-2.79523e-05
0.775391	0.623047	0.000648357
0.373047	0.791016	-0.00048438
0.392578	0.794922	-0.000551873
0.650391	0.755859	0.000604919
0.705078	0.708984	0.00105638
0.728516	0.673828	0.000686455
0.744141	0.638672	0.000408951
0.748047	0.626953	0.000334275
0.576172	0.251953	2.04162e-05
0.755859	0.595703	0.000182701
0.662109	0.314453	0.00167865
0.302734	0.380859	-0.00119659
0.392578	0.318359	0.00263093
0.291016	0.419922	-0.00101392
0.458984	0.287109	0.00149344
0.474609	0.283203	0.00140166
0.560547	0.279297	0.00105809
0.341797	0.376953	0.0026144
0.361328	0.638672	-0.00302109
0.373047	0.646484	-0.00303183
0.337891	0.384766	0.00254789
0.287109	0.498047	-0.00116835
0.330078	0.404297	0.00234018
0.396484	0.658203	-0.00286941
0.333984	0.544922	0.00317382
0.419922	0.666016	-0.00278845
0.322266	0.435547	0.00216486
0.439453	0.669922	-0.00270475
0.419922	0.626953	0.00360064
0.478516	0.634766	0.00356206
0.173828	0.283203	0.00157195
0.150391	0.376953	0.00201757
0.337891	0.802734	0.00126248
0.205078	0.251953	-0.000619913
0.521484	0.818359	0.00147295
0.248047	0.728516	0.000482913
0.771484	0.419922	0.000427519
0.779297	0.451172	0.000619353
0.697266	0.302734	-0.000741247
0.783203	0.474609	0.000735926
0.677734	0.736328	0.00087684
0.732422	0.666016	0.000495043
0.419922	0.267578	-0.000547093
0.349609	0.310547	-0.00176966
0.443359	0.259766	-0.000311581
0.341797	0.318359	-0.001816
0.708984	0.357422	0.00160677
0.458984	0.255859	-0.000149848
0.318359	0.349609	-0.00141772
0.294922	0.404297	-0.000963681
0.583984	0.283203	0.000955503
0.341797	0.560547	0.00323859
0.337891	0.552734	0.0029756
0.326172	0.521484	0.0026159
0.373047	0.134766	-0.00122946
0.458984	0.634766	0.0034637
0.462891	0.634766	0.00327098
0.474609	0.634766	0.00332911
0.154297	0.353516	0.0020014
0.150391	0.552734	0.00197568
0.326172	0.798828	0.00125967
0.287109	0.169922	-0.000720181
0.166016	0.369141	-0.0013792
0.189453	0.638672	-0.000746499
0.740234	0.705078	0.000151872
0.240234	0.720703	0.000434604
0.291016	0.759766	-0.000119251
0.744141	0.357422	-0.000187746
0.767578	0.408203	0.000446902
0.662109	0.748047	0.000582661
0.423828	0.798828	-0.000894283
0.509766	0.798828	-0.000744265
0.380859	0.287109	-0.000940083
0.369141	0.294922	-0.0011624
0.345703	0.314453	-0.00171554
0.724609	0.380859	0.0010659
0.326172	0.337891	-0.00145196
0.755859	0.466797	0.000114171
0.759766	0.568359	-0.000114749
0.623047	0.294922	0.000979024
0.599609	0.287109	0.000883007
0.326172	0.603516	-0.00248085
0.318359	0.591797	-0.00211876
0.447266	0.291016	0.00136279
0.291016	0.521484	-0.00102952
0.287109	0.447266	-0.000776181
0.501953	0.279297	0.000846316
0.380859	0.650391	-0.00253754
0.388672	0.654297	-0.0024844
0.408203	0.662109	-0.0024034
0.330078	0.533203	0.00246195
0.322266	0.501953	0.00213585
0.513672	0.666016	-0.00307539
0.494141	0.669922	-0.00280894
0.501953	0.630859	0.00340378
0.466797	0.634766	0.00318376
0.470703	0.634766	0.00320297
0.220703	0.205078	0.000911202
0.205078	0.224609	0.00115591
0.158203	0.595703	0.00188579
0.251953	0.759766	0.000640533
0.263672	0.185547	-0.000520686
0.388672	0.814453	0.00158607
0.642578	0.787109	0.000812962
0.658203	0.779297	0.000674327
0.169922	0.572266	-0.00129059
0.162109	0.521484	-0.0014664
0.244141	0.724609	0.000391
0.314453	0.771484	-0.000436368
0.333984	0.779297	-0.000607715
0.599609	0.779297	-0.000369428
0.587891	0.783203	-0.000479915
0.611328	0.259766	0.000179924
0.595703	0.255859	0.00023809
0.431641	0.263672	-0.000135086
0.748047	0.435547	0.000223455
0.744141	0.423828	0.000278333
0.677734	0.326172	0.00143707
0.759766	0.494141	-0.00015118
0.298828	0.392578	-0.000740414
0.412109	0.306641	0.00173477
0.427734	0.298828	0.00148681
0.302734	0.560547	-0.00140793
0.556641	0.279297	0.000639972
0.287109	0.494141	-0.000770461
0.572266	0.583984	0.00304214
0.443359	0.669922	-0.00217444
0.435547	0.630859	0.00298877
0.232422	0.193359	0.00097034
0.197266	0.236328	0.00129901
0.154297	0.576172	0.00204373
0.212891	0.720703	0.000774979
0.275391	0.775391	0.000991639
0.220703	0.228516	-0.000561838
0.193359	0.275391	-0.00109146
0.650391	0.783203	0.000884187
0.677734	0.767578	0.000485343
0.345703	0.783203	-0.000732116
0.736328	0.345703	-0.000143591
0.724609	0.330078	-0.000435951
0.783203	0.580078	0.00114241
0.619141	0.771484	-0.000256932
0.634766	0.267578	0.00012544
0.751953	0.611328	-0.000178878
0.736328	0.404297	0.000474465
0.482422	0.251953	0.000342859
0.306641	0.373047	-0.000708261
0.611328	0.291016	0.000604428
0.419922	0.302734	0.00142256
0.357422	0.353516	0.0022227
0.294922	0.537109	-0.0010237
0.287109	0.451172	-0.000440242
0.326172	0.419922	0.00158686
0.349609	0.572266	0.00291069
0.322266	0.439453	0.00155238
0.525391	0.662109	-0.00289093
0.513672	0.626953	0.00302374
0.380859	0.123047	-0.000689466
0.380859	0.130859	0.00050596
0.384766	0.126953	0.00304348
0.162109	0.611328	0.00189623
0.306641	0.791016	0.00137338
0.318359	0.154297	-0.00125474
0.369141	0.810547	0.00170231
0.169922	0.349609	-0.00158766
0.548828	0.814453	0.00166391
0.162109	0.400391	-0.00166714
0.177734	0.603516	-0.00126881
0.763672	0.658203	0.000906899
0.267578	0.744141	-0.000173653
0.298828	0.763672	-0.000518232
0.306641	0.767578	-0.000620526
0.779297	0.603516	0.00119737
0.759766	0.388672	0.000498879
0.775391	0.435547	0.000913357
0.642578	0.759766	-5.42074e-05
0.681641	0.732422	0.000484015
0.537109	0.794922	-0.000991677
0.701172	0.712891	0.000612085
0.505859	0.798828	-0.00111514
0.728516	0.388672	0.000542909
0.716797	0.369141	0.000879508
0.572266	0.251953	0.000589733
0.732422	0.396484	0.000349384
0.705078	0.353516	0.0010606
0.314453	0.357422	-0.000811816
0.759766	0.564453	-0.000519289
0.654297	0.310547	0.00082136
0.388672	0.322266	0.00191051
0.349609	0.365234	0.00186362
0.357422	0.634766	-0.00224992
0.478516	0.283203	0.000589254
0.552734	0.279297	0.00027931
0.505859	0.279297	0.000454768
0.287109	0.490234	-0.000434031
0.423828	0.666016	-0.00184263
0.583984	0.560547	0.0010909
0.322266	0.498047	0.00151958
0.412109	0.623047	0.00277921
0.490234	0.669922	-0.00225585
0.166016	0.306641	0.00202441
0.146484	0.416016	0.00234445
0.146484	0.513672	0.00228364
0.177734	0.658203	0.00164461
0.201172	0.259766	-0.0010697
0.197266	0.267578	-0.00121625
0.177734	0.318359	-0.00150837
0.337891	0.146484	-0.00148559
0.419922	0.818359	0.00184392
0.623047	0.794922	0.00132505
0.701172	0.306641	-0.000269659
0.783203	0.478516	0.0012532
0.427734	0.798828	-0.00125193
0.623047	0.263672	0.000439061
0.412109	0.271484	3.00493e-05
0.755859	0.591797	-0.000551769
0.751953	0.451172	-0.000272051
0.361328	0.138672	-0.00169149
0.310547	0.365234	-0.000577947
0.759766	0.498047	-0.000553295
0.291016	0.423828	-0.000242979
0.314453	0.583984	-0.00134759
0.306641	0.568359	-0.00100124
0.330078	0.607422	-0.00183642
0.298828	0.548828	-0.000856838
0.580078	0.283203	0.000182827
0.287109	0.455078	-0.000165254
0.333984	0.396484	0.00141825
0.587891	0.548828	-0.000851574
0.326172	0.517578	0.00159389
0.396484	0.615234	0.00272838
0.404297	0.619141	0.0024867
0.447266	0.669922	-0.00172508
0.423828	0.626953	0.0023546
0.498047	0.630859	0.00251142
0.251953	0.177734	0.00147745
0.224609	0.201172	0.00108889
0.169922	0.294922	0.0020308
0.197266	0.697266	0.00132951
0.185547	0.294922	-0.00142526
0.212891	0.240234	-0.00100821
0.294922	0.166016	-0.0012663
0.275391	0.177734	-0.00102663
0.517578	0.818359	0.0018684
0.166016	0.548828	-0.00173195
0.728516	0.720703	0.000467105
0.208984	0.677734	-0.000759486
0.224609	0.701172	-0.000461586
0.771484	0.634766	0.0012318
0.748047	0.365234	0.000443377
0.396484	0.794922	-0.00120687
0.626953	0.767578	-0.000477141
0.634766	0.763672	-0.000412149
0.673828	0.287109	0.000191461
0.556641	0.791016	-0.00109323
0.388672	0.283203	-0.000184637
0.681641	0.330078	0.000929828
0.630859	0.298828	0.000417464
0.400391	0.314453	0.00130025
0.310547	0.576172	-0.000976974
0.462891	0.287109	0.000427918
0.291016	0.517578	-0.000249358
0.369141	0.642578	-0.00181067
0.509766	0.279297	0.000121581
0.287109	0.486328	-0.000159093
0.330078	0.408203	0.00110048
0.400391	0.658203	-0.00141207
0.333984	0.541016	0.00163618
0.322266	0.443359	0.00101475
0.576172	0.576172	0.00183764
0.509766	0.666016	-0.00207971
0.486328	0.669922	-0.00178716
0.439453	0.630859	0.00216196
0.263672	0.169922	0.00183347
0.228516	0.197266	0.00110117
0.353516	0.806641	0.00182928
0.599609	0.802734	0.00158196
0.173828	0.587891	-0.00158828
0.693359	0.755859	0.000632854
0.162109	0.517578	-0.00186766
0.185547	0.626953	-0.00135419
0.349609	0.142578	-0.00178566
0.279297	0.751953	-0.000564147
0.755859	0.380859	0.000778441
0.720703	0.326172	-5.35915e-05
0.376953	0.791016	-0.00134189
0.685547	0.294922	0.000182412
0.697266	0.716797	0.000305641
0.685547	0.728516	0.000229468
0.712891	0.697266	4.50841e-05
0.720703	0.685547	-6.78706e-05
0.740234	0.646484	-0.000431879
0.330078	0.333984	-0.000651353
0.462891	0.255859	0.000702614
0.666016	0.318359	0.000645174
0.755859	0.470703	-0.000617547
0.646484	0.306641	0.000328344
0.294922	0.408203	6.72514e-05
0.439453	0.294922	0.00044204
0.361328	0.349609	0.00158381
0.353516	0.630859	-0.00165511
0.548828	0.279297	-2.33785e-05
0.287109	0.458984	4.87435e-05
0.287109	0.482422	5.42949e-05
0.412109	0.662109	-0.00120013
0.345703	0.564453	0.00188126
0.384766	0.607422	0.00250055
0.568359	0.587891	0.00234028
0.580078	0.568359	0.00120486
0.322266	0.494141	0.0009805
0.548828	0.607422	0.002604
0.451172	0.669922	-0.00135707
0.537109	0.615234	0.00240074
0.521484	0.623047	0.00221593
0.482422	0.669922	-0.00140305
0.263672	0.767578	0.0012309
0.345703	0.134766	0.00259801
0.310547	0.158203	-0.00150196
0.181641	0.306641	-0.00168808
0.568359	0.810547	0.0018455
0.181641	0.615234	-0.00152093
0.193359	0.646484	-0.0012779
0.767578	0.646484	0.00132354
0.751953	0.373047	0.000763151
0.779297	0.455078	0.00138741
0.783203	0.576172	0.0016289
0.705078	0.310547	6.00298e-05
0.572266	0.787109	-0.0011623
0.361328	0.130859	0.00271358
0.501953	0.798828	-0.00145108
0.365234	0.298828	-0.000419859
0.404297	0.275391	0.000291275
0.701172	0.349609	0.000662471
0.486328	0.251953	0.000886132
0.759766	0.560547	-0.00087887
0.638672	0.302734	0.000197086
0.759766	0.501953	-0.000909559
0.595703	0.287109	-0.000137177
0.384766	0.326172	0.00135358
0.322266	0.595703	-0.00104582
0.345703	0.373047	0.0011196
0.337891	0.388672	0.000900448
0.544922	0.279297	-0.000267929
0.513672	0.279297	-0.000153157
0.287109	0.462891	0.000201836
0.287109	0.478516	0.000206115
0.353516	0.576172	0.00204207
0.326172	0.423828	0.000660754
0.330078	0.529297	0.0011835
0.427734	0.666016	-0.000975345
0.533203	0.658203	-0.00209526
0.556641	0.646484	-0.00272838
0.455078	0.669922	-0.00107101
0.494141	0.630859	0.00172623
0.146484	0.509766	0.00256677
0.283203	0.779297	0.00151411
0.302734	0.162109	-0.00151787
0.173828	0.333984	-0.0018705
0.611328	0.798828	0.00168089
0.166016	0.373047	-0.00200089
0.162109	0.404297	-0.0020546
0.744141	0.697266	0.00103879
0.775391	0.619141	0.00160602
0.361328	0.787109	-0.00141728
0.666016	0.744141	-0.000283322
0.689453	0.724609	0.000114062
0.693359	0.720703	0.000139223
0.431641	0.798828	-0.00157376
0.642578	0.271484	0.000775863
0.748047	0.623047	-0.000808527
0.591797	0.255859	0.00106148
0.396484	0.279297	0.000223185
0.447266	0.259766	0.000759109
0.568359	0.251953	0.00110981
0.322266	0.345703	-0.000233724
0.685547	0.333984	0.000573537
0.302734	0.384766	0.000240518
0.333984	0.611328	-0.00136352
0.451172	0.291016	9.51433e-05
0.294922	0.533203	2.48005e-05
0.482422	0.283203	-0.000162733
0.341797	0.380859	0.000797788
0.376953	0.646484	-0.00104456
0.541016	0.279297	-0.000454564
0.287109	0.466797	0.000294151
0.517578	0.279297	-0.00036951
0.287109	0.470703	0.00032574
0.287109	0.474609	0.000296492
0.341797	0.556641	0.00133145
0.337891	0.548828	0.00125329
0.322266	0.447266	0.000552082
0.529297	0.619141	0.00200302
0.322266	0.490234	0.000518769
0.521484	0.662109	-0.00161378
0.509766	0.626953	0.00178326
0.458984	0.669922	-0.000867619
0.478516	0.669922	-0.00110373
0.443359	0.630859	0.00143642
0.384766	0.123047	-8.86312e-06
0.384766	0.130859	-0.000478537
0.388672	0.126953	0.00231062
0.310547	0.146484	0.00248198
0.150391	0.380859	0.00255557
0.146484	0.419922	0.00262507
0.150391	0.548828	0.00250985
0.205078	0.708984	0.0014525
0.298828	0.787109	0.00169862
0.423828	0.818359	0.00221237
0.216797	0.689453	-0.00101668
0.716797	0.322266	0.000187757
0.654297	0.751953	-0.000586633
0.783203	0.482422	0.00173152
0.533203	0.794922	-0.00162214
0.744141	0.634766	-0.000899466
0.376953	0.291016	0.000169786
0.751953	0.607422	-0.00111233
0.740234	0.416016	-0.00057722
0.720703	0.376953	-0.000196415
0.697266	0.345703	0.000413738
0.759766	0.556641	-0.00119378
0.380859	0.330078	0.000962801
0.291016	0.427734	0.000466957
0.365234	0.345703	0.00111444
0.576172	0.283203	-0.000531193
0.349609	0.626953	-0.00123782
0.353516	0.361328	0.000788377
0.392578	0.654297	-0.000848123
0.537109	0.279297	-0.000583686
0.521484	0.279297	-0.00052766
0.326172	0.513672	0.000649785
0.564453	0.591797	0.00188517
0.552734	0.603516	0.00204214
0.541016	0.654297	-0.00179057
0.548828	0.650391	-0.00199617
0.416016	0.623047	0.00131076
0.572266	0.634766	-0.00285258
0.505859	0.666016	-0.00116939
0.427734	0.626953	0.00120373
0.462891	0.669922	-0.000747515
0.474609	0.669922	-0.000888965
0.466797	0.669922	-0.000711029
0.470703	0.669922	-0.000758181
0.611328	0.568359	-0.00379364
0.177734	0.275391	0.00220489
0.248047	0.755859	0.00125619
0.291016	0.783203	0.00174548
0.259766	0.189453	-0.00120522
0.224609	0.224609	-0.00122865
0.392578	0.814453	0.00221797
0.583984	0.806641	0.00205377
0.513672	0.818359	0.00223278
0.169922	0.568359	-0.00208549
0.197266	0.654297	-0.00155168
0.205078	0.669922	-0.00130223
0.162109	0.513672	-0.00224174
0.759766	0.666016	0.00151608
0.326172	0.775391	-0.00144514
0.763672	0.400391	0.00138718
0.771484	0.423828	0.00156233
0.732422	0.341797	0.000726564
0.708984	0.314453	0.00024625
0.712891	0.318359	0.000288291
0.607422	0.775391	-0.0012355
0.666016	0.283203	0.000829437
0.498047	0.798828	-0.00175216
0.607422	0.259766	0.00121936
0.423828	0.267578	0.000876162
0.712891	0.365234	-3.26072e-05
0.755859	0.587891	-0.00123935
0.748047	0.439453	-0.000921244
0.693359	0.341797	0.000315634
0.689453	0.337891	0.000368813
0.759766	0.505859	-0.00122031
0.619141	0.294922	-0.00043157
0.298828	0.396484	0.00049214
0.408203	0.310547	0.000364574
0.302734	0.556641	6.77066e-05
0.337891	0.615234	-0.00106427
0.291016	0.513672	0.000467827
0.384766	0.650391	-0.000723496
0.533203	0.279297	-0.000655614
0.525391	0.279297	-0.000627853
0.529297	0.279297	-0.0006704
0.380859	0.603516	0.00170458
0.392578	0.611328	0.00139665
0.322266	0.451172	0.000164762
0.322266	0.486328	0.000134779
0.583984	0.623047	-0.00289216
0.595703	0.607422	-0.00303028
0.490234	0.630859	0.0010489
0.158203	0.337891	0.002608
0.181641	0.666016	0.00210997
0.216797	0.724609	0.00136469
0.544922	0.814453	0.00229026
0.724609	0.724609	0.00102839
0.736328	0.708984	0.00118791
0.201172	0.662109	-0.00156007
0.263672	0.740234	-0.000872664
0.779297	0.599609	0.00193238
0.740234	0.353516	0.0010164
0.400391	0.794922	-0.00182449
0.650391	0.275391	0.00111601
0.435547	0.798828	-0.00186028
0.724609	0.677734	-0.000779789
0.736328	0.654297	-0.000982642
0.435547	0.263672	0.00110924
0.361328	0.302734	0.000174231
0.333984	0.330078	-1.58559e-06
0.744141	0.427734	-0.00103386
0.751953	0.455078	-0.00120719
0.490234	0.251953	0.00137991
0.755859	0.474609	-0.00130239
0.759766	0.552734	-0.00146415
0.607422	0.291016	-0.000608115
0.431641	0.298828	-0.000131563
0.396484	0.318359	0.000325807
0.376953	0.333984	0.000741809
0.369141	0.341797	0.000816997
0.298828	0.544922	0.000402977
0.341797	0.619141	-0.000941859
0.345703	0.623047	-0.000999468
0.466797	0.287109	-0.000577994
0.365234	0.638672	-0.000761098
0.357422	0.580078	0.00137044
0.583984	0.556641	-0.000618953
0.560547	0.595703	0.00168187
0.556641	0.599609	0.00173384
0.572266	0.580078	0.000765047
0.431641	0.666016	-0.000187778
0.322266	0.455078	-0.000146602
0.576172	0.630859	-0.00262596
0.580078	0.626953	-0.0026382
0.447266	0.630859	0.000813624
0.599609	0.599609	-0.0025767
0.603516	0.591797	-0.00279639
0.611328	0.564453	-0.00326797
0.193359	0.244141	0.00208139
0.154297	0.357422	0.00272163
0.166016	0.623047	0.00244293
0.193359	0.689453	0.00194456
0.669922	0.771484	0.00147501
0.697266	0.751953	0.00116202
0.162109	0.408203	-0.00241548
0.166016	0.544922	-0.00233597
0.228516	0.705078	-0.00110328
0.767578	0.412109	0.00173179
0.775391	0.439453	0.00186142
0.783203	0.572266	0.0020763
0.583984	0.783203	-0.00165818
0.658203	0.279297	0.00113559
0.564453	0.251953	0.00158076
0.669922	0.322266	-0.00024486
0.658203	0.314453	-0.000438407
0.759766	0.509766	-0.00148607
0.416016	0.306641	-0.000182613
0.373047	0.337891	0.000692909
0.318359	0.587891	-2.24398e-05
0.486328	0.283203	-0.000854655
0.333984	0.400391	8.58434e-06
0.330078	0.412109	-6.66649e-05
0.349609	0.568359	0.00070814
0.326172	0.427734	-0.000191471
0.416016	0.662109	-7.47118e-05
0.333984	0.537109	0.000174595
0.400391	0.615234	0.000826916
0.408203	0.619141	0.000799405
0.541016	0.611328	0.00120263
0.376953	0.134766	-0.00227218
0.560547	0.642578	-0.00169978
0.322266	0.482422	-0.000171141
0.501953	0.666016	-0.000344865
0.517578	0.623047	0.000729542
0.505859	0.626953	0.000648555
0.486328	0.630859	0.000480644
0.607422	0.580078	-0.00254141
0.162109	0.322266	0.00263
0.154297	0.572266	0.00274712
0.146484	0.505859	0.00282585
0.173828	0.646484	0.00234658
0.318359	0.794922	0.00220015
0.169922	0.353516	-0.00237431
0.630859	0.791016	0.00201687
0.681641	0.763672	0.00146935
0.427734	0.818359	0.00254913
0.748047	0.689453	0.00161452
0.349609	0.783203	-0.00190301
0.595703	0.779297	-0.00169003
0.552734	0.791016	-0.00192066
0.708984	0.701172	-0.000750039
0.439453	0.798828	-0.002112
0.494141	0.798828	-0.00201842
0.630859	0.267578	0.00150832
0.728516	0.669922	-0.0011655
0.732422	0.662109	-0.0012304
0.466797	0.255859	0.00150442
0.736328	0.408203	-0.00113577
0.318359	0.353516	0.000604851
0.306641	0.376953	0.000875688
0.759766	0.548828	-0.00168993
0.294922	0.412109	0.00103675
0.423828	0.302734	-0.000344419
0.591797	0.287109	-0.00109916
0.326172	0.599609	-0.000136157
0.291016	0.431641	0.00111577
0.404297	0.658203	-2.89005e-05
0.361328	0.583984	0.000900356
0.376953	0.599609	0.00111958
0.330078	0.525391	-1.67706e-05
0.326172	0.509766	-0.000215734
0.322266	0.458984	-0.000381294
0.529297	0.658203	-0.000616148
0.517578	0.662109	-0.000421995
0.322266	0.478516	-0.000399049
0.451172	0.630859	0.000295009
0.611328	0.560547	-0.00290609
0.208984	0.220703	0.00195122
0.146484	0.423828	0.00288227
0.341797	0.802734	0.00240044
0.373047	0.810547	0.00251536
0.509766	0.818359	0.00256647
0.755859	0.673828	0.00184353
0.287109	0.755859	-0.00146415
0.337891	0.779297	-0.00192232
0.779297	0.458984	0.00211336
0.689453	0.298828	0.00101432
0.783203	0.486328	0.00217102
0.669922	0.740234	-0.00101971
0.619141	0.263672	0.00164903
0.724609	0.384766	-0.00092831
0.337891	0.326172	0.00049266
0.494141	0.251953	0.00182446
0.759766	0.513672	-0.00170717
0.306641	0.564453	0.000627246
0.572266	0.283203	-0.00118665
0.294922	0.529297	0.00101005
0.349609	0.369141	-0.000217916
0.291016	0.509766	0.00112224
0.580078	0.564453	-0.000637088
0.576172	0.572266	-0.000223228
0.322266	0.462891	-0.000538825
0.322266	0.474609	-0.000549384
0.322266	0.466797	-0.000619198
0.322266	0.470703	-0.00062268
0.431641	0.626953	0.000150769
0.591797	0.611328	-0.00189017
0.482422	0.630859	2.23184e-05
0.611328	0.556641	-0.0027627
0.388672	0.123047	0.00060865
0.388672	0.130859	-0.00143983
0.611328	0.552734	-0.00297914
0.392578	0.126953	0.0014343
0.158203	0.591797	0.00274633
0.169922	0.634766	0.00260446
0.185547	0.673828	0.00231439
0.189453	0.681641	0.00226128
0.330078	0.150391	-0.00227225
0.189453	0.287109	-0.00218543
0.208984	0.248047	-0.00193883
0.166016	0.376953	-0.00259272
0.177734	0.599609	-0.00235173
0.162109	0.509766	-0.00258902
0.751953	0.681641	0.00188011
0.380859	0.791016	-0.0021587
0.646484	0.755859	-0.00143873
0.529297	0.794922	-0.00221573
0.716797	0.689453	-0.00120781
0.490234	0.798828	-0.00224993
0.443359	0.798828	-0.00232919
0.587891	0.255859	0.00183535
0.357422	0.306641	0.000615396
0.451172	0.259766	0.00177715
0.755859	0.583984	-0.00188005
0.326172	0.341797	0.00080323
0.560547	0.251953	0.00200282
0.314453	0.361328	0.00106461
0.626953	0.298828	-0.00113334
0.759766	0.544922	-0.00187096
0.759766	0.517578	-0.00188369
0.314453	0.580078	0.000594057
0.443359	0.294922	-0.000969481
0.455078	0.291016	-0.00111078
0.357422	0.357422	-0.000118242
0.361328	0.634766	0.000112856
0.365234	0.587891	0.000637878
0.373047	0.595703	0.000747324
0.435547	0.666016	0.000518924
0.533203	0.615234	0.000424152
0.552734	0.646484	-0.000632991
0.419922	0.623047	-6.46874e-05
0.525391	0.619141	0.000269805
0.455078	0.630859	-0.000118022
0.244141	0.751953	0.00173958
0.283203	0.173828	-0.00200938
0.173828	0.583984	-0.00252028
0.720703	0.728516	0.00145753
0.189453	0.634766	-0.00221245
0.259766	0.736328	-0.00144171
0.275391	0.748047	-0.00159391
0.318359	0.771484	-0.00201733
0.783203	0.568359	0.0024845
0.615234	0.771484	-0.00183947
0.677734	0.291016	0.00137339
0.568359	0.787109	-0.00216051
0.748047	0.619141	-0.00190158
0.384766	0.287109	0.0011451
0.416016	0.271484	0.00158249
0.708984	0.361328	-0.00080456
0.728516	0.392578	-0.00132159
0.732422	0.400391	-0.00138715
0.310547	0.369141	0.00115229
0.755859	0.478516	-0.00194067
0.759766	0.541016	-0.00200708
0.759766	0.521484	-0.00201562
0.392578	0.322266	-0.000486972
0.310547	0.572266	0.000808016
0.490234	0.283203	-0.0014872
0.373047	0.642578	0.000282572
0.337891	0.392578	-0.000678166
0.345703	0.560547	-0.000138273
0.369141	0.591797	0.000586908
0.337891	0.544922	-0.000393463
0.326172	0.431641	-0.000968774
0.388672	0.607422	0.000268888
0.568359	0.583984	-7.47729e-05
0.544922	0.607422	0.000248583
0.537109	0.654297	-0.000107011
0.564453	0.638672	-0.000889241
0.498047	0.666016	0.000393229
0.458984	0.630859	-0.00042435
0.478516	0.630859	-0.000326199
0.603516	0.587891	-0.00134293
0.607422	0.576172	-0.00152389
0.322266	0.142578	0.00295539
0.333984	0.138672	0.00296348
0.181641	0.267578	0.00258404
0.150391	0.544922	0.00301768
0.146484	0.501953	0.00306069
0.220703	0.728516	0.00182383
0.330078	0.798828	0.00253684
0.255859	0.193359	-0.00175714
0.228516	0.220703	-0.00175887
0.271484	0.181641	-0.00200905
0.177734	0.322266	-0.00259386
0.564453	0.810547	0.00265129
0.431641	0.818359	0.00285399
0.701172	0.748047	0.00155525
0.162109	0.412109	-0.00274984
0.771484	0.630859	0.00233344
0.759766	0.392578	0.00205614
0.728516	0.337891	0.00146623
0.404297	0.794922	-0.00240528
0.447266	0.798828	-0.002512
0.486328	0.798828	-0.00244681
0.740234	0.642578	-0.00185805
0.373047	0.294922	0.00113864
0.751953	0.603516	-0.0019975
0.341797	0.322266	0.0008296
0.673828	0.326172	-0.000986849
0.650391	0.310547	-0.00115555
0.759766	0.537109	-0.00209827
0.298828	0.400391	0.00166366
0.759766	0.525391	-0.00210308
0.759766	0.533203	-0.00214457
0.759766	0.529297	-0.0021461
0.404297	0.314453	-0.000857327
0.291016	0.435547	0.00170348
0.470703	0.287109	-0.00152433
0.345703	0.376953	-0.000798708
0.341797	0.384766	-0.000951585
0.396484	0.654297	0.000715368
0.330078	0.416016	-0.00116002
0.341797	0.552734	-0.000502608
0.419922	0.662109	0.000971723
0.326172	0.505859	-0.00100224
0.544922	0.650391	-0.000106098
0.501953	0.626953	-0.000378788
0.587891	0.615234	-0.0010015
0.595703	0.603516	-0.001031
0.474609	0.630859	-0.000565142
0.599609	0.595703	-0.000841919
0.462891	0.630859	-0.000623126
0.466797	0.630859	-0.000713418
0.470703	0.630859	-0.000694264
0.248047	0.181641	0.00224736
0.189453	0.251953	0.00253198
0.150391	0.384766	0.003068
0.146484	0.427734	0.00311531
0.162109	0.607422	0.00289526
0.216797	0.236328	-0.00201066
0.396484	0.814453	0.00281566
0.662109	0.775391	0.00215651
0.505859	0.818359	0.00286951
0.212891	0.681641	-0.00203445
0.232422	0.708984	-0.00161647
0.763672	0.654297	0.00231338
0.294922	0.759766	-0.00204978
0.775391	0.615234	0.0025199
0.779297	0.595703	0.00262586
0.365234	0.787109	-0.00240625
0.744141	0.361328	0.001847
0.658203	0.748047	-0.00165411
0.783203	0.490234	0.00257143
0.705078	0.705078	-0.00140791
0.482422	0.798828	-0.00260915
0.603516	0.259766	0.00220693
0.353516	0.310547	0.000902651
0.716797	0.373047	-0.00132534
0.748047	0.443359	-0.00201671
0.470703	0.255859	0.00225548
0.751953	0.458984	-0.00209305
0.498047	0.251953	0.00222032
0.642578	0.306641	-0.00150537
0.634766	0.302734	-0.00149396
0.302734	0.388672	0.00161721
0.603516	0.291016	-0.00176157
0.330078	0.603516	0.000603995
0.302734	0.552734	0.00147966
0.568359	0.283203	-0.00178391
0.298828	0.541016	0.00159795
0.291016	0.505859	0.00171389
0.380859	0.646484	0.000876313
0.353516	0.572266	-0.000273695
0.330078	0.521484	-0.00113861
0.439453	0.666016	0.00114386
0.513672	0.662109	0.000683525
0.513672	0.623047	-0.000653088
0.494141	0.666016	0.00104466
0.435547	0.626953	-0.000801737
0.607422	0.572266	-0.000658301
0.388672	0.119141	-0.00319433
0.392578	0.123047	0.0010744
0.271484	0.166016	0.00262275
0.201172	0.232422	0.00241346
0.185547	0.259766	0.00269074
0.271484	0.771484	0.00225964
0.259766	0.763672	0.00218244
0.357422	0.806641	0.00280174
0.173828	0.337891	-0.0027985
0.595703	0.802734	0.00270631
0.638672	0.787109	0.00245893
0.541016	0.814453	0.0028834
0.169922	0.564453	-0.00284905
0.166016	0.541016	-0.00291017
0.162109	0.505859	-0.00290966
0.220703	0.693359	-0.00198606
0.638672	0.759766	-0.00198032
0.623047	0.767578	-0.0021721
0.365234	0.138672	-0.00282409
0.451172	0.798828	-0.00266047
0.478516	0.798828	-0.00273684
0.744141	0.630859	-0.00215757
0.392578	0.283203	0.0017661
0.349609	0.314453	0.00103487
0.345703	0.318359	0.0010104
0.740234	0.419922	-0.00201131
0.556641	0.251953	0.00237616
0.615234	0.294922	-0.00178243
0.294922	0.416016	0.00194433
0.587891	0.287109	-0.00200239
0.322266	0.591797	0.00114638
0.361328	0.353516	-0.000853601
0.357422	0.630859	0.000808278
0.388672	0.650391	0.0010201
0.333984	0.404297	-0.00132912
0.408203	0.658203	0.00127842
0.333984	0.533203	-0.00120972
0.396484	0.611328	-0.000633733
0.412109	0.619141	-0.000799395
0.525391	0.658203	0.00077763
0.568359	0.634766	-0.000304778
0.583984	0.619141	-0.000365846
0.146484	0.498047	0.00327136
0.619141	0.794922	0.00272069
0.705078	0.744141	0.0018104
0.716797	0.732422	0.00175291
0.181641	0.611328	-0.00272601
0.185547	0.623047	-0.0026877
0.162109	0.416016	-0.00305762
0.732422	0.712891	0.00209333
0.767578	0.642578	0.00257519
0.310547	0.767578	-0.00231566
0.302734	0.763672	-0.00232949
0.771484	0.427734	0.00265284
0.779297	0.462891	0.00279772
0.693359	0.302734	0.0017063
0.783203	0.564453	0.00285345
0.630859	0.763672	-0.00222263
0.673828	0.736328	-0.00162297
0.548828	0.791016	-0.00270917
0.525391	0.794922	-0.00277222
0.638672	0.271484	0.00228507
0.455078	0.798828	-0.00277464
0.474609	0.798828	-0.00282974
0.408203	0.275391	0.00197413
0.583984	0.255859	0.0025599
0.427734	0.267578	0.00224549
0.439453	0.263672	0.00230084
0.705078	0.357422	-0.00143146
0.744141	0.431641	-0.00229525
0.755859	0.580078	-0.00247402
0.662109	0.318359	-0.00155767
0.501953	0.251953	0.00256802
0.435547	0.298828	-0.00168944
0.388672	0.326172	-0.00113475
0.294922	0.525391	0.00193158
0.291016	0.439453	0.0022299
0.494141	0.283203	-0.00206087
0.583984	0.552734	-0.0023463
0.326172	0.435547	-0.00167031
0.384766	0.603516	-0.000649857
0.564453	0.587891	-0.000667786
0.548828	0.603516	-0.000453955
0.404297	0.615234	-0.000990761
0.326172	0.501953	-0.00170959
0.556641	0.642578	0.000523424
0.572266	0.630859	4.60275e-05
0.498047	0.626953	-0.0012968
0.603516	0.583984	-1.14995e-05
0.173828	0.287109	0.00298268
0.146484	0.431641	0.00332332
0.208984	0.712891	0.00237516
0.240234	0.748047	0.00209235
0.341797	0.146484	-0.00285382
0.193359	0.279297	-0.00269495
0.185547	0.298828	-0.00277513
0.654297	0.779297	0.00254253
0.646484	0.783203	0.00263967
0.435547	0.818359	0.00312704
0.501953	0.818359	0.00314175
0.740234	0.701172	0.00227254
0.255859	0.732422	-0.00187681
0.755859	0.384766	0.00245033
0.748047	0.369141	0.00235638
0.736328	0.349609	0.00209121
0.775391	0.443359	0.00276652
0.783203	0.494141	0.00293244
0.458984	0.798828	-0.00285452
0.462891	0.798828	-0.00290007
0.470703	0.798828	-0.00288782
0.466797	0.798828	-0.00291122
0.400391	0.279297	0.00203967
0.330078	0.337891	0.00169076
0.552734	0.251953	0.00270113
0.755859	0.482422	-0.00253254
0.412109	0.310547	-0.00164457
0.333984	0.607422	0.00117111
0.353516	0.365234	-0.00139367
0.564453	0.283203	-0.00232358
0.291016	0.501953	0.00224277
0.572266	0.576172	-0.00143136
0.537109	0.611328	-0.000921738
0.443359	0.666016	0.00168632
0.423828	0.623047	-0.0013443
0.576172	0.626953	0.000155577
0.580078	0.623047	1.9014e-05
0.490234	0.666016	0.00160957
0.591797	0.607422	0.000264535
0.607422	0.568359	4.8657e-05
0.392578	0.130859	-0.00238534
0.396484	0.126953	0.00036532
0.302734	0.150391	0.00300356
0.166016	0.310547	0.00316361
0.201172	0.701172	0.00255246
0.224609	0.732422	0.00215274
0.310547	0.791016	0.00289839
0.322266	0.154297	-0.0028396
0.205078	0.255859	-0.00256657
0.251953	0.197266	-0.00216189
0.232422	0.216797	-0.00217047
0.181641	0.310547	-0.00290147
0.353516	0.142578	-0.00303147
0.580078	0.806641	0.0030136
0.169922	0.357422	-0.00312925
0.607422	0.798828	0.00293529
0.166016	0.380859	-0.00315487
0.708984	0.740234	0.00192871
0.712891	0.736328	0.00191037
0.162109	0.501953	-0.00320365
0.236328	0.712891	-0.00200002
0.384766	0.791016	-0.00293554
0.603516	0.775391	-0.00266193
0.408203	0.794922	-0.00294933
0.580078	0.783203	-0.00279404
0.669922	0.287109	0.00222043
0.720703	0.681641	-0.00212381
0.677734	0.330078	-0.00157793
0.322266	0.349609	0.00187868
0.427734	0.302734	-0.00205117
0.458984	0.291016	-0.00225473
0.365234	0.349609	-0.00141744
0.353516	0.626953	0.00132357
0.474609	0.287109	-0.00241041
0.369141	0.638672	0.00143771
0.357422	0.576172	-0.00105788
0.349609	0.564453	-0.00142586
0.560547	0.591797	-0.00100547
0.423828	0.662109	0.00193842
0.552734	0.599609	-0.000899549
0.521484	0.619141	-0.00136323
0.533203	0.654297	0.00149287
0.529297	0.615234	-0.00145773
0.509766	0.662109	0.00170191
0.439453	0.626953	-0.00165174
0.599609	0.591797	0.000780226
0.607422	0.564453	0.00059699
0.146484	0.494141	0.00345804
0.291016	0.169922	-0.00271738
0.685547	0.759766	0.00232858
0.193359	0.642578	-0.00284319
0.763672	0.404297	0.00278395
0.751953	0.376953	0.00255553
0.724609	0.333984	0.00206787
0.701172	0.708984	-0.00192773
0.712891	0.693359	-0.00221691
0.736328	0.650391	-0.00253065
0.615234	0.263672	0.00280657
0.369141	0.298828	0.00196361
0.751953	0.599609	-0.00283495
0.455078	0.259766	0.00274309
0.505859	0.251953	0.00286772
0.548828	0.251953	0.0029783
0.306641	0.380859	0.00239824
0.419922	0.306641	-0.00204068
0.384766	0.330078	-0.00161549
0.447266	0.294922	-0.00231995
0.306641	0.560547	0.0021925
0.318359	0.583984	0.00201512
0.291016	0.443359	0.00269489
0.498047	0.283203	-0.00257573
0.337891	0.396484	-0.00218675
0.330078	0.419922	-0.00217916
0.337891	0.541016	-0.00196369
0.380859	0.599609	-0.0013551
0.326172	0.439453	-0.00229548
0.330078	0.517578	-0.00218167
0.556641	0.595703	-0.00108369
0.326172	0.498047	-0.00233789
0.548828	0.646484	0.00138407
0.447266	0.666016	0.00214592
0.509766	0.623047	-0.00192949
0.486328	0.666016	0.00208812
0.595703	0.599609	0.000867661
0.603516	0.580078	0.00118927
0.607422	0.560547	0.000976126
0.607422	0.544922	-0.00191723
0.392578	0.119141	-0.00268875
0.396484	0.123047	0.0010359
0.212891	0.216797	0.00259457
0.154297	0.361328	0.00341093
0.154297	0.568359	0.00341969
0.146484	0.435547	0.00350606
0.177734	0.654297	0.00313714
0.197266	0.271484	-0.00293006
0.376953	0.810547	0.00329186
0.673828	0.767578	0.00265599
0.439453	0.818359	0.0033687
0.498047	0.818359	0.00338302
0.162109	0.419922	-0.00333896
0.599609	0.541016	-0.00152086
0.251953	0.728516	-0.00217457
0.330078	0.775391	-0.0028679
0.353516	0.783203	-0.00303069
0.767578	0.416016	0.00297058
0.783203	0.560547	0.00318329
0.591797	0.779297	-0.00296787
0.681641	0.294922	0.00242214
0.677734	0.732422	-0.00208939
0.783203	0.498047	0.00325398
0.646484	0.275391	0.00275312
0.626953	0.267578	0.0028385
0.748047	0.615234	-0.00294482
0.380859	0.291016	0.0023387
0.720703	0.380859	-0.00227178
0.701172	0.353516	-0.00190958
0.736328	0.412109	-0.00269485
0.474609	0.255859	0.00295589
0.751953	0.462891	-0.00292992
0.755859	0.576172	-0.00302145
0.623047	0.298828	-0.00262508
0.400391	0.318359	-0.00192515
0.294922	0.419922	0.00278968
0.337891	0.611328	0.001563
0.349609	0.623047	0.00165789
0.560547	0.283203	-0.00280589
0.291016	0.498047	0.00270893
0.580078	0.560547	-0.00240586
0.576172	0.568359	-0.00219822
0.380859	0.134766	-0.00328204
0.400391	0.654297	0.0022038
0.541016	0.650391	0.00170196
0.521484	0.658203	0.00208472
0.560547	0.638672	0.00146246
0.451172	0.666016	0.00252234
0.494141	0.626953	-0.0021043
0.482422	0.666016	0.00248016
0.607422	0.556641	0.001129
0.607422	0.552734	0.000877501
0.607422	0.548828	-7.49838e-05
0.603516	0.541016	-0.00248047
0.169922	0.298828	0.00330445
0.158203	0.341797	0.00345447
0.150391	0.541016	0.00349911
0.236328	0.744141	0.00231436
0.228516	0.736328	0.00234724
0.201172	0.263672	-0.00289586
0.400391	0.814453	0.00337913
0.537109	0.814453	0.00344322
0.208984	0.673828	-0.0027577
0.240234	0.716797	-0.00224981
0.759766	0.662109	0.003037
0.271484	0.744141	-0.00249569
0.283203	0.751953	-0.00268971
0.779297	0.591797	0.00327824
0.697266	0.306641	0.00225616
0.564453	0.787109	-0.00311778
0.662109	0.283203	0.00272715
0.521484	0.794922	-0.00329133
0.724609	0.673828	-0.00270817
0.712891	0.369141	-0.00231795
0.681641	0.333984	-0.00201662
0.748047	0.447266	-0.00306309
0.755859	0.486328	-0.00307801
0.318359	0.357422	0.00257034
0.654297	0.314453	-0.00250169
0.544922	0.251953	0.00320815
0.509766	0.251953	0.00311927
0.298828	0.404297	0.00277329
0.599609	0.291016	-0.00285585
0.583984	0.287109	-0.00284634
0.380859	0.333984	-0.00192573
0.326172	0.595703	0.00215304
0.310547	0.568359	0.00252984
0.314453	0.576172	0.00247445
0.369141	0.345703	-0.00180806
0.298828	0.537109	0.00272837
0.341797	0.615234	0.00177698
0.294922	0.521484	0.00278878
0.349609	0.373047	-0.00223697
0.501953	0.283203	-0.00303158
0.333984	0.408203	-0.00259346
0.361328	0.580078	-0.00163955
0.345703	0.556641	-0.00208597
0.341797	0.548828	-0.0022619
0.412109	0.658203	0.00250764
0.333984	0.529297	-0.00251536
0.392578	0.607422	-0.00188845
0.326172	0.443359	-0.00284414
0.416016	0.619141	-0.0023062
0.443359	0.626953	-0.00239761
0.587891	0.611328	0.00130444
0.279297	0.162109	0.00312626
0.259766	0.173828	0.00285007
0.150391	0.388672	0.0035546
0.146484	0.490234	0.00362156
0.232422	0.740234	0.00240118
0.279297	0.775391	0.00297094
0.248047	0.201172	-0.00242782
0.236328	0.212891	-0.00245165
0.314453	0.158203	-0.00318158
0.560547	0.810547	0.00342139
0.173828	0.580078	-0.00341848
0.166016	0.537109	-0.00345487
0.177734	0.595703	-0.00339832
0.162109	0.498047	-0.00347093
0.248047	0.724609	-0.00233623
0.341797	0.779297	-0.00319193
0.650391	0.751953	-0.00270487
0.662109	0.744141	-0.00259442
0.783203	0.556641	0.00347434
0.697266	0.712891	-0.00230911
0.654297	0.279297	0.00290351
0.732422	0.658203	-0.00290362
0.599609	0.259766	0.00314246
0.580078	0.255859	0.00323488
0.697266	0.349609	-0.00223673
0.333984	0.333984	0.00242742
0.310547	0.373047	0.00282249
0.513672	0.251953	0.00332244
0.302734	0.392578	0.00293179
0.373047	0.341797	-0.00202311
0.302734	0.548828	0.00282721
0.345703	0.619141	0.00180934
0.291016	0.447266	0.0030983
0.345703	0.380859	-0.00265047
0.376953	0.642578	0.00230989
0.341797	0.388672	-0.00263129
0.291016	0.494141	0.00311245
0.376953	0.595703	-0.00184381
0.541016	0.607422	-0.00202357
0.427734	0.662109	0.00282439
0.326172	0.494141	-0.00288726
0.427734	0.623047	-0.00252596
0.505859	0.662109	0.00263276
0.455078	0.666016	0.00281506
0.478516	0.666016	0.00278545
0.490234	0.626953	-0.00280069
0.603516	0.576172	0.00224747
0.158203	0.587891	0.00357327
0.146484	0.439453	0.00366395
0.298828	0.166016	-0.0031528
0.443359	0.818359	0.00357965
0.494141	0.818359	0.00359325
0.162109	0.423828	-0.00359398
0.197266	0.650391	-0.00322473
0.244141	0.720703	-0.00236198
0.771484	0.626953	0.00338942
0.775391	0.611328	0.00339041
0.369141	0.787109	-0.00335368
0.720703	0.330078	0.00252617
0.779297	0.466797	0.00344096
0.412109	0.794922	-0.00345682
0.681641	0.728516	-0.00241633
0.544922	0.791016	-0.00345914
0.783203	0.501953	0.00353633
0.728516	0.666016	-0.00296567
0.740234	0.638672	-0.003233
0.419922	0.271484	0.00308147
0.724609	0.388672	-0.00287238
0.732422	0.404297	-0.00307287
0.685547	0.337891	-0.00230191
0.666016	0.322266	-0.00253313
0.314453	0.365234	0.00288216
0.541016	0.251953	0.00339077
0.517578	0.251953	0.00347719
0.611328	0.294922	-0.00307314
0.376953	0.337891	-0.00206208
0.357422	0.361328	-0.00240136
0.478516	0.287109	-0.0032353
0.556641	0.283203	-0.0032305
0.365234	0.634766	0.00241634
0.384766	0.646484	0.00272763
0.392578	0.650391	0.00269058
0.365234	0.583984	-0.00201298
0.568359	0.580078	-0.00241044
0.330078	0.423828	-0.00312343
0.353516	0.568359	-0.00252311
0.373047	0.591797	-0.00211576
0.330078	0.513672	-0.00314517
0.400391	0.611328	-0.00258211
0.408203	0.615234	-0.00272071
0.564453	0.634766	0.00217509
0.458984	0.666016	0.00302336
0.462891	0.666016	0.00314663
0.583984	0.615234	0.00208525
0.474609	0.666016	0.00300422
0.447266	0.626953	-0.00303787
0.466797	0.666016	0.00318456
0.470703	0.666016	0.00313711
0.591797	0.603516	0.00232407
0.599609	0.587891	0.00228269
0.396484	0.119141	-0.00257496
0.400391	0.123047	-0.000928578
0.294922	0.154297	0.00333107
0.244141	0.185547	0.00286249
0.162109	0.326172	0.00362353
0.166016	0.619141	0.00355142
0.146484	0.486328	0.00376232
0.302734	0.787109	0.00333655
0.345703	0.802734	0.00349801
0.267578	0.185547	-0.00286931
0.244141	0.205078	-0.00256851
0.220703	0.232422	-0.00289191
0.240234	0.208984	-0.00258201
0.306641	0.162109	-0.00329059
0.595703	0.544922	0.0017341
0.169922	0.560547	-0.00358126
0.728516	0.716797	0.00286478
0.205078	0.666016	-0.003188
0.744141	0.693359	0.00303877
0.224609	0.697266	-0.00282862
0.162109	0.494141	-0.00371152
0.701172	0.310547	0.00266285
0.693359	0.716797	-0.00254977
0.744141	0.626953	-0.00336468
0.365234	0.302734	0.00264084
0.443359	0.263672	0.00343966
0.728516	0.396484	-0.00313557
0.693359	0.345703	-0.00241169
0.689453	0.341797	-0.00243357
0.755859	0.572266	-0.00352256
0.755859	0.490234	-0.00357709
0.537109	0.251953	0.00352583
0.630859	0.302734	-0.00312666
0.533203	0.251953	0.00361286
0.521484	0.251953	0.00358361
0.439453	0.298828	-0.00318635
0.462891	0.291016	-0.00333715
0.291016	0.451172	0.00343995
0.505859	0.283203	-0.00342824
0.291016	0.490234	0.00345346
0.369141	0.587891	-0.00217226
0.326172	0.447266	-0.00331626
0.326172	0.490234	-0.00335761
0.517578	0.619141	-0.00289285
0.529297	0.654297	0.00300718
0.552734	0.642578	0.00266942
0.505859	0.623047	-0.00309712
0.595703	0.595703	0.00265783
0.603516	0.544922	0.00086837
0.146484	0.443359	0.00379784
0.255859	0.759766	0.00300887
0.212891	0.244141	-0.00314389
0.177734	0.326172	-0.00363978
0.599609	0.544922	0.00233678
0.626953	0.791016	0.00351687
0.166016	0.384766	-0.00368699
0.447266	0.818359	0.00376055
0.490234	0.818359	0.00377257
0.201172	0.658203	-0.00333912
0.740234	0.357422	0.0031284
0.732422	0.345703	0.00303602
0.775391	0.447266	0.00362913
0.611328	0.771484	-0.00337687
0.388672	0.791016	-0.00367291
0.783203	0.552734	0.00372699
0.685547	0.724609	-0.00260284
0.689453	0.720703	-0.00264779
0.783203	0.505859	0.00377985
0.388672	0.287109	0.00317923
0.751953	0.595703	-0.00362488
0.740234	0.423828	-0.00339386
0.744141	0.435547	-0.00350591
0.458984	0.259766	0.00365767
0.478516	0.255859	0.00360586
0.326172	0.345703	0.00300522
0.646484	0.310547	-0.00307554
0.638672	0.306641	-0.00328073
0.529297	0.251953	0.00365153
0.525391	0.251953	0.00364175
0.408203	0.314453	-0.00295884
0.396484	0.322266	-0.00283203
0.294922	0.423828	0.00357279
0.580078	0.287109	-0.00363047
0.294922	0.517578	0.00358143
0.552734	0.283203	-0.00359686
0.388672	0.603516	-0.00293267
0.544922	0.603516	-0.00287182
0.533203	0.611328	-0.00295412
0.525391	0.615234	-0.00324101
0.517578	0.658203	0.00330427
0.568359	0.630859	0.00265329
0.501953	0.662109	0.00347567
0.580078	0.619141	0.00260758
0.486328	0.626953	-0.00338486
0.451172	0.626953	-0.00357111
0.396484	0.130859	-0.00337341
0.603516	0.572266	0.00314943
0.400391	0.126953	-0.00157465
0.287109	0.158203	0.00337006
0.349609	0.134766	0.00348049
0.146484	0.482422	0.00388045
0.197266	0.693359	0.00335749
0.287109	0.779297	0.00337629
0.322266	0.794922	0.00357721
0.279297	0.177734	-0.00319442
0.361328	0.806641	0.00373589
0.173828	0.341797	-0.00369076
0.365234	0.130859	0.0034103
0.689453	0.755859	0.00306073
0.189453	0.630859	-0.00363951
0.162109	0.427734	-0.00382238
0.216797	0.685547	-0.00319614
0.755859	0.669922	0.00348094
0.322266	0.771484	-0.00355082
0.759766	0.396484	0.00356744
0.771484	0.431641	0.00369977
0.716797	0.326172	0.00284086
0.517578	0.794922	-0.00377308
0.708984	0.697266	-0.00309139
0.431641	0.267578	0.00356108
0.337891	0.330078	0.00300887
0.751953	0.466797	-0.00371821
0.330078	0.599609	0.00299098
0.322266	0.587891	0.00328059
0.451172	0.294922	-0.00360875
0.291016	0.455078	0.00371972
0.509766	0.283203	-0.00376558
0.291016	0.486328	0.00373194
0.337891	0.400391	-0.00362333
0.404297	0.654297	0.00361519
0.337891	0.537109	-0.00345655
0.416016	0.658203	0.00365659
0.431641	0.662109	0.00362866
0.326172	0.451172	-0.00371156
0.326172	0.486328	-0.00374859
0.537109	0.650391	0.00342593
0.544922	0.646484	0.00331995
0.431641	0.623047	-0.00360715
0.482422	0.626953	-0.0038558
0.599609	0.583984	0.00365975
0.603516	0.548828	0.00340026
