0.572266	0.123047	-0.00383999
0.568359	0.123047	-0.00373029
0.564453	0.123047	-0.00362945
0.560547	0.123047	-0.00354329
0.556641	0.123047	-0.00348434
0.525391	0.123047	-0.00383721
0.552734	0.123047	-0.00346003
0.529297	0.123047	-0.00372817
0.548828	0.123047	-0.00346784
0.607422	0.126953	-0.00191754
0.533203	0.123047	-0.00364744
0.537109	0.123047	-0.003587
0.541016	0.123047	-0.00353777
0.544922	0.123047	-0.00349708
0.611328	0.126953	-0.00224076
0.615234	0.126953	-0.00260393
0.470703	0.126953	-0.00367547
0.619141	0.126953	-0.00300341
0.439453	0.130859	-0.00383724
0.603516	0.126953	-0.00162511
0.474609	0.126953	-0.00327484
0.623047	0.126953	-0.00342568
0.478516	0.126953	-0.0028974
0.443359	0.130859	-0.00324799
0.419922	0.134766	-0.00332625
0.626953	0.126953	-0.00386097
0.400391	0.138672	-0.00350982
0.599609	0.126953	-0.00134881
0.630859	0.130859	-0.000446345
0.482422	0.126953	-0.00253977
0.447266	0.130859	-0.00268675
0.384766	0.142578	-0.00345956
0.634766	0.130859	-0.000920306
0.486328	0.126953	-0.00219907
0.423828	0.134766	-0.00260996
0.595703	0.126953	-0.00108197
0.638672	0.130859	-0.00142985
0.490234	0.126953	-0.00187543
0.451172	0.130859	-0.00215123
0.404297	0.138672	-0.00264769
0.373047	0.146484	-0.00287305
0.388672	0.142578	-0.00247126
0.337891	0.158203	-0.00337802
0.642578	0.130859	-0.00197914
0.494141	0.126953	-0.00157229
0.591797	0.126953	-0.000824631
0.455078	0.130859	-0.00163827
0.427734	0.134766	-0.00191687
0.361328	0.150391	-0.00264072
0.349609	0.154297	-0.00280465
0.169922	0.412109	-0.00353379
0.169922	0.509766	-0.00381121
0.533203	0.138672	0.00375424
0.587891	0.138672	0.00384574
0.498047	0.126953	-0.00129422
0.181641	0.341797	-0.00363493
0.173828	0.380859	-0.00347059
0.537109	0.138672	0.00361578
0.541016	0.138672	0.00349872
0.583984	0.138672	0.00369661
0.580078	0.138672	0.0035668
0.626953	0.130859	4.8525e-06
0.587891	0.126953	-0.000584431
0.408203	0.138672	-0.00181337
0.169922	0.416016	-0.00320037
0.169922	0.505859	-0.00345724
0.482422	0.142578	0.00377941
0.544922	0.138672	0.00340413
0.548828	0.138672	0.003333
0.572266	0.138672	0.00337428
0.576172	0.138672	0.00345894
0.646484	0.130859	-0.00256266
0.501953	0.126953	-0.00104359
0.330078	0.162109	-0.00281912
0.552734	0.138672	0.00328546
0.556641	0.138672	0.00326065
0.560547	0.138672	0.00325726
0.564453	0.138672	0.0032746
0.568359	0.138672	0.00331316
0.650391	0.134766	0.000671036
0.583984	0.126953	-0.000375811
0.458984	0.130859	-0.00114545
0.177734	0.361328	-0.00307968
0.169922	0.419922	-0.00289641
0.177734	0.560547	-0.00354071
0.455078	0.146484	0.00376608
0.173828	0.537109	-0.00327471
0.169922	0.501953	-0.00313186
0.486328	0.142578	0.00333289
0.505859	0.126953	-0.000818891
0.431641	0.134766	-0.00124599
0.376953	0.146484	-0.00177563
0.197266	0.294922	-0.00354661
0.173828	0.384766	-0.00288721
0.169922	0.498047	-0.00283476
0.392578	0.142578	-0.00151659
0.322266	0.166016	-0.00250051
0.298828	0.177734	-0.00307003
0.185547	0.330078	-0.00294968
0.169922	0.423828	-0.00262124
0.634766	0.142578	0.00352569
0.650391	0.130859	-0.00316998
0.654297	0.134766	3.9835e-05
0.580078	0.126953	-0.000205391
0.509766	0.126953	-0.000614498
0.181641	0.345703	-0.00269033
0.185547	0.591797	-0.00343324
0.181641	0.576172	-0.00316671
0.169922	0.427734	-0.00237476
0.435547	0.150391	0.00348493
0.458984	0.146484	0.00313789
0.490234	0.142578	0.00291138
0.169922	0.494141	-0.00256631
0.630859	0.142578	0.00310298
0.462891	0.130859	-0.000672369
0.412109	0.138672	-0.00100814
0.341797	0.158203	-0.00192433
0.314453	0.169922	-0.00242489
0.306641	0.173828	-0.00261162
0.212891	0.263672	-0.00335666
0.201172	0.287109	-0.00308656
0.193359	0.306641	-0.00287754
0.189453	0.318359	-0.00269031
0.173828	0.388672	-0.00233465
0.173828	0.533203	-0.00270361
0.177734	0.556641	-0.00277107
0.169922	0.490234	-0.00232691
0.576172	0.126953	-6.6998e-05
0.513672	0.126953	-0.000423434
0.365234	0.150391	-0.00143335
0.177734	0.365234	-0.0023224
0.169922	0.431641	-0.0021574
0.623047	0.130859	0.000442442
0.494141	0.142578	0.00251484
0.626953	0.142578	0.00270264
0.654297	0.130859	-0.0037968
0.658203	0.134766	-0.000618685
0.572266	0.126953	5.34198e-05
0.517578	0.126953	-0.000243707
0.435547	0.134766	-0.000598666
0.353516	0.154297	-0.00147556
0.287109	0.185547	-0.00266074
0.275391	0.193359	-0.00303458
0.208984	0.271484	-0.0029881
0.205078	0.279297	-0.00289208
0.189453	0.603516	-0.00315104
0.193359	0.615234	-0.00329729
0.169922	0.435547	-0.00196955
0.169922	0.486328	-0.00211654
0.419922	0.154297	0.00305972
0.462891	0.146484	0.00253441
0.568359	0.126953	0.000164036
0.521484	0.126953	-7.96143e-05
0.173828	0.392578	-0.00181201
0.173828	0.529297	-0.00216339
0.201172	0.634766	-0.00337836
0.169922	0.439453	-0.00181114
0.439453	0.150391	0.00271277
0.404297	0.158203	0.00316965
0.169922	0.482422	-0.00193485
0.498047	0.142578	0.0021432
0.439453	0.787109	-0.00385552
0.623047	0.142578	0.00232655
0.564453	0.126953	0.000265757
0.525391	0.126953	6.01351e-05
0.466797	0.130859	-0.000220769
0.220703	0.251953	-0.00283981
0.181641	0.572266	-0.00225039
0.169922	0.443359	-0.0016816
0.169922	0.478516	-0.00178147
0.169922	0.447266	-0.00158013
0.169922	0.474609	-0.00165628
0.404297	0.783203	-0.00368727
0.443359	0.787109	-0.00364186
0.486328	0.787109	-0.00383016
0.482422	0.787109	-0.00362174
0.529297	0.126953	0.000169948
0.396484	0.142578	-0.000593393
0.380859	0.146484	-0.000710988
0.333984	0.162109	-0.0012668
0.197266	0.298828	-0.00206726
0.185547	0.333984	-0.00188578
0.181641	0.349609	-0.00177985
0.177734	0.369141	-0.0015981
0.185547	0.587891	-0.00236304
0.177734	0.552734	-0.00203445
0.205078	0.642578	-0.0031086
0.501953	0.142578	0.00179588
0.466797	0.146484	0.00195599
0.169922	0.451172	-0.00150617
0.169922	0.470703	-0.00155938
0.169922	0.455078	-0.00145975
0.169922	0.466797	-0.00149109
0.169922	0.458984	-0.0014414
0.169922	0.462891	-0.00145174
0.619141	0.142578	0.00197618
0.447266	0.787109	-0.00346657
0.197266	0.400391	0.00373095
0.451172	0.787109	-0.00332996
0.478516	0.787109	-0.0034521
0.662109	0.134766	-0.0013166
0.560547	0.126953	0.000352769
0.556641	0.126953	0.000412363
0.552734	0.126953	0.000436995
0.533203	0.126953	0.00025102
0.544922	0.126953	0.000400416
0.537109	0.126953	0.000311307
0.541016	0.126953	0.000360137
0.416016	0.138672	-0.000232979
0.271484	0.197266	-0.00231153
0.173828	0.396484	-0.00131927
0.173828	0.525391	-0.00165397
0.212891	0.658203	-0.00335835
0.208984	0.650391	-0.00309697
0.392578	0.162109	0.00270427
0.369141	0.169922	0.00294955
0.349609	0.177734	0.00327452
0.384766	0.779297	-0.00336777
0.615234	0.142578	0.00165017
0.408203	0.783203	-0.003114
0.205078	0.357422	0.00366867
0.521484	0.783203	-0.00361328
0.455078	0.787109	-0.00323232
0.474609	0.787109	-0.00332085
0.458984	0.787109	-0.00317366
0.470703	0.787109	-0.00322752
0.462891	0.787109	-0.00315364
0.466797	0.787109	-0.00317175
0.548828	0.126953	0.000429348
0.470703	0.130859	0.000207066
0.439453	0.134766	2.26275e-05
0.619141	0.130859	0.000867049
0.294922	0.181641	-0.00173779
0.232422	0.236328	-0.00239042
0.189453	0.322266	-0.00149148
0.197266	0.623047	-0.00243493
0.423828	0.154297	0.00216497
0.443359	0.150391	0.00196997
0.505859	0.142578	0.00147178
0.380859	0.166016	0.00262949
0.369141	0.775391	-0.0031842
0.212891	0.330078	0.00365387
0.201172	0.376953	0.00344049
0.197266	0.404297	0.00327109
0.646484	0.134766	0.00128204
0.666016	0.138672	0.00175253
0.216797	0.259766	-0.00198292
0.193359	0.310547	-0.00154495
0.189453	0.599609	-0.00195586
0.177734	0.548828	-0.00133059
0.173828	0.521484	-0.00117554
0.408203	0.158203	0.00214633
0.470703	0.146484	0.00140355
0.509766	0.142578	0.0011703
0.341797	0.181641	0.00309498
0.333984	0.185547	0.00316331
0.333984	0.763672	-0.00306291
0.611328	0.142578	0.0013451
0.572266	0.771484	-0.00356327
0.541016	0.779297	-0.00324423
0.517578	0.783203	-0.00304718
0.201172	0.533203	0.00360638
0.197266	0.505859	0.00341229
0.654297	0.146484	0.00215779
0.658203	0.146484	0.00271548
0.369141	0.150391	-0.000261959
0.345703	0.158203	-0.00050996
0.326172	0.166016	-0.000850196
0.283203	0.189453	-0.00162854
0.201172	0.291016	-0.00150529
0.177734	0.373047	-0.000907406
0.173828	0.400391	-0.000856748
0.193359	0.611328	-0.00197028
0.181641	0.568359	-0.00136913
0.607422	0.142578	0.00105922
0.357422	0.771484	-0.00263989
0.388672	0.779297	-0.00257899
0.412109	0.783203	-0.00258088
0.583984	0.767578	-0.00361089
0.197266	0.408203	0.00284727
0.650391	0.146484	0.00161708
0.408203	0.451172	-0.000474762
0.662109	0.146484	0.00328787
0.666016	0.134766	-0.00206085
0.302734	0.177734	-0.00110724
0.267578	0.201172	-0.00171747
0.224609	0.248047	-0.00177645
0.181641	0.353516	-0.000906037
0.185547	0.583984	-0.00132923
0.220703	0.669922	-0.00263999
0.447266	0.150391	0.00125662
0.513672	0.142578	0.000891862
0.294922	0.744141	-0.00309638
0.345703	0.767578	-0.00259371
0.220703	0.310547	0.00312838
0.208984	0.345703	0.00283737
0.205078	0.361328	0.00278102
0.556641	0.775391	-0.0030086
0.201172	0.380859	0.00275412
0.513672	0.783203	-0.00252096
0.212891	0.580078	0.00370796
0.197266	0.501953	0.00297887
0.669922	0.138672	0.000953081
0.474609	0.130859	0.000610032
0.400391	0.142578	0.000300721
0.357422	0.154297	-0.000183028
0.318359	0.169922	-0.000675056
0.310547	0.173828	-0.000755363
0.236328	0.232422	-0.00177827
0.212891	0.267578	-0.00143873
0.205078	0.283203	-0.00119685
0.185547	0.337891	-0.000860021
0.201172	0.630859	-0.00181075
0.173828	0.517578	-0.000728232
0.228516	0.681641	-0.00269519
0.427734	0.154297	0.00130043
0.474609	0.146484	0.000877701
0.361328	0.173828	0.00219547
0.396484	0.162109	0.00156722
0.517578	0.142578	0.000637489
0.283203	0.736328	-0.00299636
0.314453	0.197266	0.00287821
0.603516	0.142578	0.00079338
0.326172	0.759766	-0.00248536
0.373047	0.775391	-0.00221432
0.416016	0.783203	-0.00208808
0.537109	0.779297	-0.00246124
0.197266	0.412109	0.00245865
0.205078	0.548828	0.00293137
0.201172	0.529297	0.0029162
0.197266	0.498047	0.00258015
0.615234	0.130859	0.00126979
0.443359	0.134766	0.000616017
0.419922	0.138672	0.00051355
0.384766	0.146484	0.000319468
0.208984	0.275391	-0.00117667
0.173828	0.404297	-0.000425176
0.177734	0.544922	-0.000659224
0.521484	0.142578	0.000407867
0.302734	0.748047	-0.00249327
0.302734	0.205078	0.00302049
0.599609	0.142578	0.000550199
0.392578	0.779297	-0.00183211
0.216797	0.322266	0.00253878
0.212891	0.333984	0.00245213
0.611328	0.755859	-0.00341155
0.509766	0.783203	-0.00203399
0.208984	0.564453	0.00295336
0.197266	0.416016	0.00210457
0.736328	0.587891	-0.00374565
0.646484	0.146484	0.00109678
0.740234	0.556641	-0.00378919
0.197266	0.302734	-0.000630379
0.177734	0.376953	-0.000250482
0.205078	0.638672	-0.00143725
0.173828	0.513672	-0.000311838
0.216797	0.662109	-0.00190958
0.412109	0.158203	0.00115409
0.244141	0.701172	-0.00267698
0.384766	0.166016	0.00137509
0.373047	0.169922	0.00157331
0.263672	0.720703	-0.00277313
0.310547	0.751953	-0.00219168
0.318359	0.755859	-0.00219153
0.595703	0.142578	0.000331538
0.236328	0.279297	0.00280882
0.224609	0.302734	0.00262774
0.591797	0.763672	-0.00271025
0.419922	0.783203	-0.00163566
0.568359	0.771484	-0.00241118
0.201172	0.384766	0.00210456
0.220703	0.599609	0.00305115
0.201172	0.525391	0.00226221
0.197266	0.494141	0.00221598
0.724609	0.630859	-0.00355274
0.728516	0.619141	-0.00352724
0.431641	0.751953	0.00385741
0.740234	0.552734	-0.00354992
0.740234	0.517578	-0.00372447
0.412109	0.443359	0.00279481
0.669922	0.134766	-0.00285101
0.673828	0.138672	0.00011193
0.478516	0.130859	0.000989295
0.263672	0.205078	-0.00125405
0.240234	0.228516	-0.00129657
0.189453	0.326172	-0.000334087
0.173828	0.408203	-2.54423e-05
0.181641	0.564453	-0.000523394
0.189453	0.595703	-0.000798272
0.197266	0.619141	-0.00101117
0.212891	0.654297	-0.00147154
0.451172	0.150391	0.000571993
0.478516	0.146484	0.000378303
0.525391	0.142578	0.000202731
0.248047	0.705078	-0.00242757
0.353516	0.177734	0.00166871
0.259766	0.716797	-0.00248206
0.322266	0.193359	0.0020881
0.591797	0.142578	0.000136907
0.361328	0.771484	-0.0015242
0.232422	0.287109	0.00245675
0.228516	0.294922	0.00240006
0.205078	0.365234	0.00193282
0.208984	0.349609	0.00181487
0.580078	0.767578	-0.00230734
0.552734	0.775391	-0.00204772
0.533203	0.779297	-0.00172029
0.505859	0.783203	-0.0015859
0.212891	0.576172	0.00251483
0.197266	0.419922	0.00178473
0.205078	0.544922	0.00208212
0.197266	0.490234	0.00188636
0.642578	0.146484	0.000599309
0.732422	0.603516	-0.00315345
0.736328	0.583984	-0.00308035
0.404297	0.748047	0.00360109
0.736328	0.486328	-0.00356922
0.740234	0.548828	-0.00336212
0.435547	0.751953	0.00354079
0.740234	0.544922	-0.00322594
0.740234	0.521484	-0.00349852
0.486328	0.751953	0.00376213
0.740234	0.525391	-0.00332397
0.740234	0.541016	-0.00314163
0.740234	0.529297	-0.0032008
0.482422	0.751953	0.00345877
0.337891	0.162109	0.000243559
0.291016	0.185547	-0.000517932
0.279297	0.193359	-0.000713509
0.220703	0.255859	-0.00072813
0.193359	0.314453	-0.000253407
0.181641	0.357422	-6.9174e-05
0.193359	0.607422	-0.000683088
0.208984	0.646484	-0.00132091
0.185547	0.580078	-0.000332001
0.173828	0.509766	7.41389e-05
0.232422	0.685547	-0.00185175
0.431641	0.154297	0.000465196
0.251953	0.708984	-0.00230994
0.529297	0.142578	2.09294e-05
0.255859	0.712891	-0.0023273
0.345703	0.181641	0.00138804
0.279297	0.732422	-0.00211001
0.291016	0.740234	-0.00187682
0.587891	0.142578	-3.57395e-05
0.337891	0.763672	-0.00163964
0.275391	0.228516	0.00274959
0.271484	0.232422	0.00277186
0.251953	0.255859	0.00253332
0.376953	0.775391	-0.00128834
0.396484	0.779297	-0.00112746
0.423828	0.783203	-0.00122334
0.216797	0.587891	0.00253849
0.201172	0.388672	0.00149132
0.197266	0.423828	0.00149909
0.197266	0.486328	0.00159074
0.349609	0.732422	0.00359289
0.373047	0.740234	0.0032232
0.533203	0.744141	0.00360319
0.513672	0.748047	0.0033941
0.439453	0.751953	0.00327126
0.740234	0.537109	-0.00310939
0.740234	0.533203	-0.00312919
0.443359	0.751953	0.00304883
0.478516	0.751953	0.00320379
0.611328	0.130859	0.00163668
0.447266	0.134766	0.00118107
0.259766	0.208984	-0.000921855
0.244141	0.224609	-0.000948332
0.228516	0.244141	-0.000833228
0.185547	0.341797	0.000129937
0.642578	0.134766	0.0018701
0.177734	0.541016	-2.01893e-05
0.173828	0.412109	0.000342462
0.224609	0.673828	-0.00148252
0.482422	0.146484	-9.54139e-05
0.533203	0.142578	-0.000138916
0.337891	0.185547	0.00135697
0.330078	0.189453	0.00158248
0.537109	0.142578	-0.000277574
0.298828	0.208984	0.00220258
0.583984	0.142578	-0.000187784
0.349609	0.767578	-0.00132506
0.244141	0.267578	0.00226199
0.220703	0.314453	0.00167148
0.599609	0.759766	-0.0020757
0.630859	0.744141	-0.00244244
0.654297	0.728516	-0.00294967
0.427734	0.783203	-0.000850836
0.501953	0.783203	-0.00117672
0.208984	0.560547	0.00193629
0.224609	0.607422	0.00247738
0.240234	0.638672	0.00293451
0.201172	0.521484	0.00164444
0.638672	0.146484	0.000125524
0.197266	0.427734	0.00124769
0.197266	0.482422	0.00132884
0.720703	0.638672	-0.00270418
0.318359	0.716797	0.00332822
0.361328	0.736328	0.00311768
0.388672	0.744141	0.00295941
0.728516	0.455078	-0.00326408
0.408203	0.748047	0.00293825
0.736328	0.490234	-0.00291583
0.447266	0.751953	0.00287395
0.474609	0.751953	0.0029966
0.451172	0.751953	0.00274722
0.470703	0.751953	0.00283663
0.412109	0.447266	0.000164753
0.673828	0.134766	-0.00368261
0.677734	0.138672	-0.000770549
0.482422	0.130859	0.0013482
0.423828	0.138672	0.00123411
0.373047	0.150391	0.00087563
0.255859	0.212891	-0.000723767
0.201172	0.294922	3.54871e-05
0.177734	0.380859	0.000372015
0.173828	0.505859	0.000430417
0.455078	0.150391	-8.54431e-05
0.400391	0.162109	0.000466882
0.416016	0.158203	0.000191846
0.365234	0.173828	0.000727877
0.541016	0.142578	-0.000394763
0.310547	0.201172	0.00175775
0.544922	0.142578	-0.000489403
0.580078	0.142578	-0.000319273
0.576172	0.142578	-0.000428763
0.216797	0.326172	0.00123155
0.212891	0.337891	0.00129137
0.564453	0.771484	-0.00130486
0.205078	0.369141	0.00112291
0.548828	0.775391	-0.0011302
0.529297	0.779297	-0.00102201
0.498047	0.783203	-0.000806854
0.689453	0.693359	-0.00293279
0.228516	0.615234	0.00216829
0.197266	0.431641	0.0010307
0.197266	0.478516	0.00110103
0.341797	0.728516	0.00305437
0.728516	0.615234	-0.0024079
0.732422	0.599609	-0.00226457
0.736328	0.580078	-0.0024678
0.724609	0.443359	-0.00327718
0.732422	0.470703	-0.00292589
0.509766	0.748047	0.00274484
0.455078	0.751953	0.00266902
0.458984	0.751953	0.0026393
0.466797	0.751953	0.00272359
0.462891	0.751953	0.00265766
0.669922	0.150391	0.000702692
0.404297	0.142578	0.00116829
0.251953	0.216797	-0.000662197
0.248047	0.220703	-0.000736928
0.173828	0.416016	0.000679365
0.181641	0.560547	0.000287194
0.201172	0.626953	-0.000285953
0.275391	0.728516	-0.00135102
0.548828	0.142578	-0.000560466
0.552734	0.142578	-0.000607755
0.568359	0.142578	-0.000577109
0.572266	0.142578	-0.000514805
0.298828	0.744141	-0.00108313
0.556641	0.142578	-0.000632108
0.330078	0.759766	-0.000947756
0.560547	0.142578	-0.000634833
0.564453	0.142578	-0.000616668
0.255859	0.251953	0.0017834
0.634766	0.146484	-0.000324953
0.400391	0.779297	-0.000464546
0.607422	0.755859	-0.00172364
0.208984	0.353516	0.000832537
0.587891	0.763672	-0.00130001
0.623047	0.748047	-0.0018942
0.642578	0.736328	-0.00226022
0.615234	0.751953	-0.00165933
0.201172	0.392578	0.000914505
0.431641	0.783203	-0.000517768
0.236328	0.630859	0.00238815
0.205078	0.541016	0.00127202
0.232422	0.623047	0.00213635
0.212891	0.572266	0.00136414
0.220703	0.595703	0.00161052
0.248047	0.650391	0.00271531
0.201172	0.517578	0.00106297
0.705078	0.669922	-0.00254708
0.197266	0.435547	0.000848341
0.197266	0.474609	0.000907763
0.326172	0.720703	0.00291547
0.197266	0.439453	0.000700812
0.716797	0.646484	-0.00217135
0.306641	0.708984	0.00294871
0.197266	0.470703	0.000749181
0.724609	0.626953	-0.00225325
0.333984	0.724609	0.00282529
0.736328	0.576172	-0.00190842
0.412109	0.748047	0.00232281
0.568359	0.732422	0.00321577
0.544922	0.740234	0.00289914
0.736328	0.494141	-0.00231597
0.529297	0.744141	0.00269088
0.666016	0.150391	7.22108e-05
0.673828	0.150391	0.00135725
0.681641	0.142578	0.0020818
0.607422	0.130859	0.00196305
0.486328	0.130859	0.00168987
0.388672	0.146484	0.00131599
0.361328	0.154297	0.0010724
0.349609	0.158203	0.000866413
0.330078	0.166016	0.000759382
0.298828	0.181641	0.000292267
0.216797	0.263672	8.41023e-06
0.181641	0.361328	0.000730571
0.189453	0.591797	0.000321179
0.177734	0.537109	0.000586744
0.173828	0.501953	0.000757809
0.486328	0.146484	-0.000544257
0.220703	0.666016	-0.000571585
0.236328	0.689453	-0.00113498
0.435547	0.154297	-0.000341236
0.388672	0.166016	0.000155335
0.376953	0.169922	0.000235167
0.294922	0.212891	0.00150912
0.365234	0.771484	-0.000453169
0.240234	0.275391	0.00142831
0.380859	0.775391	-0.000405536
0.224609	0.306641	0.00106017
0.576172	0.767578	-0.00104917
0.658203	0.724609	-0.00237434
0.435547	0.783203	-0.000223771
0.494141	0.783203	-0.000476761
0.216797	0.583984	0.00124486
0.259766	0.666016	0.00272207
0.685547	0.697266	-0.0023566
0.208984	0.556641	0.000958991
0.697266	0.681641	-0.00228126
0.708984	0.662109	-0.00208783
0.291016	0.697266	0.00281845
0.197266	0.443359	0.000588109
0.712891	0.654297	-0.00196414
0.197266	0.447266	0.000509973
0.197266	0.466797	0.000625081
0.197266	0.451172	0.00046597
0.197266	0.462891	0.000535058
0.197266	0.458984	0.000478672
0.197266	0.455078	0.000455638
0.353516	0.732422	0.00216101
0.376953	0.740234	0.00213601
0.392578	0.744141	0.00208695
0.556641	0.736328	0.002763
0.732422	0.474609	-0.0020436
0.416016	0.748047	0.00175573
0.505859	0.748047	0.00214508
0.693359	0.587891	0.00365762
0.412109	0.451172	-0.00274497
0.697266	0.564453	0.00368521
0.416016	0.439453	0.00187016
0.697266	0.513672	0.00382741
0.451172	0.134766	0.00171967
0.275391	0.197266	8.07304e-05
0.232422	0.240234	-1.61916e-05
0.205078	0.287109	0.000451595
0.189453	0.330078	0.00078216
0.177734	0.384766	0.000961361
0.173828	0.419922	0.000986364
0.185547	0.576172	0.000628802
0.357422	0.177734	0.000105056
0.287109	0.736328	-0.000782845
0.318359	0.197266	0.000788112
0.306641	0.748047	-0.000597359
0.322266	0.755859	-0.000535558
0.341797	0.763672	-0.00026117
0.248047	0.263672	0.00118674
0.630859	0.146484	-0.000753662
0.236328	0.283203	0.000894536
0.228516	0.298828	0.000719302
0.205078	0.373047	0.000351302
0.525391	0.779297	-0.000366568
0.201172	0.396484	0.0003746
0.490234	0.783203	-0.000186742
0.662109	0.138672	0.00250614
0.439453	0.783203	3.14358e-05
0.205078	0.537109	0.000500471
0.201172	0.513672	0.000517898
0.263672	0.669922	0.00224522
0.728516	0.611328	-0.0013426
0.365234	0.736328	0.00186089
0.732422	0.595703	-0.00142905
0.720703	0.435547	-0.00242959
0.736328	0.572266	-0.00140208
0.728516	0.458984	-0.00214665
0.576172	0.728516	0.00266897
0.599609	0.716797	0.0029861
0.736328	0.498047	-0.00176926
0.525391	0.744141	0.00182932
0.603516	0.322266	-0.00340111
0.572266	0.314453	-0.00372696
0.697266	0.560547	0.00328954
0.697266	0.517578	0.00340774
0.677734	0.150391	0.00203517
0.306641	0.177734	0.000813174
0.212891	0.271484	0.000437827
0.208984	0.279297	0.000591166
0.197266	0.306641	0.000763617
0.197266	0.615234	0.000372057
0.193359	0.603516	0.000564597
0.205078	0.634766	0.00019166
0.458984	0.150391	-0.000717322
0.173828	0.498047	0.00105672
0.228516	0.677734	-0.000443545
0.490234	0.146484	-0.000968276
0.271484	0.724609	-0.000720203
0.314453	0.751953	-0.000415726
0.306641	0.205078	0.00075301
0.291016	0.216797	0.00094525
0.353516	0.767578	-0.000101417
0.259766	0.248047	0.00115967
0.232422	0.291016	0.000659884
0.404297	0.779297	0.000156987
0.212891	0.341797	0.000171631
0.544922	0.775391	-0.000255185
0.662109	0.720703	-0.00193936
0.560547	0.771484	-0.000243865
0.634766	0.740234	-0.00118692
0.646484	0.732422	-0.00133907
0.681641	0.701172	-0.00192581
0.244141	0.642578	0.00166953
0.443359	0.783203	0.000247966
0.224609	0.603516	0.000931243
0.486328	0.783203	6.31966e-05
0.251953	0.654297	0.00177078
0.287109	0.693359	0.00231462
0.302734	0.705078	0.00196094
0.314453	0.712891	0.00200003
0.720703	0.634766	-0.00127538
0.345703	0.728516	0.00149844
0.724609	0.447266	-0.001972
0.396484	0.744141	0.00126527
0.583984	0.724609	0.00244163
0.591797	0.720703	0.00254272
0.736328	0.568359	-0.000948568
0.541016	0.740234	0.00181828
0.419922	0.748047	0.00123782
0.736328	0.501953	-0.00127561
0.501953	0.748047	0.00159415
0.638672	0.337891	-0.00331628
0.630859	0.333984	-0.00304461
0.623047	0.330078	-0.00318241
0.681641	0.623047	0.00303671
0.662109	0.150391	-0.000532954
0.689453	0.599609	0.00273281
0.693359	0.583984	0.00284899
0.587891	0.318359	-0.00291752
0.568359	0.314453	-0.00316298
0.697266	0.556641	0.00296103
0.693359	0.494141	0.00314063
0.419922	0.431641	0.00244918
0.697266	0.552734	0.00270023
0.697266	0.521484	0.00305627
0.509766	0.314453	-0.00365306
0.697266	0.525391	0.00277294
0.681641	0.138672	-0.00169316
0.685547	0.142578	0.00111632
0.603516	0.130859	0.0022575
0.490234	0.130859	0.00201457
0.427734	0.138672	0.00193093
0.322266	0.169922	0.00103267
0.314453	0.173828	0.00105741
0.287109	0.189453	0.000584399
0.224609	0.251953	0.000407429
0.193359	0.318359	0.000999168
0.185547	0.345703	0.0010846
0.173828	0.423828	0.00126424
0.181641	0.556641	0.00106324
0.177734	0.533203	0.00116206
0.216797	0.658203	4.69694e-05
0.208984	0.642578	0.000412547
0.240234	0.693359	-0.000549194
0.173828	0.494141	0.00132685
0.419922	0.158203	-0.000740164
0.404297	0.162109	-0.00059795
0.326172	0.193359	0.0001072
0.626953	0.146484	-0.00115951
0.220703	0.318359	0.000257599
0.384766	0.775391	0.000435177
0.216797	0.330078	-3.14454e-05
0.595703	0.759766	-0.000551902
0.208984	0.357422	-0.000108393
0.666016	0.716797	-0.00164741
0.521484	0.779297	0.000246542
0.201172	0.400391	-0.00012799
0.677734	0.705078	-0.00164016
0.447266	0.783203	0.000425682
0.212891	0.568359	0.000255168
0.693359	0.685547	-0.00134353
0.482422	0.783203	0.000273366
0.701172	0.673828	-0.00125655
0.267578	0.673828	0.00190704
0.478516	0.783203	0.000444276
0.201172	0.509766	9.28605e-06
0.283203	0.689453	0.00195112
0.724609	0.623047	-0.00100653
0.322266	0.716797	0.00138718
0.380859	0.740234	0.00109935
0.705078	0.404297	-0.00243214
0.716797	0.427734	-0.00190848
0.611328	0.708984	0.00269489
0.732422	0.478516	-0.00121607
0.564453	0.732422	0.00178208
0.697266	0.392578	-0.00233157
0.685547	0.376953	-0.00278526
0.552734	0.736328	0.00150755
0.626953	0.697266	0.00279449
0.650391	0.345703	-0.00287856
0.669922	0.646484	0.00292929
0.736328	0.505859	-0.000835193
0.498047	0.748047	0.0010917
0.673828	0.638672	0.00258151
0.677734	0.630859	0.00261833
0.685547	0.611328	0.00252052
0.689453	0.478516	0.00319898
0.685547	0.466797	0.00317025
0.423828	0.423828	0.00306362
0.564453	0.314453	-0.00267239
0.697266	0.548828	0.0025073
0.697266	0.544922	0.00238206
0.697266	0.529297	0.00255801
0.513672	0.314453	-0.00309016
0.697266	0.533203	0.00241174
0.697266	0.541016	0.00232426
0.697266	0.537109	0.00233399
0.681641	0.150391	0.00273349
0.638672	0.134766	0.00242483
0.177734	0.388672	0.00151908
0.212891	0.650391	0.00037036
0.173828	0.427734	0.00151311
0.439453	0.154297	-0.00111886
0.494141	0.146484	-0.0013672
0.349609	0.181641	-0.000277707
0.287109	0.220703	0.000512256
0.263672	0.244141	0.000666242
0.369141	0.771484	0.000574049
0.408203	0.779297	0.000737415
0.583984	0.763672	6.43647e-05
0.572266	0.767578	0.000162934
0.626953	0.744141	-0.00044091
0.205078	0.376953	-0.000381736
0.669922	0.712891	-0.00150029
0.673828	0.708984	-0.00149822
0.208984	0.552734	2.14113e-05
0.228516	0.611328	0.000511824
0.240234	0.634766	0.000935829
0.451172	0.783203	0.000564265
0.220703	0.591797	0.000213492
0.205078	0.533203	-0.000233205
0.455078	0.783203	0.000663436
0.271484	0.677734	0.001708
0.474609	0.783203	0.000576412
0.275391	0.681641	0.0016484
0.279297	0.685547	0.00172916
0.458984	0.783203	0.000723202
0.470703	0.783203	0.000670236
0.462891	0.783203	0.000743912
0.466797	0.783203	0.000726101
0.716797	0.642578	-0.000608717
0.330078	0.720703	0.00110159
0.337891	0.724609	0.00114046
0.357422	0.732422	0.000779651
0.732422	0.591797	-0.000646815
0.369141	0.736328	0.000654978
0.708984	0.412109	-0.00189984
0.712891	0.419922	-0.00172848
0.728516	0.462891	-0.00108535
0.658203	0.150391	-0.00111703
0.736328	0.564453	-0.000547774
0.681641	0.373047	-0.00249588
0.669922	0.361328	-0.00261495
0.423828	0.748047	0.000769437
0.521484	0.744141	0.00101862
0.650391	0.673828	0.00270188
0.662109	0.658203	0.0025712
0.494141	0.748047	0.000637775
0.611328	0.326172	-0.00230977
0.599609	0.322266	-0.00222843
0.693359	0.580078	0.00210706
0.416016	0.443359	-0.000304042
0.583984	0.318359	-0.00204958
0.693359	0.498047	0.00236385
0.478516	0.322266	-0.00349308
0.560547	0.314453	-0.00225543
0.494141	0.318359	-0.00287556
0.517578	0.314453	-0.00260326
0.591797	0.369141	0.00357496
0.580078	0.365234	0.00373013
0.560547	0.361328	0.00362683
0.521484	0.361328	0.00334743
0.494141	0.130859	0.00231911
0.455078	0.134766	0.00223503
0.408203	0.142578	0.00200855
0.376953	0.150391	0.00198201
0.271484	0.201172	0.000747108
0.236328	0.236328	0.000670069
0.181641	0.365234	0.00149535
0.173828	0.431641	0.00173257
0.462891	0.150391	-0.00132441
0.173828	0.490234	0.00156777
0.244141	0.697266	-9.7214e-05
0.392578	0.166016	-0.00102906
0.369141	0.173828	-0.000700925
0.267578	0.720703	-0.00022134
0.341797	0.185547	-0.000408549
0.333984	0.189453	-0.000287639
0.283203	0.732422	0.000180675
0.294922	0.740234	0.000212146
0.623047	0.146484	-0.00154042
0.333984	0.759766	0.000542729
0.251953	0.259766	0.000236915
0.244141	0.271484	0.000159734
0.603516	0.755859	-8.29335e-05
0.541016	0.775391	0.00057793
0.650391	0.728516	-0.000550803
0.201172	0.404297	-0.000593327
0.216797	0.580078	-5.13631e-06
0.236328	0.626953	0.000505635
0.232422	0.619141	0.000367294
0.517578	0.779297	0.000818282
0.255859	0.658203	0.000954191
0.201172	0.505859	-0.000463246
0.705078	0.666016	-0.000584189
0.298828	0.701172	0.00110647
0.728516	0.607422	-0.000331257
0.720703	0.439453	-0.000990622
0.400391	0.744141	0.000494449
0.603516	0.712891	0.00168125
0.630859	0.693359	0.00238516
0.724609	0.451172	-0.000723487
0.677734	0.369141	-0.00237008
0.673828	0.365234	-0.00240918
0.572266	0.728516	0.00110533
0.615234	0.705078	0.00175202
0.736328	0.560547	-0.000199639
0.732422	0.482422	-0.000443523
0.537109	0.740234	0.000790005
0.634766	0.689453	0.00213109
0.646484	0.677734	0.00232104
0.427734	0.748047	0.000350491
0.736328	0.509766	-0.000448102
0.642578	0.341797	-0.0019419
0.681641	0.619141	0.0015768
0.689453	0.595703	0.00170928
0.681641	0.458984	0.00238849
0.689453	0.482422	0.00212465
0.693359	0.576172	0.00143255
0.693359	0.501953	0.00165649
0.556641	0.314453	-0.0019121
0.521484	0.314453	-0.00219261
0.525391	0.314453	-0.0018585
0.490234	0.369141	0.00309549
0.501953	0.365234	0.00326632
0.556641	0.361328	0.00314429
0.552734	0.361328	0.00276087
0.525391	0.361328	0.00291552
0.685547	0.150391	0.00343906
0.599609	0.130859	0.00253505
0.341797	0.162109	0.00171255
0.189453	0.587891	0.00140206
0.185547	0.572266	0.00155338
0.201172	0.623047	0.00119661
0.177734	0.529297	0.00170622
0.224609	0.669922	0.000654886
0.173828	0.486328	0.00177939
0.173828	0.435547	0.00192224
0.232422	0.681641	0.000471945
0.380859	0.169922	-0.00106607
0.498047	0.146484	-0.00174099
0.263672	0.716797	0.000142448
0.314453	0.201172	-0.000400625
0.302734	0.208984	-0.000133815
0.283203	0.224609	0.000207803
0.267578	0.240234	0.000305477
0.224609	0.310547	-0.000462347
0.611328	0.751953	9.82557e-05
0.619141	0.748047	-1.59464e-05
0.556641	0.771484	0.000772365
0.638672	0.736328	-5.82633e-05
0.689453	0.689453	-0.00054385
0.248047	0.646484	0.000525111
0.201172	0.408203	-0.00102205
0.201172	0.501953	-0.000900286
0.708984	0.658203	-0.000258098
0.712891	0.650391	-0.000267342
0.310547	0.708984	0.00079886
0.720703	0.630859	9.95094e-05
0.732422	0.587891	8.2275e-05
0.384766	0.740234	0.000112982
0.701172	0.400391	-0.00119288
0.693359	0.388672	-0.00147779
0.595703	0.716797	0.00102234
0.580078	0.724609	0.000746684
0.638672	0.685547	0.00203499
0.736328	0.556641	9.59684e-05
0.548828	0.736328	0.00030492
0.642578	0.681641	0.00209832
0.654297	0.349609	-0.00191876
0.517578	0.744141	0.000258947
0.736328	0.513672	-0.000114197
0.490234	0.748047	0.000232601
0.431641	0.748047	-1.94495e-05
0.658203	0.662109	0.00162662
0.666016	0.650391	0.00159127
0.736328	0.517578	0.000166846
0.634766	0.337891	-0.0014182
0.619141	0.330078	-0.00161126
0.685547	0.607422	0.00127739
0.669922	0.435547	0.00254793
0.419922	0.435547	0.000508959
0.662109	0.423828	0.00252555
0.673828	0.443359	0.00206415
0.677734	0.451172	0.00201502
0.685547	0.470703	0.00186252
0.580078	0.318359	-0.00125413
0.615234	0.380859	0.00288162
0.435547	0.408203	0.00265281
0.427734	0.419922	0.00189672
0.470703	0.326172	-0.00253125
0.482422	0.322266	-0.00227371
0.552734	0.314453	-0.00164263
0.498047	0.318359	-0.00198979
0.607422	0.376953	0.00260277
0.599609	0.373047	0.00283665
0.455078	0.388672	0.00304816
0.576172	0.365234	0.00274531
0.548828	0.314453	-0.00144752
0.544922	0.314453	-0.00132737
0.529297	0.314453	-0.00160087
0.466797	0.380859	0.00277785
0.541016	0.314453	-0.00128258
0.533203	0.314453	-0.00141928
0.537109	0.314453	-0.00131324
0.548828	0.361328	0.00247746
0.529297	0.361328	0.00258618
0.544922	0.361328	0.00229494
0.533203	0.361328	0.00235951
0.541016	0.361328	0.0022141
0.537109	0.361328	0.00223552
0.685547	0.138672	-0.0026497
0.689453	0.142578	0.000112445
0.392578	0.146484	0.00227886
0.498047	0.130859	0.0025988
0.220703	0.259766	0.00133905
0.201172	0.298828	0.00153398
0.189453	0.333984	0.00185796
0.177734	0.392578	0.00204612
0.181641	0.552734	0.00180574
0.248047	0.701172	0.000221038
0.173828	0.439453	0.00208222
0.173828	0.482422	0.00196205
0.423828	0.158203	-0.00164164
0.408203	0.162109	-0.00162939
0.619141	0.146484	-0.00189499
0.326172	0.755859	0.00107242
0.279297	0.228516	3.12483e-05
0.345703	0.763672	0.00107152
0.271484	0.236328	7.81058e-05
0.357422	0.767578	0.00107634
0.275391	0.232422	-1.3407e-05
0.240234	0.279297	-0.000557771
0.388672	0.775391	0.00123395
0.212891	0.345703	-0.000905529
0.412109	0.779297	0.001277
0.208984	0.361328	-0.00100742
0.205078	0.380859	-0.00107627
0.212891	0.564453	-0.000812828
0.224609	0.599609	-0.000570738
0.208984	0.548828	-0.000876262
0.205078	0.529297	-0.000929659
0.697266	0.677734	-0.000100805
0.259766	0.662109	0.000267933
0.654297	0.150391	-0.00168183
0.294922	0.697266	0.000386863
0.724609	0.619141	0.000186328
0.349609	0.728516	-6.78923e-06
0.716797	0.431641	-0.000332078
0.404297	0.744141	-0.000226472
0.728516	0.466797	-7.97851e-05
0.587891	0.720703	0.000714783
0.560547	0.732422	0.000402044
0.732422	0.486328	0.000273842
0.619141	0.701172	0.000956209
0.736328	0.552734	0.000339237
0.533203	0.740234	-0.000186116
0.435547	0.748047	-0.000341014
0.736328	0.548828	0.00053024
0.736328	0.521484	0.000395442
0.486328	0.748047	-0.000123519
0.626953	0.333984	-0.00131073
0.669922	0.642578	0.00100426
0.677734	0.626953	0.00100097
0.677734	0.142578	0.003014
0.482422	0.748047	-0.000430393
0.607422	0.326172	-0.000972472
0.595703	0.322266	-0.00112529
0.423828	0.427734	0.00103945
0.689453	0.591797	0.000751586
0.693359	0.572266	0.00082584
0.689453	0.486328	0.00112041
0.626953	0.388672	0.00265604
0.693359	0.505859	0.0010188
0.462891	0.330078	-0.00201542
0.447266	0.337891	-0.00240038
0.439453	0.404297	0.00225747
0.587891	0.369141	0.00228434
0.451172	0.392578	0.00249148
0.482422	0.373047	0.00241175
0.501953	0.318359	-0.00118175
0.474609	0.376953	0.00230206
0.572266	0.365234	0.00185501
0.505859	0.365234	0.00230117
0.681641	0.154297	-0.00106117
0.431641	0.138672	0.00260531
0.365234	0.154297	0.00229161
0.353516	0.158203	0.00220802
0.294922	0.185547	0.00158179
0.267578	0.205078	0.00128169
0.240234	0.232422	0.00122448
0.228516	0.248047	0.00142338
0.185547	0.349609	0.00200408
0.193359	0.599609	0.00177233
0.197266	0.611328	0.00171382
0.466797	0.150391	-0.00190639
0.173828	0.443359	0.00221308
0.443359	0.154297	-0.0018671
0.173828	0.478516	0.00211613
0.501953	0.146484	-0.0020902
0.251953	0.705078	0.000406439
0.255859	0.708984	0.000457016
0.259766	0.712891	0.000369214
0.173828	0.474609	0.0022418
0.361328	0.177734	-0.00141781
0.302734	0.744141	0.000885553
0.255859	0.255859	-0.000585701
0.228516	0.302734	-0.000915813
0.373047	0.771484	0.00155678
0.236328	0.287109	-0.000974462
0.220703	0.322266	-0.00111136
0.216797	0.333984	-0.00124919
0.591797	0.759766	0.000923668
0.654297	0.724609	0.00010103
0.537109	0.775391	0.00136916
0.513672	0.779297	0.00134958
0.685547	0.693359	0.000113704
0.201172	0.412109	-0.00141501
0.244141	0.638672	-0.000401836
0.201172	0.498047	-0.00130224
0.318359	0.712891	-2.08136e-05
0.728516	0.603516	0.000625975
0.361328	0.732422	-0.000549349
0.373047	0.736328	-0.000499906
0.732422	0.583984	0.000758055
0.705078	0.408203	-0.000431836
0.712891	0.423828	-1.16765e-05
0.708984	0.416016	-4.18112e-05
0.689453	0.384766	-0.000779184
0.724609	0.455078	0.000467988
0.607422	0.708984	0.000512809
0.658203	0.353516	-0.00112331
0.513672	0.744141	-0.000449605
0.416016	0.447266	-0.00270821
0.654297	0.666016	0.000837681
0.736328	0.544922	0.000668858
0.646484	0.345703	-0.000723492
0.439453	0.748047	-0.000614693
0.736328	0.541016	0.000754844
0.736328	0.525391	0.000571901
0.673828	0.634766	0.000809783
0.736328	0.529297	0.000696286
0.736328	0.537109	0.000788021
0.736328	0.533203	0.000768423
0.478516	0.748047	-0.00068821
0.443359	0.748047	-0.000840557
0.658203	0.419922	0.00175741
0.666016	0.431641	0.0013162
0.681641	0.462891	0.000913328
0.576172	0.318359	-0.000531238
0.693359	0.568359	0.000286919
0.685547	0.474609	0.000625325
0.630859	0.392578	0.00184277
0.455078	0.333984	-0.00196531
0.619141	0.384766	0.00155796
0.435547	0.345703	-0.00241605
0.693359	0.509766	0.000451321
0.443359	0.400391	0.00209592
0.431641	0.416016	0.000936307
0.474609	0.326172	-0.00112774
0.486328	0.322266	-0.00113249
0.447266	0.396484	0.00217375
0.595703	0.373047	0.00133577
0.494141	0.369141	0.00179643
0.404297	0.376953	-0.00309892
0.677734	0.154297	-0.0017746
0.509766	0.365234	0.00143871
0.388672	0.408203	-0.00357952
0.685547	0.154297	-0.000332688
0.693359	0.146484	0.00274006
0.595703	0.130859	0.00280296
0.634766	0.134766	0.00293975
0.458984	0.134766	0.0027298
0.501953	0.130859	0.00285098
0.283203	0.193359	0.00156815
0.197266	0.310547	0.00211261
0.181641	0.369141	0.00222602
0.177734	0.525391	0.00221933
0.205078	0.630859	0.00177798
0.220703	0.662109	0.00145441
0.173828	0.447266	0.00231567
0.173828	0.451172	0.00239054
0.173828	0.470703	0.00233897
0.173828	0.455078	0.00243769
0.173828	0.466797	0.00240734
0.173828	0.458984	0.00245658
0.173828	0.462891	0.00244657
0.279297	0.728516	0.00101391
0.310547	0.748047	0.00125202
0.318359	0.751953	0.00131221
0.615234	0.146484	-0.00222458
0.322266	0.197266	-0.00126017
0.298828	0.212891	-0.000898613
0.248047	0.267578	-0.00099035
0.232422	0.294922	-0.00109057
0.568359	0.767578	0.00132885
0.416016	0.779297	0.00177565
0.580078	0.763672	0.00138341
0.630859	0.740234	0.000891081
0.205078	0.384766	-0.00173297
0.509766	0.779297	0.00184111
0.216797	0.576172	-0.00121176
0.220703	0.587891	-0.00113965
0.228516	0.607422	-0.00109911
0.251953	0.650391	-0.000494001
0.201172	0.416016	-0.00177291
0.205078	0.525391	-0.00158946
0.263672	0.666016	-0.00028347
0.201172	0.494141	-0.00166929
0.291016	0.693359	-0.000194712
0.306641	0.705078	-0.000269986
0.716797	0.638672	0.000898905
0.326172	0.716797	-0.000505358
0.341797	0.724609	-0.000492741
0.333984	0.720703	-0.000661717
0.388672	0.740234	-0.000823127
0.720703	0.443359	0.000391639
0.697266	0.396484	-0.000100301
0.408203	0.744141	-0.000898743
0.568359	0.728516	-0.000404072
0.728516	0.470703	0.000870387
0.623047	0.697266	0.000310989
0.732422	0.490234	0.000936198
0.662109	0.357422	-0.000493438
0.662109	0.654297	0.000402467
0.447266	0.748047	-0.00101822
0.474609	0.748047	-0.000897563
0.451172	0.748047	-0.0011471
0.470703	0.748047	-0.00105909
0.615234	0.330078	-0.000106552
0.681641	0.615234	0.000179839
0.685547	0.603516	0.000100001
0.591797	0.322266	-9.29128e-05
0.689453	0.587891	-0.000139916
0.654297	0.416016	0.00117719
0.677734	0.455078	0.000369275
0.689453	0.490234	0.000186844
0.572266	0.318359	0.000118668
0.693359	0.564453	-0.000184386
0.693359	0.513672	-4.56944e-05
0.611328	0.380859	0.00096759
0.505859	0.318359	-0.00045171
0.603516	0.376953	0.000892907
0.462891	0.384766	0.00161464
0.583984	0.369141	0.00108452
0.568359	0.365234	0.0010609
0.400391	0.384766	-0.00223964
0.513672	0.365234	0.000680036
0.392578	0.400391	-0.0024576
0.388672	0.412109	-0.00251654
0.384766	0.427734	-0.00360945
0.384766	0.431641	-0.00334017
0.689453	0.154297	0.000384608
0.412109	0.142578	0.00281993
0.333984	0.166016	0.00232909
0.216797	0.267578	0.00195248
0.205078	0.291016	0.00205293
0.193359	0.322266	0.00221158
0.177734	0.396484	0.00254261
0.236328	0.685547	0.00126111
0.505859	0.146484	-0.0024159
0.470703	0.150391	-0.00246232
0.396484	0.166016	-0.0021771
0.353516	0.181641	-0.00190182
0.291016	0.736328	0.00138447
0.611328	0.146484	-0.00253259
0.650391	0.150391	-0.00222851
0.392578	0.775391	0.00198993
0.208984	0.365234	-0.0018653
0.599609	0.755859	0.00150997
0.552734	0.771484	0.00174414
0.642578	0.732422	0.000939897
0.658203	0.720703	0.000612541
0.681641	0.697266	0.000625049
0.208984	0.544922	-0.00173404
0.240234	0.630859	-0.00101754
0.701172	0.669922	0.000790475
0.232422	0.615234	-0.00135658
0.693359	0.681641	0.000918448
0.201172	0.490234	-0.00200142
0.724609	0.615234	0.00132384
0.732422	0.580078	0.00138006
0.685547	0.380859	-0.00024038
0.599609	0.712891	-0.000366195
0.556641	0.732422	-0.000924535
0.544922	0.736328	-0.000844521
0.529297	0.740234	-0.00111054
0.650391	0.669922	0.000208993
0.509766	0.744141	-0.00110714
0.638672	0.341797	5.56056e-05
0.455078	0.748047	-0.00122682
0.466797	0.748047	-0.00117306
0.419922	0.439453	-0.00145974
0.623047	0.333984	0.000357847
0.458984	0.748047	-0.00125742
0.462891	0.748047	-0.00123933
0.603516	0.326172	0.000294875
0.669922	0.439453	0.000558428
0.673828	0.447266	0.000246747
0.634766	0.396484	0.0012298
0.650391	0.412109	0.000789404
0.427734	0.423828	-0.000239846
0.638672	0.400391	0.000818552
0.693359	0.560547	-0.000587888
0.443359	0.341797	-0.00116548
0.431641	0.349609	-0.00170751
0.466797	0.330078	-0.000423609
0.490234	0.322266	-6.99485e-05
0.693359	0.517578	-0.000472632
0.470703	0.380859	0.000774024
0.486328	0.373047	0.000875958
0.458984	0.388672	0.000684362
0.509766	0.318359	0.000200154
0.408203	0.373047	-0.00219304
0.478516	0.376953	0.000530129
0.498047	0.369141	0.000598042
0.564453	0.365234	0.000364671
0.396484	0.392578	-0.00201853
0.384766	0.435547	-0.0032434
0.384766	0.439453	-0.00336168
0.384766	0.443359	-0.00381848
0.591797	0.130859	0.00306138
0.505859	0.130859	0.00307667
0.302734	0.181641	0.00227962
0.658203	0.138672	0.00321252
0.263672	0.208984	0.00168387
0.244141	0.228516	0.0016457
0.212891	0.275391	0.0022718
0.208984	0.283203	0.00230995
0.185547	0.568359	0.00244251
0.189453	0.583984	0.00244562
0.181641	0.548828	0.00251522
0.208984	0.638672	0.00210399
0.177734	0.521484	0.00270118
0.216797	0.654297	0.0019588
0.228516	0.673828	0.00176555
0.373047	0.173828	-0.00209125
0.427734	0.158203	-0.00251269
0.447266	0.154297	-0.00258563
0.509766	0.146484	-0.00271879
0.384766	0.169922	-0.00233197
0.330078	0.193359	-0.00183093
0.310547	0.205078	-0.00147462
0.337891	0.759766	0.00198542
0.259766	0.251953	-0.0012815
0.361328	0.767578	0.00220663
0.224609	0.314453	-0.00193827
0.212891	0.349609	-0.00194003
0.419922	0.779297	0.00223329
0.623047	0.744141	0.00151277
0.533203	0.775391	0.00211801
0.662109	0.716797	0.000980512
0.236328	0.623047	-0.0013318
0.505859	0.779297	0.00229327
0.212891	0.560547	-0.00184041
0.201172	0.419922	-0.00209608
0.267578	0.669922	-0.000695781
0.205078	0.521484	-0.00221264
0.705078	0.662109	0.00132661
0.287109	0.689453	-0.000635121
0.712891	0.646484	0.00137501
0.720703	0.626953	0.00141978
0.708984	0.654297	0.00151905
0.201172	0.486328	-0.00229908
0.728516	0.599609	0.00152873
0.353516	0.728516	-0.00146078
0.376953	0.736328	-0.00160321
0.576172	0.724609	-0.000894751
0.392578	0.740234	-0.00170814
0.716797	0.435547	0.00118703
0.701172	0.404297	0.000896259
0.681641	0.376953	0.000135329
0.412109	0.744141	-0.00152257
0.591797	0.716797	-0.000888168
0.611328	0.705078	-0.000514845
0.583984	0.720703	-0.00105959
0.666016	0.361328	-2.99875e-05
0.626953	0.693359	-0.000181223
0.732422	0.494141	0.00154406
0.669922	0.365234	0.000264646
0.646484	0.673828	-0.000258385
0.650391	0.349609	0.000334164
0.505859	0.744141	-0.00171428
0.666016	0.646484	-0.000428205
0.630859	0.337891	0.000416423
0.677734	0.623047	-0.000552013
0.673828	0.154297	-0.00246238
0.673828	0.630859	-0.000900841
0.423828	0.431641	-0.000933312
0.685547	0.599609	-0.00101034
0.662109	0.427734	0.000259799
0.587891	0.322266	0.000866808
0.689453	0.583984	-0.000964268
0.646484	0.408203	0.000598728
0.681641	0.466797	-0.000491353
0.642578	0.404297	0.000608291
0.685547	0.478516	-0.000540857
0.689453	0.494141	-0.000675194
0.623047	0.388672	0.000428465
0.435547	0.412109	0.000193323
0.568359	0.318359	0.000694595
0.693359	0.556641	-0.000922948
0.451172	0.337891	-0.000423931
0.458984	0.333984	-0.000182172
0.478516	0.326172	0.00019728
0.427734	0.353516	-0.00121572
0.693359	0.521484	-0.000830052
0.693359	0.552734	-0.00118899
0.423828	0.357422	-0.000946897
0.693359	0.525391	-0.00111809
0.513672	0.318359	0.000774105
0.591797	0.373047	-7.82825e-05
0.412109	0.369141	-0.00152628
0.580078	0.369141	-2.21112e-05
0.416016	0.365234	-0.00109805
0.517578	0.365234	2.61756e-05
0.689453	0.138672	-0.00364111
0.404297	0.380859	-0.000947391
0.560547	0.365234	-0.000232097
0.392578	0.404297	-0.00109458
0.388672	0.416016	-0.00158955
0.693359	0.142578	-0.000963698
0.693359	0.154297	0.00100986
0.697266	0.146484	0.00133226
0.587891	0.130859	0.00330331
0.462891	0.134766	0.00320484
0.404297	0.455078	-0.00244826
0.212891	0.646484	0.00216859
0.412109	0.162109	-0.00262937
0.345703	0.185547	-0.00213452
0.275391	0.724609	0.00171799
0.337891	0.189453	-0.00211526
0.607422	0.146484	-0.00282088
0.294922	0.216797	-0.0015349
0.646484	0.150391	-0.0027543
0.349609	0.763672	0.00235666
0.244141	0.275391	-0.00189732
0.376953	0.771484	0.00249392
0.607422	0.751953	0.00180862
0.615234	0.748047	0.00181414
0.677734	0.701172	0.000988582
0.423828	0.779297	0.00265022
0.205078	0.388672	-0.00235233
0.666016	0.712891	0.0012025
0.673828	0.705078	0.00120575
0.224609	0.595703	-0.00202875
0.271484	0.673828	-0.000967213
0.248047	0.642578	-0.00162029
0.255859	0.654297	-0.00138463
0.201172	0.423828	-0.00238463
0.283203	0.685547	-0.00093243
0.275391	0.677734	-0.00109758
0.279297	0.681641	-0.00108631
0.302734	0.701172	-0.00120361
0.314453	0.708984	-0.00130257
0.201172	0.482422	-0.00256269
0.365234	0.732422	-0.00182518
0.724609	0.458984	0.00160223
0.732422	0.576172	0.00194783
0.693359	0.392578	0.000841918
0.712891	0.427734	0.00164809
0.720703	0.447266	0.0017169
0.677734	0.373047	0.000345719
0.728516	0.474609	0.00176521
0.673828	0.369141	0.000389376
0.630859	0.689453	-0.000517666
0.658203	0.658203	-0.000633858
0.416016	0.744141	-0.00209734
0.634766	0.685547	-0.000695052
0.642578	0.677734	-0.000565372
0.732422	0.498047	0.00209792
0.525391	0.740234	-0.00198342
0.669922	0.638672	-0.000861191
0.681641	0.611328	-0.00115246
0.611328	0.330078	0.0013285
0.666016	0.435547	-0.000779788
0.439453	0.408203	-0.00032611
0.564453	0.318359	0.0011955
0.689453	0.498047	-0.00146601
0.615234	0.384766	-0.000477933
0.439453	0.345703	-0.000128324
0.693359	0.548828	-0.00138589
0.494141	0.322266	0.000913415
0.455078	0.392578	-6.10992e-06
0.693359	0.529297	-0.00133648
0.599609	0.376953	-0.000732416
0.419922	0.361328	-0.000906137
0.693359	0.544922	-0.00151384
0.693359	0.541016	-0.00157313
0.693359	0.533203	-0.00148497
0.517578	0.318359	0.00127043
0.693359	0.537109	-0.00156368
0.466797	0.384766	-0.000529851
0.490234	0.373047	-0.000560792
0.501953	0.369141	-0.000497952
0.556641	0.365234	-0.000728072
0.521484	0.365234	-0.000522458
0.400391	0.388672	-0.000331596
0.525391	0.365234	-0.000965825
0.396484	0.396484	-0.000372864
0.388672	0.419922	-0.000808045
0.509766	0.130859	0.00328127
0.435547	0.138672	0.00325614
0.380859	0.150391	0.00305613
0.396484	0.146484	0.00320954
0.326172	0.169922	0.00270151
0.310547	0.177734	0.00269232
0.259766	0.212891	0.00195193
0.248047	0.224609	0.00192974
0.232422	0.244141	0.00231453
0.189453	0.337891	0.00289301
0.185547	0.353516	0.00288558
0.181641	0.373047	0.00292206
0.177734	0.400391	0.0030083
0.201172	0.619141	0.00263678
0.474609	0.150391	-0.00299146
0.240234	0.689453	0.00192009
0.513672	0.146484	-0.00299853
0.603516	0.146484	-0.0030887
0.298828	0.740234	0.00225399
0.263672	0.248047	-0.0018477
0.251953	0.263672	-0.0020155
0.396484	0.775391	0.00270254
0.220703	0.326172	-0.00243442
0.216797	0.337891	-0.00242296
0.587891	0.759766	0.00235189
0.564453	0.767578	0.00244861
0.208984	0.369141	-0.00268313
0.646484	0.728516	0.00180502
0.548828	0.771484	0.00267192
0.669922	0.708984	0.00127737
0.501953	0.779297	0.00270609
0.216797	0.572266	-0.00237541
0.208984	0.541016	-0.00255213
0.220703	0.583984	-0.00244871
0.689453	0.685547	0.00179925
0.201172	0.427734	-0.00263853
0.201172	0.478516	-0.00279197
0.322266	0.712891	-0.00199155
0.345703	0.724609	-0.00207255
0.724609	0.611328	0.00240518
0.728516	0.595703	0.00237654
0.705078	0.412109	0.00151308
0.708984	0.419922	0.00176014
0.732422	0.572266	0.00246151
0.564453	0.728516	-0.00185901
0.541016	0.736328	-0.0019405
0.603516	0.708984	-0.0016188
0.615234	0.701172	-0.00139625
0.638672	0.681641	-0.000711198
0.552734	0.732422	-0.00219783
0.654297	0.353516	0.00122637
0.501953	0.744141	-0.00227176
0.642578	0.345703	0.00137265
0.599609	0.326172	0.00149118
0.689453	0.580078	-0.00172033
0.658203	0.423828	-0.000614754
0.677734	0.458984	-0.00120636
0.583984	0.322266	0.00175246
0.669922	0.443359	-0.00136411
0.626953	0.392578	-0.000501707
0.431641	0.419922	-0.00132693
0.443359	0.404297	-0.000611883
0.673828	0.451172	-0.00150204
0.685547	0.482422	-0.00163553
0.607422	0.380859	-0.000867427
0.451172	0.396484	-0.000453034
0.560547	0.318359	0.00162112
0.470703	0.330078	0.00109011
0.447266	0.400391	-0.000655173
0.447266	0.341797	0.000930403
0.482422	0.326172	0.00144291
0.556641	0.318359	0.00197156
0.521484	0.318359	0.00168896
0.587891	0.373047	-0.00140212
0.474609	0.380859	-0.00114001
0.576172	0.369141	-0.00103325
0.482422	0.376953	-0.00114673
0.408203	0.376953	0.000102049
0.505859	0.369141	-0.00148977
0.552734	0.365234	-0.00112221
0.548828	0.365234	-0.00141364
0.529297	0.365234	-0.0013038
0.544922	0.365234	-0.00160147
0.533203	0.365234	-0.00153628
0.392578	0.408203	0.00014179
0.388672	0.423828	-0.000184994
0.388672	0.427734	0.000268896
0.388672	0.447266	-0.00116254
0.630859	0.134766	0.00341779
0.583984	0.130859	0.00351397
0.513672	0.130859	0.00347205
0.345703	0.162109	0.00314267
0.318359	0.173828	0.00282862
0.279297	0.197266	0.00243253
0.255859	0.216797	0.00208265
0.251953	0.220703	0.0020751
0.400391	0.455078	-0.00177068
0.224609	0.255859	0.00254688
0.201172	0.302734	0.0029869
0.193359	0.595703	0.00294168
0.181641	0.544922	0.00319194
0.177734	0.517578	0.00315161
0.197266	0.607422	0.0030151
0.517578	0.146484	-0.00325407
0.365234	0.177734	-0.00290125
0.287109	0.732422	0.00242634
0.318359	0.201172	-0.00251788
0.330078	0.755859	0.00263094
0.291016	0.220703	-0.00203857
0.642578	0.150391	-0.00325585
0.240234	0.283203	-0.0024977
0.228516	0.306641	-0.00250338
0.212891	0.353516	-0.00293223
0.576172	0.763672	0.00265716
0.634766	0.736328	0.00209751
0.529297	0.775391	0.00282378
0.427734	0.779297	0.00302675
0.205078	0.392578	-0.00293434
0.697266	0.673828	0.00202981
0.498047	0.779297	0.00307922
0.212891	0.556641	-0.00282783
0.228516	0.603516	-0.00266478
0.205078	0.517578	-0.00279913
0.201172	0.431641	-0.00285769
0.716797	0.634766	0.00235008
0.201172	0.435547	-0.0030419
0.201172	0.474609	-0.00298643
0.298828	0.697266	-0.00200118
0.669922	0.154297	-0.00312414
0.330078	0.716797	-0.00234663
0.720703	0.623047	0.00268488
0.337891	0.720703	-0.00237212
0.380859	0.736328	-0.00265417
0.396484	0.740234	-0.00254125
0.689453	0.388672	0.00162951
0.728516	0.478516	0.00260444
0.419922	0.744141	-0.00262224
0.732422	0.501953	0.00259793
0.654297	0.662109	-0.00151444
0.662109	0.650391	-0.00171052
0.498047	0.744141	-0.00278003
0.634766	0.341797	0.00199018
0.619141	0.333984	0.00195934
0.677734	0.619141	-0.0020391
0.685547	0.595703	-0.00205288
0.654297	0.419922	-0.001301
0.681641	0.470703	-0.00182459
0.689453	0.576172	-0.00240726
0.630859	0.396484	-0.00122901
0.689453	0.501953	-0.00218598
0.462891	0.333984	0.00152365
0.455078	0.337891	0.00147706
0.435547	0.349609	0.000701342
0.498047	0.322266	0.00181744
0.552734	0.318359	0.00224665
0.525391	0.318359	0.00202937
0.529297	0.318359	0.00229173
0.494141	0.373047	-0.00189599
0.548828	0.318359	0.00244594
0.572266	0.369141	-0.00194705
0.412109	0.373047	0.000906808
0.404297	0.384766	0.00111407
0.541016	0.365234	-0.00168487
0.537109	0.365234	-0.00166326
0.396484	0.400391	0.0011592
0.392578	0.412109	0.00124456
0.697266	0.142578	-0.00222696
0.388672	0.431641	0.000550424
0.388672	0.435547	0.000651928
0.388672	0.443359	4.09375e-06
0.697266	0.154297	0.00119135
0.388672	0.439453	0.000523731
0.396484	0.455078	-0.00210562
0.701172	0.146484	-0.000836475
0.701172	0.150391	0.00125718
0.291016	0.189453	0.00275555
0.177734	0.404297	0.00344282
0.185547	0.564453	0.00329592
0.404297	0.451172	0.00126351
0.224609	0.666016	0.00275012
0.451172	0.154297	-0.00327495
0.431641	0.158203	-0.00335402
0.244141	0.693359	0.00244487
0.400391	0.166016	-0.00328818
0.271484	0.720703	0.00229071
0.521484	0.146484	-0.00348462
0.599609	0.146484	-0.00333358
0.306641	0.744141	0.00280722
0.306641	0.208984	-0.00243078
0.322266	0.751953	0.0029904
0.267578	0.244141	-0.00228064
0.236328	0.291016	-0.00279508
0.232422	0.298828	-0.00279274
0.431641	0.779297	0.0033633
0.244141	0.634766	-0.00242794
0.259766	0.658203	-0.00214502
0.201172	0.439453	-0.00319099
0.201172	0.470703	-0.00314589
0.201172	0.443359	-0.00330499
0.310547	0.705078	-0.00245231
0.201172	0.466797	-0.00327054
0.201172	0.462891	-0.0033608
0.357422	0.728516	-0.00286163
0.697266	0.400391	0.00207841
0.716797	0.439453	0.00264871
0.732422	0.568359	0.0029214
0.724609	0.462891	0.00267933
0.572266	0.724609	-0.00248212
0.595703	0.712891	-0.00236118
0.521484	0.740234	-0.00280467
0.619141	0.697266	-0.00212665
0.658203	0.357422	0.00195047
0.537109	0.736328	-0.00298301
0.423828	0.744141	-0.0030968
0.732422	0.505859	0.00304392
0.626953	0.337891	0.00218411
0.666016	0.642578	-0.00238774
0.673828	0.626953	-0.00254778
0.681641	0.607422	-0.00241832
0.427734	0.427734	-0.00230404
0.607422	0.330078	0.00269167
0.595703	0.326172	0.00261543
0.662109	0.431641	-0.00194327
0.580078	0.322266	0.00256344
0.650391	0.416016	-0.0017938
0.435547	0.416016	-0.00219666
0.634766	0.400391	-0.00175113
0.685547	0.486328	-0.00265849
0.619141	0.388672	-0.00172827
0.689453	0.505859	-0.00283493
0.431641	0.353516	0.00131417
0.462891	0.388672	-0.0016005
0.474609	0.330078	0.00252433
0.486328	0.326172	0.0026084
0.501953	0.322266	0.00264189
0.595703	0.376953	-0.00227039
0.544922	0.318359	0.00256885
0.541016	0.318359	0.00261494
0.533203	0.318359	0.00247647
0.537109	0.318359	0.00258414
0.416016	0.369141	0.0014668
0.509766	0.369141	-0.00237597
0.400391	0.392578	0.00147456
0.693359	0.158203	-0.00281789
0.580078	0.130859	0.0036861
0.466797	0.134766	0.00365863
0.416016	0.142578	0.00360053
0.517578	0.130859	0.00365185
0.369141	0.154297	0.00347444
0.357422	0.158203	0.00351398
0.193359	0.326172	0.00338016
0.197266	0.314453	0.00341645
0.181641	0.376953	0.00358369
0.189453	0.580078	0.00345243
0.205078	0.626953	0.00332123
0.177734	0.513672	0.00357078
0.232422	0.677734	0.0027539
0.478516	0.150391	-0.00349377
0.525391	0.146484	-0.00369041
0.595703	0.146484	-0.00355361
0.376953	0.173828	-0.0034434
0.314453	0.748047	0.00305211
0.287109	0.224609	-0.00241063
0.365234	0.767578	0.00328963
0.341797	0.759766	0.00338007
0.271484	0.240234	-0.00257908
0.380859	0.771484	0.00338603
0.400391	0.775391	0.00337229
0.595703	0.755859	0.00305462
0.626953	0.740234	0.0029217
0.650391	0.724609	0.00253416
0.208984	0.373047	-0.00346133
0.525391	0.775391	0.00348612
0.494141	0.779297	0.00341216
0.685547	0.689453	0.00253826
0.232422	0.611328	-0.00303487
0.205078	0.396484	-0.00347873
0.240234	0.626953	-0.00292544
0.208984	0.537109	-0.00333106
0.236328	0.619141	-0.00312422
0.251953	0.646484	-0.00271485
0.205078	0.513672	-0.00334885
0.701172	0.666016	0.00278382
0.712891	0.642578	0.00296134
0.294922	0.693359	-0.00266081
0.201172	0.447266	-0.00338416
0.201172	0.451172	-0.00342896
0.201172	0.455078	-0.00343985
0.201172	0.458984	-0.00341713
0.724609	0.607422	0.00343054
0.369141	0.732422	-0.00304743
0.728516	0.591797	0.00316955
0.720703	0.451172	0.00298473
0.400391	0.740234	-0.00332199
0.685547	0.384766	0.00225731
0.580078	0.720703	-0.00278045
0.587891	0.716797	-0.0027449
0.732422	0.564453	0.0033277
0.650391	0.666016	-0.00223459
0.423828	0.435547	-0.00287693
0.701172	0.408203	0.0029302
0.607422	0.705078	-0.00273157
0.728516	0.482422	0.00338776
0.560547	0.728516	-0.0032595
0.662109	0.361328	0.00250614
0.646484	0.349609	0.00252858
0.732422	0.509766	0.00343573
0.494141	0.744141	-0.0032391
0.669922	0.634766	-0.00266446
0.427734	0.744141	-0.00352109
0.685547	0.591797	-0.0030273
0.677734	0.462891	-0.0027107
0.646484	0.412109	-0.00208838
0.689453	0.572266	-0.00302478
0.638672	0.404297	-0.00206797
0.666016	0.439453	-0.0028095
0.642578	0.408203	-0.00218036
0.681641	0.474609	-0.00308564
0.576172	0.322266	0.00329989
0.611328	0.384766	-0.00243661
0.443359	0.345703	0.00208851
0.603516	0.380859	-0.00261883
0.458984	0.392578	-0.00242962
0.427734	0.357422	0.00170264
0.470703	0.384766	-0.00258747
0.423828	0.361328	0.00186084
0.583984	0.373047	-0.00263245
0.486328	0.376953	-0.00272522
0.419922	0.365234	0.00178372
0.568359	0.369141	-0.00276187
0.498047	0.373047	-0.00312763
0.408203	0.380859	0.00231259
0.513672	0.369141	-0.00315537
0.689453	0.158203	-0.00342665
0.396484	0.404297	0.00256959
0.392578	0.416016	0.00220719
0.697266	0.158203	-0.00260447
0.701172	0.154297	-0.000224794
0.400391	0.451172	0.00212876
0.392578	0.451172	-0.000263564
0.396484	0.451172	0.00164471
0.705078	0.150391	-0.00246032
0.576172	0.130859	0.00382567
0.521484	0.130859	0.00381675
0.236328	0.240234	0.00307521
0.408203	0.447266	0.00274925
0.185547	0.357422	0.00372905
0.177734	0.408203	0.00384536
0.181641	0.541016	0.0038361
0.416016	0.162109	-0.00359907
0.248047	0.697266	0.00283391
0.388672	0.169922	-0.00356329
0.267578	0.716797	0.00272822
0.591797	0.146484	-0.00374924
0.529297	0.146484	-0.00387257
0.357422	0.181641	-0.00348414
0.326172	0.197266	-0.00326684
0.638672	0.150391	-0.00373173
0.283203	0.228516	-0.00265355
0.279297	0.232422	-0.0027655
0.275391	0.236328	-0.00274141
0.255859	0.259766	-0.00291221
0.353516	0.763672	0.00359398
0.248047	0.271484	-0.00312044
0.224609	0.318359	-0.00336769
0.216797	0.341797	-0.00355342
0.560547	0.767578	0.00352238
0.544922	0.771484	0.00355641
0.666016	0.154297	-0.0037586
0.603516	0.751953	0.00347182
0.619141	0.744141	0.00341823
0.638672	0.732422	0.0031739
0.435547	0.779297	0.00366032
0.216797	0.568359	-0.00349672
0.224609	0.591797	-0.00344286
0.490234	0.779297	0.00370456
0.263672	0.662109	-0.00277151
0.212891	0.552734	-0.00377511
0.693359	0.677734	0.00313101
0.705078	0.658203	0.00318338
0.708984	0.650391	0.00324121
0.205078	0.509766	-0.00386163
0.384766	0.736328	-0.00365272
0.712891	0.431641	0.00325019
0.693359	0.396484	0.00311009
0.681641	0.380859	0.00272117
0.548828	0.732422	-0.00341765
0.623047	0.693359	-0.00270312
0.705078	0.416016	0.00340196
0.708984	0.423828	0.00350528
0.724609	0.466797	0.00369959
0.732422	0.560547	0.0036806
0.666016	0.365234	0.00289182
0.517578	0.740234	-0.00357406
0.646484	0.669922	-0.00279102
0.658203	0.654297	-0.00283929
0.490234	0.744141	-0.00364871
0.732422	0.513672	0.00377354
0.677734	0.615234	-0.00345993
0.615234	0.333984	0.00349168
0.681641	0.603516	-0.0036161
0.658203	0.427734	-0.00292561
0.669922	0.447266	-0.00321804
0.673828	0.455078	-0.00318069
0.439453	0.412109	-0.00284204
0.591797	0.326172	0.00366681
0.689453	0.568359	-0.00357306
0.685547	0.490234	-0.0036093
0.623047	0.392578	-0.00277798
0.689453	0.509766	-0.00341229
0.466797	0.333984	0.00315074
0.451172	0.341797	0.00295164
0.505859	0.322266	0.00338648
0.478516	0.380859	-0.00296057
0.458984	0.337891	0.00330044
0.439453	0.349609	0.00304082
0.490234	0.326172	0.00369318
0.564453	0.369141	-0.00347617
0.404297	0.388672	0.00307792
0.517578	0.369141	-0.00382689
0.400391	0.396484	0.0031719
0.392578	0.419922	0.0030204
0.392578	0.423828	0.00367023
0.392578	0.447266	0.00227968
