0.425	0.115	-0.00456543
0.435	0.115	-1.73118e-05
0.525	0.375	-0.000270842
0.445	0.395	-0.00630436
0.445	0.105	-0.00529963
0.455	0.105	-0.00205782
0.525	0.385	-0.00490905
0.465	0.105	0.000589258
0.475	0.105	0.00259061
0.485	0.105	0.00391106
0.455	0.385	0.00435321
0.535	0.385	0.00114361
0.495	0.105	0.00453451
0.455	0.395	-0.0051366
0.505	0.105	0.00446397
0.465	0.095	-0.00909746
0.545	0.385	0.0037088
0.475	0.095	-0.00718622
0.515	0.105	0.00371846
0.485	0.095	-0.0059205
0.465	0.375	0.00782021
0.515	0.365	-0.0100593
0.405	0.125	-0.00707324
0.465	0.385	0.00165046
0.565	0.375	0.00861773
0.525	0.105	0.00232397
0.465	0.355	0.00995175
0.545	0.115	0.00713565
0.425	0.385	-0.00465925
0.495	0.095	-0.00532393
0.465	0.345	0.00976592
0.555	0.385	0.00276329
0.565	0.125	0.00875726
0.465	0.335	0.00964393
0.465	0.325	0.00964874
0.485	0.155	0.000428274
0.435	0.385	-0.00022839
0.445	0.385	0.00319175
0.505	0.095	-0.00539223
0.405	0.375	-0.00709099
0.535	0.105	0.000306277
0.555	0.115	0.00377216
0.515	0.315	-0.00910006
0.465	0.315	0.00976849
0.395	0.135	-0.00577031
0.535	0.395	-0.00759421
0.585	0.365	0.0069113
0.515	0.305	-0.00863409
0.515	0.295	-0.00822124
0.415	0.125	-0.00125591
0.445	0.115	0.00399361
0.575	0.375	0.00402002
0.395	0.365	-0.00576547
0.575	0.125	0.00397758
0.585	0.135	0.00684158
0.355	0.185	-0.00890483
0.515	0.285	-0.00785844
0.515	0.275	-0.00755409
0.495	0.155	-0.0041082
0.525	0.365	0.000244986
0.385	0.145	-0.0057497
0.515	0.095	-0.00610441
0.565	0.385	-0.000407625
0.375	0.155	-0.0070145
0.415	0.375	-0.00131007
0.545	0.105	-0.00231205
0.475	0.365	4.21274e-05
0.475	0.375	-0.000881878
0.385	0.355	-0.00574473
0.525	0.355	-0.000404567
0.375	0.345	-0.00701004
0.615	0.335	0.00697887
0.345	0.215	-0.00890481
0.355	0.315	-0.00890498
0.615	0.165	0.00694744
0.515	0.265	-0.00731393
0.345	0.285	-0.00889891
0.635	0.295	0.00768499
0.635	0.205	0.00767962
0.515	0.255	-0.00712895
0.545	0.395	-0.00582954
0.565	0.115	-0.000190471
0.475	0.355	-0.000161783
0.525	0.345	-0.000565671
0.365	0.175	-0.00443573
0.475	0.345	-0.000358433
0.525	0.335	-0.000402093
0.355	0.195	-0.00508357
0.625	0.325	0.00420988
0.345	0.225	-0.00700431
0.355	0.305	-0.00508022
0.515	0.245	-0.00700405
0.345	0.275	-0.00699911
0.345	0.235	-0.00572427
0.345	0.245	-0.00508025
0.515	0.235	-0.00696375
0.345	0.265	-0.00572162
0.345	0.255	-0.00507963
0.515	0.225	-0.00702557
0.515	0.215	-0.00720157
0.515	0.205	-0.00746146
0.515	0.195	-0.00773554
0.405	0.135	0.000773521
0.475	0.335	-0.000439987
0.525	0.325	-9.05888e-05
0.365	0.325	-0.00443653
0.525	0.315	0.000301221
0.475	0.325	-0.000375754
0.475	0.315	-0.000194025
0.625	0.175	0.00418757
0.635	0.305	0.00421422
0.635	0.195	0.00420742
0.495	0.145	0.00517421
0.475	0.305	3.63941e-05
0.475	0.295	0.000262799
0.505	0.155	-0.00378826
0.645	0.235	0.0042162
0.645	0.245	0.00490617
0.645	0.255	0.00490637
0.645	0.265	0.00421734
0.645	0.275	0.00284948
0.645	0.225	0.00284713
0.515	0.185	-0.00783233
0.515	0.175	-0.0071679
0.425	0.125	0.00410061
0.525	0.095	-0.00743337
0.475	0.165	0.00338594
0.405	0.365	0.000768022
0.585	0.375	-0.00126884
0.595	0.365	0.00078391
0.605	0.355	0.00147683
0.375	0.165	-0.00116698
0.585	0.125	-0.00133366
0.595	0.135	0.000736654
0.615	0.345	0.000815016
0.605	0.145	0.00144315
0.375	0.335	-0.00116363
0.615	0.155	0.000784497
0.525	0.305	0.000702145
0.355	0.205	-0.00182503
0.635	0.315	0.00015307
0.525	0.295	0.00106566
0.525	0.285	0.0013829
0.475	0.285	0.00046887
0.355	0.295	-0.00181952
0.475	0.275	0.000646081
0.475	0.265	0.00077903
0.635	0.185	0.000146453
0.645	0.285	0.000822909
0.645	0.215	0.000821265
0.475	0.255	0.000851758
0.475	0.245	0.000861642
0.475	0.235	0.000805227
0.515	0.165	-0.00458789
0.455	0.115	0.00743087
0.465	0.395	-0.00678104
0.555	0.395	-0.00673863
0.425	0.375	0.00401375
0.475	0.385	-0.0047889
0.395	0.145	0.00147538
0.575	0.385	-0.00469169
0.555	0.105	-0.00551022
0.385	0.155	0.000821805
0.395	0.355	0.00147903
0.385	0.345	0.000826902
0.365	0.185	0.000165174
0.625	0.335	-0.00117917
0.365	0.315	0.000167658
0.625	0.165	-0.00120143
0.355	0.215	0.000833923
0.525	0.275	0.00164737
0.355	0.285	0.000838439
0.525	0.265	0.00185379
0.645	0.205	-0.0018346
0.645	0.295	-0.00183479
0.475	0.175	0.00085015
0.525	0.255	0.00201139
0.525	0.245	0.00211508
0.475	0.225	0.000678441
0.475	0.215	0.000486674
0.475	0.205	0.000269759
0.475	0.185	0.000154437
0.475	0.195	0.000102483
0.575	0.115	-0.00470538
0.375	0.175	0.00422436
0.365	0.195	0.00422421
0.375	0.325	0.00422688
0.505	0.145	0.00520736
0.355	0.225	0.00286031
0.365	0.305	0.00422687
0.355	0.275	0.0028618
0.515	0.155	0.000781639
0.355	0.235	0.00422682
0.525	0.235	0.00214085
0.355	0.265	0.00422659
0.355	0.245	0.00491453
0.355	0.255	0.00491433
0.525	0.225	0.00206243
0.525	0.215	0.00187323
0.525	0.205	0.00160248
0.525	0.195	0.00131596
0.525	0.185	0.00119346
0.525	0.175	0.00173401
0.485	0.165	-0.00561594
0.635	0.325	-0.00444935
0.635	0.175	-0.00445606
0.645	0.305	-0.00509306
0.645	0.195	-0.00509008
0.655	0.225	-0.00701903
0.655	0.235	-0.00573625
0.655	0.245	-0.00508965
0.655	0.255	-0.00508882
0.655	0.265	-0.00573337
0.655	0.275	-0.00701455
0.525	0.165	0.00377626
0.435	0.125	0.00891594
0.535	0.375	0.00828188
0.415	0.135	0.00691091
0.535	0.095	-0.00935156
0.435	0.375	0.00875764
0.415	0.365	0.00686673
0.595	0.375	-0.00706633
0.605	0.365	-0.00576039
0.615	0.355	-0.00574866
0.595	0.125	-0.00712256
0.605	0.135	-0.00579731
0.615	0.145	-0.00577687
0.535	0.355	0.0102042
0.385	0.165	0.00698811
0.485	0.365	-0.010115
0.535	0.345	0.00978875
0.385	0.335	0.00699049
0.625	0.345	-0.00702241
0.625	0.155	-0.00704078
0.535	0.335	0.00976527
0.535	0.325	0.00994209
0.365	0.205	0.00769592
0.365	0.295	0.00769491
0.485	0.305	-0.00941957
0.645	0.315	-0.00891516
0.645	0.185	-0.00891148
0.485	0.295	-0.00913419
0.485	0.285	-0.0088718
0.655	0.285	-0.00891563
0.655	0.215	-0.00891987
0.485	0.175	-0.00855031
0.485	0.275	-0.00864994
0.485	0.265	-0.00848343
0.485	0.255	-0.00838692
0.485	0.245	-0.00836332
0.485	0.235	-0.00841896
0.485	0.225	-0.0085355
0.485	0.185	-0.00923706
0.485	0.215	-0.00873622
0.485	0.205	-0.00898767
0.485	0.195	-0.00921433
