0.885	0.425	-0.00583027
0.885	0.435	-0.00115469
0.625	0.525	-0.00288896
0.605	0.445	-0.0077242
0.615	0.445	0.00189998
0.895	0.445	-0.00626546
0.895	0.455	-0.00289116
0.625	0.535	0.00601276
0.895	0.465	-9.91681e-05
0.895	0.475	0.0020531
0.895	0.485	0.003523
0.615	0.455	0.00290268
0.895	0.495	0.00429124
0.615	0.535	-0.00112754
0.895	0.505	0.00435999
0.615	0.545	0.00255011
0.905	0.475	-0.00773831
0.895	0.515	0.00375183
0.625	0.465	0.00761886
0.905	0.485	-0.00633395
0.605	0.455	-0.00678817
0.615	0.465	0.00042185
0.895	0.525	0.0024999
0.885	0.545	0.00771336
0.615	0.425	-0.00596827
0.905	0.495	-0.00560078
0.615	0.435	-0.00146298
0.615	0.555	0.00279622
0.905	0.505	-0.00553896
0.895	0.535	0.000632782
0.885	0.555	0.00450486
0.845	0.485	0.00332314
0.875	0.415	-0.0026972
0.885	0.445	0.00298703
0.625	0.575	0.00519953
0.875	0.575	0.00511428
0.865	0.585	0.00821646
0.715	0.515	-0.00883255
0.635	0.525	-0.00174387
0.905	0.515	-0.00612205
0.615	0.565	0.000320611
0.625	0.415	-0.00278794
0.895	0.545	-0.00182819
0.645	0.525	-0.00219832
0.625	0.475	-0.000541945
0.635	0.475	0.0012266
0.655	0.525	-0.00240451
0.845	0.495	-0.00220035
0.725	0.515	-0.00840261
0.735	0.515	-0.00806415
0.885	0.565	0.000701135
0.645	0.475	0.00124437
0.825	0.365	-0.00663485
0.655	0.475	0.00107137
0.665	0.525	-0.00223204
0.805	0.355	-0.00742933
0.675	0.625	0.00634674
0.775	0.345	-0.00947666
0.695	0.355	-0.00741875
0.745	0.515	-0.00782352
0.725	0.345	-0.00946682
0.765	0.345	-0.00821475
0.755	0.345	-0.00757866
0.755	0.515	-0.00767604
0.735	0.345	-0.00820789
0.765	0.515	-0.00768048
0.745	0.345	-0.00757624
0.865	0.405	-0.000844005
0.605	0.545	-0.0070379
0.675	0.525	-0.00182292
0.665	0.475	0.00102945
0.675	0.365	-0.00662342
0.685	0.525	-0.00130153
0.675	0.475	0.00118135
0.685	0.475	0.00155446
0.825	0.625	0.00630301
0.695	0.635	0.00652581
0.805	0.635	0.0065017
0.695	0.475	0.00202477
0.705	0.475	0.00248365
0.715	0.475	0.0029281
0.775	0.515	-0.00788225
0.725	0.645	0.00531104
0.735	0.645	0.00670213
0.745	0.645	0.00740253
0.755	0.645	0.00740145
0.765	0.645	0.00669849
0.785	0.515	-0.00827285
0.775	0.645	0.00530555
0.795	0.515	-0.00880341
0.875	0.425	0.00277048
0.835	0.475	0.00672521
0.625	0.425	0.00265698
0.635	0.405	-0.000866851
0.625	0.585	6.73112e-05
0.635	0.595	0.00234183
0.645	0.605	0.00323105
0.835	0.375	-0.00325286
0.875	0.585	-5.75754e-05
0.865	0.595	0.00223748
0.655	0.615	0.00273318
0.855	0.605	0.00315036
0.665	0.375	-0.00323496
0.845	0.615	0.00267025
0.695	0.525	-0.000718159
0.795	0.355	-0.00421997
0.855	0.495	0.00705769
0.685	0.635	0.00240087
0.845	0.505	-0.00321164
0.705	0.525	-0.00017295
0.705	0.355	-0.00420667
0.725	0.475	0.00334726
0.735	0.475	0.00369947
0.815	0.635	0.00237026
0.745	0.475	0.00396331
0.715	0.645	0.00325043
0.785	0.645	0.00324427
0.755	0.475	0.00411261
0.765	0.475	0.00411867
0.775	0.475	0.00399057
0.835	0.515	-0.00583531
0.885	0.455	0.00657449
0.905	0.525	-0.00731464
0.855	0.395	-0.000316546
0.615	0.575	-0.00364244
0.895	0.555	-0.00486418
0.845	0.385	-0.0011287
0.645	0.395	-0.000297421
0.655	0.385	-0.0011058
0.815	0.365	-0.00209954
0.665	0.625	0.000879203
0.685	0.365	-0.00208533
0.835	0.625	0.00083003
0.785	0.355	-0.00160283
0.715	0.525	0.00028453
0.725	0.525	0.000672456
0.715	0.355	-0.00158857
0.705	0.645	0.000549452
0.795	0.645	0.000541223
0.825	0.475	0.00409877
0.785	0.475	0.00375518
0.795	0.475	0.00347234
0.815	0.475	0.00328964
0.805	0.475	0.00324508
0.605	0.555	-0.00696905
0.885	0.575	-0.00366384
0.825	0.375	0.00206292
0.805	0.365	0.00189832
0.675	0.375	0.00208383
0.775	0.355	0.000391481
0.695	0.365	0.00191427
0.735	0.525	0.000972595
0.745	0.525	0.00118374
0.725	0.355	0.000403057
0.765	0.355	0.00173742
0.755	0.525	0.00130704
0.735	0.355	0.00174426
0.755	0.355	0.00241628
0.745	0.355	0.00241858
0.765	0.525	0.00127621
0.775	0.525	0.00103433
0.785	0.525	0.00059953
0.795	0.525	2.15869e-05
0.805	0.525	-0.000576425
0.815	0.525	-0.000931253
0.825	0.525	-0.000375858
0.835	0.485	-0.00254119
0.675	0.635	-0.00227058
0.825	0.635	-0.00230573
0.855	0.505	0.00609637
0.695	0.645	-0.00275906
0.805	0.645	-0.00277105
0.845	0.515	0.000161458
0.725	0.655	-0.00454847
0.735	0.655	-0.00324675
0.745	0.655	-0.00259208
0.755	0.655	-0.00259301
0.765	0.655	-0.00324922
0.775	0.655	-0.00455094
0.835	0.525	0.00193954
0.875	0.435	0.0077321
0.635	0.535	0.00876941
0.625	0.435	0.00753091
0.605	0.465	-0.00841842
0.615	0.475	-0.00551009
0.865	0.415	0.00539895
0.905	0.535	-0.00908711
0.635	0.415	0.00532173
0.625	0.595	-0.00560565
0.635	0.605	-0.0041007
0.645	0.615	-0.00391487
0.875	0.595	-0.00571503
0.865	0.605	-0.00418157
0.855	0.615	-0.00398137
0.645	0.535	0.00825985
0.835	0.385	0.00495415
0.655	0.535	0.00779936
0.665	0.535	0.00780152
0.665	0.385	0.00498018
0.655	0.625	-0.00504122
0.845	0.625	-0.00509425
0.675	0.535	0.0080933
0.795	0.365	0.00531551
0.705	0.365	0.00532918
0.695	0.485	-0.00756603
0.685	0.645	-0.00663785
0.815	0.645	-0.00665408
0.705	0.485	-0.0070587
0.715	0.485	-0.00657073
0.725	0.485	-0.00611429
0.715	0.655	-0.00647959
0.785	0.655	-0.00648002
0.825	0.485	-0.00553688
0.735	0.485	-0.00573834
0.745	0.485	-0.00545745
0.755	0.485	-0.00529642
0.765	0.485	-0.00528851
0.775	0.485	-0.00541399
0.785	0.485	-0.00566952
0.815	0.485	-0.00635282
0.795	0.485	-0.0060017
0.805	0.485	-0.0063073
0.885	0.465	0.00953135
0.605	0.565	-0.00909657
0.895	0.565	-0.00845501
0.855	0.405	0.00665195
0.615	0.585	-0.00842892
0.645	0.405	0.00663907
0.845	0.395	0.0064987
0.635	0.485	-0.00898169
0.645	0.485	-0.00880447
0.655	0.395	0.00652015
0.655	0.485	-0.00886644
0.815	0.375	0.00687622
0.665	0.485	-0.00881731
0.665	0.635	-0.00743982
0.685	0.535	0.00852964
0.675	0.485	-0.00855338
0.685	0.375	0.00689335
0.695	0.535	0.00903627
0.685	0.485	-0.008099
0.835	0.635	-0.00747667
0.705	0.535	0.00952361
0.785	0.365	0.00810897
0.715	0.365	0.00811896
0.705	0.655	-0.00901564
0.795	0.655	-0.00901446
0.805	0.535	0.00892264
0.815	0.535	0.0086008
0.825	0.535	0.00909561
0.885	0.415	-0.0110029
0.895	0.415	-0.019492
0.895	0.425	-0.0145912
0.895	0.435	-0.0101741
0.875	0.445	0.0121154
0.615	0.515	-0.015702
0.625	0.515	-0.0125353
0.635	0.515	-0.0117826
0.615	0.525	-0.00771826
0.595	0.435	-0.0199483
0.605	0.435	-0.0106349
0.595	0.445	-0.0174153
0.595	0.455	-0.0165483
0.625	0.445	0.0112881
0.625	0.455	0.0119789
0.905	0.435	-0.0192992
0.905	0.445	-0.0156033
0.905	0.455	-0.0124204
0.905	0.465	-0.00978318
0.625	0.545	0.0115353
0.635	0.545	0.0173882
0.885	0.475	0.0117432
0.885	0.485	0.0131912
0.885	0.495	0.0139446
0.885	0.505	0.0140406
0.605	0.525	-0.0148074
0.605	0.535	-0.00974132
0.885	0.515	0.0134686
0.625	0.555	0.0123076
0.915	0.465	-0.0194986
0.915	0.475	-0.0175643
0.915	0.485	-0.0162319
0.885	0.525	0.0122182
0.635	0.455	0.0182226
0.635	0.465	0.0108547
0.915	0.495	-0.0155317
0.595	0.465	-0.0177059
0.605	0.475	-0.0128253
0.885	0.535	0.0102939
0.875	0.535	0.0196672
0.875	0.545	0.0171292
0.875	0.555	0.0137791
0.605	0.415	-0.019602
0.615	0.415	-0.0111081
0.605	0.425	-0.0147624
0.915	0.505	-0.0154659
0.625	0.565	0.00953174
0.915	0.515	-0.0160125
0.905	0.545	-0.0114192
0.875	0.565	0.00974691
0.845	0.475	0.0117188
0.855	0.475	0.0180847
0.855	0.485	0.0113571
0.835	0.495	-0.00944995
0.875	0.405	-0.0086128
0.885	0.405	-0.0166202
0.865	0.425	0.0111808
0.875	0.455	0.0158986
0.635	0.565	0.0183355
0.635	0.575	0.0138051
0.635	0.585	0.00835467
0.865	0.565	0.0186544
0.865	0.575	0.0137199
0.885	0.585	-0.00854387
0.855	0.575	0.0220796
0.855	0.585	0.0162652
0.855	0.595	0.00991294
0.705	0.505	-0.0158923
0.715	0.505	-0.0153378
0.725	0.505	-0.0148449
0.705	0.515	-0.00932607
0.645	0.515	-0.0118967
0.915	0.525	-0.017141
0.605	0.575	-0.0126604
0.615	0.405	-0.0166972
0.625	0.405	-0.00866479
0.635	0.425	0.0110981
0.905	0.555	-0.0142929
0.655	0.515	-0.0118756
0.615	0.485	-0.0138281
0.625	0.485	-0.0104143
0.645	0.465	0.0112725
0.665	0.515	-0.0116061
0.835	0.505	-0.0106096
0.735	0.505	-0.0144504
0.745	0.505	-0.0141622
0.895	0.575	-0.0125757
0.655	0.465	0.0111627
0.815	0.355	-0.0111957
0.825	0.355	-0.0154821
0.835	0.355	-0.0202492
0.835	0.365	-0.0116652
0.665	0.465	0.0111031
0.675	0.515	-0.0111155
0.795	0.345	-0.0138105
0.805	0.345	-0.0168357
0.815	0.345	-0.0203943
0.665	0.615	0.00898135
0.675	0.615	0.0147767
0.685	0.615	0.0200545
0.685	0.625	0.0113099
0.765	0.335	-0.018173
0.775	0.335	-0.0193606
0.785	0.335	-0.0211249
0.785	0.345	-0.0113489
0.685	0.345	-0.0203842
0.695	0.345	-0.016826
0.705	0.345	-0.0138007
0.685	0.355	-0.0111866
0.755	0.505	-0.0139833
0.715	0.335	-0.0211159
0.725	0.335	-0.0193536
0.735	0.335	-0.0181685
0.715	0.345	-0.0113385
0.755	0.335	-0.017575
0.745	0.335	-0.0175734
0.765	0.505	-0.0139537
0.775	0.505	-0.0140672
0.865	0.395	-0.00747509
0.875	0.395	-0.0149299
0.855	0.415	0.013236
0.595	0.535	-0.0187808
0.595	0.545	-0.0167004
0.595	0.555	-0.0167293
0.685	0.515	-0.010538
0.675	0.465	0.0112152
0.665	0.355	-0.020237
0.675	0.355	-0.0154718
0.665	0.365	-0.011652
0.695	0.515	-0.00990541
0.685	0.465	0.0115305
0.695	0.465	0.0119466
0.815	0.615	0.0200245
0.825	0.615	0.0147307
0.835	0.615	0.00892387
0.815	0.625	0.0112741
0.695	0.625	0.0157074
0.705	0.625	0.0194793
0.705	0.635	0.0100538
0.795	0.625	0.0194657
0.805	0.625	0.0156829
0.795	0.635	0.0100371
0.705	0.465	0.0123677
0.715	0.465	0.0127798
0.725	0.465	0.0131688
0.785	0.505	-0.0143577
0.715	0.635	0.0129405
0.725	0.635	0.0151468
0.735	0.635	0.0166392
0.745	0.635	0.0173916
0.755	0.635	0.0173894
0.765	0.635	0.0166333
0.775	0.635	0.0151384
0.795	0.505	-0.0147752
0.785	0.635	0.0129292
0.805	0.505	-0.0152078
0.805	0.515	-0.00935301
0.865	0.435	0.0164435
0.825	0.465	0.0142176
0.835	0.465	0.0165511
0.845	0.465	0.0207711
0.635	0.435	0.0162735
0.625	0.395	-0.0149524
0.635	0.395	-0.00747416
0.645	0.415	0.0131939
0.615	0.595	-0.0137829
0.645	0.585	0.0163673
0.645	0.595	0.0100224
0.625	0.605	-0.0117192
0.655	0.595	0.0173696
0.655	0.605	0.0102252
0.635	0.615	-0.0109113
0.845	0.365	-0.0171426
0.845	0.375	-0.00902373
0.825	0.385	0.0105897
0.885	0.595	-0.0139001
0.875	0.605	-0.0118164
0.665	0.605	0.0168243
0.645	0.625	-0.0113632
0.845	0.595	0.0172842
0.845	0.605	0.0101449
0.865	0.615	-0.0109891
0.655	0.365	-0.0171283
0.655	0.375	-0.00900715
0.675	0.385	0.0106019
0.835	0.605	0.0167599
0.855	0.625	-0.0114243
0.865	0.485	0.0195876
0.865	0.495	0.0167012
0.865	0.505	0.0159488
0.675	0.645	-0.0110465
0.855	0.515	0.00846901
0.715	0.535	0.00993679
0.735	0.465	0.0135018
0.745	0.465	0.013755
0.825	0.645	-0.0110664
0.755	0.465	0.0139008
0.765	0.465	0.013919
0.775	0.465	0.0138178
0.785	0.465	0.0136303
0.825	0.505	-0.0144074
0.825	0.515	-0.008862
0.845	0.525	0.00663323
0.875	0.465	0.0188758
0.915	0.535	-0.0188229
0.855	0.385	-0.0076158
0.865	0.385	-0.0144539
0.845	0.405	0.0138272
0.605	0.585	-0.0171059
0.905	0.565	-0.017691
0.855	0.375	-0.0151969
0.835	0.395	0.012932
0.635	0.385	-0.0144466
0.645	0.385	-0.00759909
0.655	0.405	0.0138161
0.645	0.375	-0.0151832
0.665	0.395	0.0129348
0.805	0.375	0.0111356
0.655	0.635	-0.0130557
0.695	0.375	0.0111427
0.845	0.635	-0.0130979
0.775	0.365	0.0102412
0.725	0.535	0.0102812
0.735	0.535	0.0105459
0.725	0.365	0.0102487
0.695	0.655	-0.0121286
0.805	0.655	-0.0121286
0.815	0.465	0.0134096
0.795	0.465	0.0134176
0.805	0.465	0.013279
0.595	0.565	-0.0185923
0.895	0.585	-0.017191
0.815	0.385	0.0157149
0.795	0.375	0.0147867
0.685	0.385	0.0157119
0.765	0.365	0.0116818
0.705	0.375	0.0147882
0.745	0.535	0.0107284
0.755	0.535	0.0108236
0.735	0.365	0.0116873
0.755	0.365	0.012409
0.765	0.535	0.010769
0.745	0.365	0.0124112
0.775	0.535	0.0105123
0.785	0.535	0.0100702
0.795	0.535	0.00949917
0.815	0.515	-0.00963924
0.835	0.535	0.0110609
0.825	0.495	-0.0130879
0.665	0.645	-0.0159429
0.835	0.645	-0.0159675
0.865	0.515	0.0178142
0.685	0.655	-0.015787
0.815	0.655	-0.0157929
0.855	0.525	0.0136542
0.715	0.665	-0.0162421
0.725	0.665	-0.0144258
0.735	0.665	-0.0132033
0.745	0.665	-0.012589
0.755	0.665	-0.0125903
0.765	0.665	-0.0132072
0.775	0.665	-0.014431
0.785	0.665	-0.0162463
0.845	0.535	0.0149453
0.865	0.445	0.0210679
0.645	0.545	0.0182669
0.635	0.445	0.01988
0.595	0.475	-0.0211586
0.605	0.485	-0.0194803
0.855	0.425	0.0193886
0.915	0.545	-0.0210387
0.645	0.425	0.0193155
0.615	0.605	-0.0195916
0.625	0.615	-0.0182145
0.635	0.625	-0.0180464
0.885	0.605	-0.0196987
0.875	0.615	-0.0183032
0.865	0.625	-0.0181137
0.655	0.545	0.0180371
0.825	0.395	0.0189173
0.665	0.545	0.018006
0.675	0.545	0.0182229
0.675	0.395	0.0189081
0.645	0.635	-0.0190771
0.855	0.635	-0.0191277
0.685	0.545	0.0185801
0.785	0.375	0.0177775
0.715	0.375	0.0177811
0.685	0.495	-0.0160612
0.695	0.495	-0.0154392
0.705	0.495	-0.0148563
0.675	0.655	-0.0199594
0.825	0.655	-0.0199743
0.715	0.495	-0.0143059
0.725	0.495	-0.0138034
0.735	0.495	-0.0133974
0.705	0.665	-0.0186317
0.795	0.665	-0.0186346
0.815	0.495	-0.0140093
0.745	0.495	-0.0130944
0.755	0.495	-0.0129127
0.765	0.495	-0.0128839
0.775	0.495	-0.0129714
0.785	0.495	-0.0132143
0.795	0.495	-0.0135642
0.805	0.495	-0.0139149
0.875	0.475	0.020467
0.595	0.575	-0.0218067
0.905	0.575	-0.0215947
0.845	0.415	0.0207946
0.605	0.595	-0.0221565
0.655	0.415	0.0207729
0.835	0.405	0.0206315
0.625	0.495	-0.0190532
0.635	0.495	-0.0176727
0.645	0.495	-0.0173364
0.655	0.495	-0.0172684
0.665	0.405	0.0206237
0.665	0.495	-0.0170939
0.805	0.385	0.0202612
0.675	0.495	-0.016634
0.655	0.645	-0.0212798
0.695	0.545	0.0190011
0.695	0.385	0.0202582
0.705	0.545	0.0194169
0.845	0.645	-0.021318
0.715	0.545	0.0197777
0.775	0.375	0.020064
0.725	0.375	0.0200716
0.695	0.665	-0.0215702
0.805	0.665	-0.0215761
0.795	0.545	0.0192418
0.805	0.545	0.0187317
0.815	0.545	0.0184976
0.825	0.545	0.0190033
0.835	0.545	0.0207334
0.895	0.405	-0.0248369
0.905	0.415	-0.0281451
0.905	0.425	-0.0234872
0.615	0.505	-0.0223374
0.625	0.505	-0.0197432
0.605	0.515	-0.0212411
0.635	0.505	-0.0188624
0.595	0.425	-0.0237076
0.585	0.435	-0.0293774
0.585	0.445	-0.0271319
0.585	0.455	-0.0263271
0.915	0.435	-0.0285125
0.915	0.445	-0.025004
0.915	0.455	-0.0219912
0.635	0.555	0.0205551
0.875	0.485	0.0208587
0.875	0.495	0.0212292
0.875	0.505	0.0215917
0.595	0.525	-0.0228267
0.875	0.515	0.0217546
0.925	0.465	-0.0292549
0.925	0.475	-0.0274303
0.925	0.485	-0.0261729
0.875	0.525	0.0212218
0.645	0.455	0.020479
0.925	0.495	-0.0255052
0.585	0.465	-0.0272052
0.865	0.535	0.0249185
0.865	0.545	0.0252659
0.865	0.555	0.022763
0.605	0.405	-0.0249222
0.595	0.415	-0.0282513
0.925	0.505	-0.0254309
0.925	0.515	-0.0259356
0.855	0.465	0.02511
0.865	0.475	0.023334
0.885	0.395	-0.0226414
0.865	0.455	0.0245737
0.645	0.565	0.0261063
0.645	0.575	0.0220179
0.855	0.565	0.0269658
0.845	0.575	0.0298523
0.845	0.585	0.0239776
0.695	0.505	-0.0165123
0.645	0.505	-0.0187853
0.925	0.525	-0.0269961
0.615	0.395	-0.0226878
0.915	0.555	-0.0237678
0.655	0.505	-0.0186903
0.615	0.495	-0.0217326
0.665	0.505	-0.0183894
0.655	0.455	0.0208945
0.825	0.345	-0.0244542
0.835	0.345	-0.0289817
0.845	0.355	-0.0254573
0.665	0.455	0.0210238
0.675	0.505	-0.0178223
0.795	0.335	-0.0234481
0.805	0.335	-0.0263082
0.815	0.335	-0.0296794
0.675	0.605	0.0229587
0.685	0.605	0.0285506
0.695	0.615	0.0247445
0.765	0.325	-0.0281366
0.775	0.325	-0.029258
0.785	0.325	-0.0309258
0.685	0.335	-0.029667
0.695	0.335	-0.0262965
0.675	0.345	-0.0244432
0.705	0.335	-0.0234375
0.715	0.325	-0.0309156
0.725	0.325	-0.0292509
0.735	0.325	-0.0281328
0.755	0.325	-0.0275727
0.745	0.325	-0.0275716
0.875	0.385	-0.0216019
0.585	0.535	-0.0280611
0.585	0.545	-0.0264027
0.585	0.555	-0.0265001
0.685	0.505	-0.0171875
0.675	0.455	0.0212112
0.665	0.345	-0.0289693
0.655	0.355	-0.0254445
0.685	0.455	0.021527
0.695	0.455	0.0219145
0.815	0.605	0.0285375
0.825	0.605	0.0229208
0.805	0.615	0.0247333
0.705	0.615	0.0287788
0.715	0.625	0.0225726
0.795	0.615	0.0287823
0.785	0.625	0.0225663
0.705	0.455	0.0223114
0.715	0.455	0.0227005
0.725	0.455	0.0230648
0.725	0.625	0.0249428
0.735	0.625	0.0265502
0.745	0.625	0.0273613
0.755	0.625	0.0273588
0.765	0.625	0.0265455
0.775	0.625	0.0249385
0.815	0.505	-0.0153726
0.855	0.435	0.0248705
0.825	0.455	0.0241139
0.835	0.455	0.0259389
0.845	0.455	0.0285723
0.645	0.435	0.0245167
0.625	0.385	-0.021609
0.655	0.585	0.0239986
0.665	0.595	0.0243046
0.855	0.365	-0.0230256
0.895	0.595	-0.0222739
0.835	0.595	0.0242539
0.645	0.365	-0.0230124
0.735	0.455	0.0233804
0.745	0.455	0.0236237
0.755	0.455	0.0237667
0.765	0.455	0.0237965
0.775	0.455	0.0237228
0.785	0.455	0.023577
0.865	0.465	0.0255725
0.925	0.535	-0.0285896
0.865	0.375	-0.0217325
0.595	0.585	-0.0259284
0.915	0.565	-0.0269962
0.635	0.375	-0.0217231
0.725	0.545	0.0200757
0.735	0.545	0.0203041
0.815	0.455	0.0234466
0.795	0.455	0.0234138
0.805	0.455	0.0233187
0.585	0.565	-0.0281679
0.905	0.585	-0.0259777
0.815	0.395	0.0243653
0.795	0.385	0.0241658
0.685	0.395	0.0243716
0.765	0.375	0.0216118
0.705	0.385	0.0241734
0.745	0.545	0.0204559
0.755	0.545	0.0205208
0.735	0.375	0.0216199
0.755	0.375	0.0223951
0.765	0.545	0.0204477
0.745	0.375	0.0223986
0.775	0.545	0.0201933
0.785	0.545	0.0197696
0.665	0.655	-0.0246036
0.835	0.655	-0.0246365
0.865	0.525	0.021573
0.685	0.665	-0.0250331
0.815	0.665	-0.0250471
0.855	0.535	0.0205401
0.715	0.675	-0.0260324
0.725	0.675	-0.0243185
0.735	0.675	-0.0231666
0.745	0.675	-0.0225883
0.755	0.675	-0.0225902
0.765	0.675	-0.0231726
0.775	0.675	-0.0243286
0.785	0.675	-0.0260452
0.845	0.545	0.0238556
0.855	0.445	0.0288755
0.645	0.555	0.0254498
0.645	0.445	0.0260887
0.585	0.475	-0.0300444
0.595	0.485	-0.0266084
0.605	0.495	-0.0261753
0.845	0.425	0.0271504
0.925	0.545	-0.0306965
0.655	0.425	0.0271532
0.605	0.605	-0.0276709
0.615	0.615	-0.0257854
0.625	0.625	-0.025045
0.635	0.635	-0.0254681
0.895	0.605	-0.0277932
0.885	0.615	-0.0258795
0.875	0.625	-0.0251201
0.865	0.635	-0.0255263
0.655	0.555	0.0272075
0.825	0.405	0.0269365
0.665	0.555	0.0277789
0.675	0.555	0.0281874
0.675	0.405	0.0269827
0.645	0.645	-0.0270322
0.855	0.645	-0.0270791
0.685	0.555	0.0285806
0.785	0.385	0.0273715
0.715	0.385	0.0273934
0.675	0.665	-0.0289878
0.825	0.665	-0.0290164
0.705	0.675	-0.0282906
0.795	0.675	-0.0283067
0.585	0.575	-0.0310776
0.915	0.575	-0.0307096
0.835	0.415	0.0278631
0.595	0.595	-0.0306909
0.665	0.415	0.0279555
0.805	0.395	0.0291995
0.655	0.655	-0.0296907
0.695	0.555	0.0289696
0.695	0.395	0.0292463
0.705	0.555	0.0293411
0.845	0.655	-0.0297385
0.715	0.555	0.0296644
0.775	0.385	0.0298297
0.725	0.385	0.02986
0.695	0.675	-0.0310732
0.805	0.675	-0.0310942
0.795	0.555	0.0290545
0.805	0.555	0.0285911
0.815	0.555	0.028394
0.825	0.555	0.0287793
0.835	0.555	0.0299647
0.895	0.395	-0.0305848
0.905	0.405	-0.0332392
0.915	0.415	-0.0369354
0.915	0.425	-0.0324979
0.605	0.505	-0.0268629
0.595	0.515	-0.0281478
0.585	0.425	-0.0328009
0.575	0.435	-0.0389057
0.575	0.445	-0.0368896
0.575	0.455	-0.0361558
0.925	0.435	-0.0378061
0.925	0.445	-0.0344701
0.925	0.455	-0.0316122
0.585	0.525	-0.0313964
0.935	0.465	-0.0390438
0.935	0.475	-0.0373179
0.935	0.485	-0.0361273
0.935	0.495	-0.03549
0.575	0.465	-0.0368656
0.855	0.545	0.0270031
0.855	0.555	0.0293625
0.605	0.395	-0.0306444
0.595	0.405	-0.0333173
0.585	0.415	-0.0370535
0.935	0.505	-0.0354107
0.935	0.515	-0.0358793
0.855	0.455	0.0292807
0.885	0.385	-0.0290265
0.655	0.565	0.0317999
0.655	0.575	0.0295971
0.845	0.565	0.0332811
0.835	0.575	0.0362763
0.835	0.585	0.0311329
0.935	0.525	-0.0368784
0.615	0.385	-0.0290491
0.925	0.555	-0.0332912
0.655	0.445	0.0291443
0.825	0.335	-0.0335343
0.835	0.335	-0.037844
0.845	0.345	-0.0339431
0.855	0.355	-0.0310702
0.665	0.445	0.0303038
0.795	0.325	-0.0331249
0.805	0.325	-0.0358364
0.815	0.325	-0.0390385
0.675	0.595	0.0307273
0.685	0.595	0.0365428
0.695	0.605	0.0335244
0.765	0.315	-0.0381037
0.775	0.315	-0.0391653
0.785	0.315	-0.040746
0.685	0.325	-0.0390228
0.695	0.325	-0.0358222
0.675	0.335	-0.0335206
0.705	0.325	-0.0331124
0.715	0.315	-0.0407361
0.725	0.315	-0.0391581
0.735	0.315	-0.0380992
0.755	0.315	-0.03757
0.745	0.315	-0.0375684
0.875	0.375	-0.0285905
0.575	0.535	-0.0375089
0.575	0.545	-0.036159
0.575	0.555	-0.0363195
0.675	0.445	0.0308815
0.665	0.335	-0.0378277
0.655	0.345	-0.0339285
0.645	0.355	-0.0310563
0.685	0.445	0.031353
0.695	0.445	0.031784
0.815	0.595	0.0365368
0.825	0.595	0.0307144
0.805	0.605	0.0335344
0.705	0.605	0.0378033
0.715	0.615	0.0320953
0.795	0.605	0.037827
0.785	0.615	0.032105
0.705	0.445	0.0321918
0.715	0.445	0.0325783
0.725	0.445	0.0329302
0.725	0.615	0.0346425
0.735	0.615	0.0363719
0.745	0.615	0.037245
0.755	0.615	0.0372437
0.765	0.615	0.036372
0.775	0.615	0.0346485
0.845	0.435	0.0320582
0.825	0.445	0.0331496
0.835	0.445	0.0336229
0.845	0.445	0.0329366
0.655	0.435	0.0314738
0.625	0.375	-0.0285872
0.665	0.585	0.0311157
0.865	0.365	-0.029276
0.905	0.595	-0.0308065
0.635	0.365	-0.0292635
0.735	0.445	0.0332313
0.745	0.445	0.0334611
0.755	0.445	0.0335939
0.765	0.445	0.03362
0.775	0.445	0.0335468
0.785	0.445	0.0333983
0.935	0.535	-0.0383902
0.585	0.585	-0.0349027
0.925	0.565	-0.0363719
0.725	0.555	0.029926
0.735	0.555	0.0301238
0.815	0.445	0.032964
0.795	0.445	0.0332122
0.805	0.445	0.0330423
0.575	0.565	-0.0378377
0.915	0.585	-0.0348841
0.815	0.405	0.0326464
0.795	0.395	0.0333539
0.685	0.405	0.032802
0.765	0.385	0.0315002
0.705	0.395	0.0334478
0.745	0.555	0.0302474
0.755	0.555	0.0302836
0.735	0.385	0.0315263
0.755	0.385	0.0323506
0.765	0.555	0.0301947
0.745	0.385	0.0323608
0.775	0.555	0.0299461
0.785	0.555	0.0295442
0.665	0.665	-0.0334056
0.835	0.665	-0.0334472
0.685	0.675	-0.0343565
0.815	0.675	-0.0343845
0.715	0.685	-0.0358494
0.725	0.685	-0.0342281
0.735	0.685	-0.0331393
0.745	0.685	-0.0325934
0.755	0.685	-0.0325959
0.765	0.685	-0.0331474
0.775	0.685	-0.0342421
0.785	0.685	-0.0358695
0.845	0.555	0.0312406
0.575	0.475	-0.0392729
0.585	0.485	-0.0346399
0.595	0.495	-0.032267
0.835	0.425	0.034008
0.935	0.545	-0.0403932
0.665	0.425	0.034277
0.595	0.605	-0.0359498
0.605	0.615	-0.0335906
0.615	0.625	-0.0323292
0.625	0.635	-0.0321757
0.635	0.645	-0.0331369
0.905	0.605	-0.0360747
0.895	0.615	-0.0336931
0.885	0.625	-0.0324131
0.875	0.635	-0.0322593
0.865	0.645	-0.033211
0.825	0.415	0.0342729
0.665	0.565	0.0352532
0.675	0.565	0.0370115
0.675	0.415	0.0345809
0.645	0.655	-0.0351756
0.855	0.655	-0.0352381
0.685	0.565	0.0379431
0.785	0.395	0.0367724
0.715	0.395	0.0369011
0.675	0.675	-0.0381156
0.825	0.675	-0.0381519
0.705	0.685	-0.0379885
0.795	0.685	-0.0380158
0.575	0.575	-0.0404794
0.925	0.575	-0.0399097
0.585	0.595	-0.0394118
0.805	0.405	0.0376787
0.655	0.665	-0.0382503
0.695	0.565	0.0385587
0.695	0.405	0.0379562
0.705	0.565	0.039027
0.845	0.665	-0.0383049
0.715	0.565	0.0393894
0.775	0.395	0.0394034
0.725	0.395	0.0395319
0.695	0.685	-0.0406294
0.805	0.685	-0.0406635
0.795	0.565	0.0386331
0.805	0.565	0.0380611
0.815	0.565	0.0376083
0.825	0.565	0.0372626
0.835	0.565	0.0363254
0.895	0.385	-0.0366996
0.905	0.385	-0.0445861
0.905	0.395	-0.0387305
0.915	0.395	-0.0470436
0.915	0.405	-0.0417936
0.925	0.405	-0.0504833
0.925	0.415	-0.0458355
0.925	0.425	-0.0416018
0.595	0.505	-0.0329379
0.585	0.505	-0.0400517
0.585	0.515	-0.035896
0.575	0.415	-0.0460058
0.575	0.425	-0.0420343
0.565	0.425	-0.0513877
0.565	0.435	-0.0485166
0.565	0.445	-0.0466901
0.565	0.455	-0.0460204
0.565	0.465	-0.0466085
0.935	0.425	-0.0507955
0.935	0.435	-0.0471688
0.935	0.445	-0.0439915
0.935	0.455	-0.0412772
0.575	0.515	-0.0442369
0.575	0.525	-0.0403397
0.945	0.455	-0.0509716
0.945	0.465	-0.0488468
0.945	0.475	-0.0472102
0.945	0.485	-0.0460823
0.945	0.495	-0.0454765
0.945	0.505	-0.0453973
0.565	0.475	-0.0486836
0.595	0.385	-0.0446279
0.605	0.385	-0.036732
0.595	0.395	-0.0387922
0.585	0.395	-0.0471112
0.585	0.405	-0.0418704
0.575	0.405	-0.0505733
0.945	0.515	-0.0458367
0.945	0.525	-0.0467838
0.885	0.375	-0.0357378
0.895	0.375	-0.0431448
0.665	0.575	0.0360358
0.825	0.575	0.0407841
0.825	0.585	0.0375366
0.945	0.535	-0.0482228
0.605	0.375	-0.0431507
0.615	0.375	-0.0357398
0.935	0.555	-0.0428668
0.935	0.565	-0.0458143
0.665	0.435	0.0361123
0.825	0.325	-0.0427071
0.835	0.325	-0.0468162
0.845	0.325	-0.0513379
0.845	0.335	-0.0425789
0.855	0.335	-0.0477086
0.855	0.345	-0.0393065
0.865	0.345	-0.0450399
0.865	0.355	-0.0370541
0.675	0.435	0.0387808
0.795	0.315	-0.0428328
0.805	0.315	-0.0454093
0.815	0.315	-0.0484559
0.825	0.315	-0.0519502
0.675	0.585	0.0375438
0.685	0.585	0.0430102
0.695	0.585	0.0473215
0.695	0.595	0.0416593
0.705	0.595	0.045976
0.755	0.305	-0.0475633
0.765	0.305	-0.0480697
0.775	0.305	-0.0490767
0.785	0.305	-0.0505769
0.795	0.305	-0.0525591
0.675	0.315	-0.0519422
0.685	0.315	-0.0484441
0.695	0.315	-0.0453967
0.675	0.325	-0.0426898
0.705	0.315	-0.042821
0.665	0.325	-0.0467974
0.705	0.305	-0.0525588
0.715	0.305	-0.0505741
0.725	0.305	-0.0490731
0.735	0.305	-0.0480667
0.745	0.305	-0.0475621
0.875	0.365	-0.0358576
0.885	0.365	-0.0427388
0.565	0.525	-0.0495351
0.565	0.535	-0.0470897
0.565	0.545	-0.0459565
0.565	0.555	-0.0461381
0.565	0.565	-0.0475291
0.685	0.435	0.0402662
0.655	0.325	-0.05132
0.655	0.335	-0.0425585
0.645	0.335	-0.0476837
0.645	0.345	-0.0392873
0.635	0.345	-0.0450138
0.635	0.355	-0.0370363
0.695	0.435	0.0411171
0.705	0.435	0.0417115
0.805	0.585	0.0469921
0.815	0.585	0.0428366
0.805	0.595	0.0416479
0.795	0.595	0.0459504
0.715	0.595	0.0493963
0.715	0.605	0.0413146
0.725	0.605	0.0439979
0.785	0.595	0.0493448
0.785	0.605	0.0413365
0.775	0.605	0.0440087
0.715	0.435	0.0421956
0.725	0.435	0.0425877
0.735	0.435	0.0428941
0.735	0.605	0.0458109
0.745	0.605	0.0467242
0.755	0.605	0.0467252
0.765	0.605	0.045815
0.835	0.435	0.0368052
0.815	0.435	0.0409308
0.825	0.435	0.0394345
0.615	0.365	-0.0427232
0.625	0.365	-0.0358447
0.675	0.575	0.0408764
0.875	0.355	-0.0433745
0.915	0.595	-0.0394823
0.915	0.605	-0.0445282
0.625	0.355	-0.0433508
0.745	0.435	0.0431075
0.755	0.435	0.0432114
0.765	0.435	0.0431944
0.775	0.435	0.0430529
0.785	0.435	0.0427885
0.795	0.435	0.0423974
0.945	0.545	-0.0501301
0.575	0.585	-0.0440356
0.575	0.595	-0.0482872
0.935	0.575	-0.0491862
0.725	0.565	0.0396591
0.735	0.565	0.0398497
0.745	0.565	0.0399556
0.805	0.435	0.0418376
0.565	0.575	-0.0499499
0.925	0.585	-0.0438934
0.925	0.595	-0.0483004
0.805	0.415	0.0446847
0.815	0.415	0.0399215
0.785	0.405	0.0454753
0.795	0.405	0.0419683
0.685	0.415	0.0404762
0.695	0.415	0.0454017
0.755	0.395	0.0421267
0.765	0.395	0.0412007
0.705	0.405	0.0423378
0.715	0.405	0.0458901
0.755	0.565	0.0399659
0.765	0.565	0.0398539
0.735	0.395	0.0412934
0.745	0.395	0.0421601
0.775	0.565	0.0395888
0.785	0.565	0.0391685
0.655	0.675	-0.0469437
0.665	0.675	-0.0423214
0.835	0.675	-0.0423719
0.845	0.675	-0.0470237
0.675	0.685	-0.0473335
0.685	0.685	-0.04375
0.815	0.685	-0.0437936
0.825	0.685	-0.0473943
0.705	0.695	-0.0477442
0.715	0.695	-0.0457114
0.725	0.695	-0.0441685
0.735	0.695	-0.043134
0.745	0.695	-0.0426171
0.755	0.695	-0.0426209
0.765	0.695	-0.0431459
0.775	0.695	-0.0441863
0.785	0.695	-0.0457335
0.795	0.695	-0.0477774
0.565	0.485	-0.0521427
0.575	0.485	-0.0432365
0.575	0.495	-0.0474669
0.585	0.495	-0.039488
0.825	0.425	0.0396065
0.945	0.555	-0.0525022
0.675	0.425	0.0401496
0.585	0.605	-0.0444315
0.585	0.615	-0.0498218
0.595	0.615	-0.0416161
0.595	0.625	-0.0476317
0.605	0.625	-0.0398792
0.605	0.635	-0.0464758
0.615	0.635	-0.0392018
0.615	0.645	-0.0463389
0.625	0.645	-0.0395817
0.625	0.655	-0.0472262
0.635	0.655	-0.0410179
0.905	0.615	-0.0417308
0.915	0.615	-0.049964
0.895	0.625	-0.0399644
0.905	0.625	-0.0477394
0.885	0.635	-0.0392854
0.895	0.635	-0.0465513
0.875	0.645	-0.0396658
0.885	0.645	-0.0464044
0.865	0.655	-0.0410964
0.875	0.655	-0.0472871
0.815	0.425	0.0437736
0.685	0.575	0.0441715
0.685	0.425	0.0443938
0.635	0.665	-0.0491133
0.645	0.665	-0.0434818
0.855	0.665	-0.043557
0.865	0.665	-0.0491869
0.695	0.575	0.0462219
0.775	0.405	0.0481571
0.725	0.405	0.0485194
0.665	0.685	-0.0513505
0.835	0.685	-0.0514755
0.695	0.695	-0.050258
0.805	0.695	-0.050311
0.565	0.585	-0.0532628
0.935	0.585	-0.0530104
0.575	0.605	-0.0530263
0.795	0.415	0.0484682
0.645	0.675	-0.0519907
0.705	0.575	0.047448
0.705	0.415	0.0492306
0.715	0.575	0.0482014
0.855	0.675	-0.0521032
0.725	0.575	0.048677
0.765	0.405	0.0499832
0.735	0.405	0.0502215
0.685	0.695	-0.0532417
0.815	0.695	-0.0533399
0.785	0.575	0.0478776
0.795	0.575	0.0469529
0.805	0.575	0.0456269
0.815	0.575	0.0437171
0.905	0.375	-0.0507788
0.915	0.385	-0.0526633
0.925	0.395	-0.0555239
0.935	0.405	-0.0593221
0.935	0.415	-0.0548542
0.575	0.505	-0.0479181
0.565	0.415	-0.0550912
0.555	0.425	-0.0608248
0.555	0.435	-0.0581804
0.555	0.445	-0.0565069
0.555	0.455	-0.0558729
0.555	0.465	-0.0563509
0.945	0.425	-0.0600943
0.945	0.435	-0.0566108
0.945	0.445	-0.0535647
0.565	0.515	-0.0529531
0.955	0.455	-0.0607165
0.955	0.465	-0.0586822
0.955	0.475	-0.0571217
0.955	0.485	-0.0560488
0.955	0.495	-0.0554727
0.955	0.505	-0.0553962
0.555	0.475	-0.0581501
0.595	0.375	-0.0507918
0.585	0.385	-0.0527116
0.575	0.395	-0.0555836
0.565	0.405	-0.0594062
0.955	0.515	-0.0558135
0.955	0.525	-0.0567207
0.895	0.365	-0.049888
0.955	0.535	-0.0580969
0.605	0.365	-0.0498706
0.945	0.565	-0.0553145
0.835	0.315	-0.055867
0.845	0.315	-0.0601754
0.855	0.325	-0.0562405
0.865	0.335	-0.0532018
0.875	0.345	-0.0511104
0.805	0.305	-0.055008
0.815	0.305	-0.0579045
0.825	0.305	-0.0612252
0.705	0.585	0.0505192
0.755	0.295	-0.0575438
0.765	0.295	-0.0580224
0.775	0.295	-0.0589769
0.785	0.295	-0.0603988
0.795	0.295	-0.0622761
0.675	0.305	-0.0612626
0.685	0.305	-0.0579206
0.665	0.315	-0.0558687
0.695	0.305	-0.0550131
0.705	0.295	-0.0623098
0.715	0.295	-0.0604183
0.725	0.295	-0.0589877
0.735	0.295	-0.0580281
0.745	0.295	-0.0575458
0.885	0.355	-0.0499993
0.555	0.525	-0.0588798
0.555	0.535	-0.0567371
0.555	0.545	-0.0557458
0.555	0.555	-0.0559484
0.555	0.565	-0.0572539
0.655	0.315	-0.0602001
0.645	0.325	-0.056233
0.635	0.335	-0.0531769
0.625	0.345	-0.051079
0.695	0.425	0.0471876
0.705	0.425	0.0490103
0.795	0.585	0.0501635
0.715	0.585	0.0527579
0.725	0.595	0.0518958
0.785	0.585	0.0524496
0.775	0.595	0.0518267
0.715	0.425	0.0502287
0.725	0.425	0.0509967
0.735	0.425	0.05146
0.735	0.595	0.0535121
0.745	0.595	0.0542956
0.755	0.595	0.0542794
0.765	0.595	0.0534633
0.615	0.355	-0.0499701
0.925	0.605	-0.0531357
0.745	0.425	0.0516935
0.755	0.425	0.0517148
0.765	0.425	0.0515036
0.775	0.425	0.0510063
0.785	0.425	0.0501381
0.795	0.425	0.0487719
0.955	0.545	-0.0599323
0.565	0.595	-0.0572581
0.945	0.575	-0.0585553
0.735	0.575	0.0489663
0.745	0.575	0.0491001
0.805	0.425	0.04674
0.555	0.575	-0.0594982
0.935	0.595	-0.0572574
0.785	0.415	0.0513247
0.755	0.405	0.0509372
0.715	0.415	0.0520386
0.755	0.575	0.049084
0.765	0.575	0.0488981
0.745	0.405	0.0510197
0.775	0.575	0.0485045
0.655	0.685	-0.0558032
0.845	0.685	-0.0560793
0.675	0.695	-0.0566735
0.825	0.695	-0.0569066
0.705	0.705	-0.0575976
0.715	0.705	-0.0556491
0.725	0.705	-0.0541769
0.735	0.705	-0.0531929
0.745	0.705	-0.0527143
0.755	0.705	-0.0527347
0.765	0.705	-0.0532458
0.775	0.705	-0.054238
0.785	0.705	-0.0557209
0.795	0.705	-0.0576923
0.555	0.485	-0.0611961
0.565	0.495	-0.0558766
0.955	0.555	-0.0622186
0.575	0.615	-0.0582072
0.585	0.625	-0.0556167
0.595	0.635	-0.0539725
0.605	0.645	-0.0533397
0.615	0.655	-0.0537023
0.625	0.665	-0.0550559
0.915	0.625	-0.0557348
0.925	0.615	-0.0583431
0.905	0.635	-0.0540639
0.895	0.645	-0.0534162
0.885	0.655	-0.053827
0.875	0.665	-0.0552456
0.635	0.675	-0.0573841
0.865	0.675	-0.0576958
0.775	0.415	0.0533447
0.725	0.415	0.0538822
0.665	0.695	-0.0605455
0.835	0.695	-0.0610647
0.695	0.705	-0.0600114
0.805	0.705	-0.0601732
0.555	0.585	-0.0626024
0.945	0.585	-0.0622456
0.565	0.605	-0.0617555
0.645	0.685	-0.0606436
0.855	0.685	-0.0613121
0.725	0.585	0.0542299
0.765	0.415	0.0546425
0.735	0.415	0.0549579
0.685	0.705	-0.062873
0.815	0.705	-0.0632115
0.905	0.365	-0.0572781
0.915	0.375	-0.0586267
0.925	0.375	-0.0666496
0.925	0.385	-0.0609318
0.935	0.385	-0.0693189
0.935	0.395	-0.0641643
0.945	0.405	-0.0682629
0.945	0.415	-0.0639914
0.565	0.505	-0.0562265
0.555	0.405	-0.0683228
0.555	0.415	-0.06427
0.545	0.425	-0.0702826
0.545	0.435	-0.0678455
0.545	0.445	-0.0662933
0.545	0.455	-0.0656762
0.545	0.465	-0.0660531
0.955	0.425	-0.0694546
0.955	0.435	-0.0661255
0.955	0.445	-0.0632046
0.555	0.515	-0.0618751
0.965	0.455	-0.0705115
0.965	0.465	-0.0685868
0.965	0.475	-0.0671126
0.965	0.485	-0.0660988
0.965	0.495	-0.0655527
0.965	0.505	-0.0654774
0.545	0.475	-0.0676187
0.595	0.365	-0.0572612
0.585	0.375	-0.0586355
0.575	0.375	-0.066636
0.575	0.385	-0.0609553
0.565	0.385	-0.0693069
0.565	0.395	-0.0641787
0.965	0.515	-0.0658758
0.965	0.525	-0.0667512
0.895	0.355	-0.0568966
0.965	0.535	-0.0680827
0.605	0.355	-0.0568681
0.955	0.565	-0.0649189
0.835	0.305	-0.0649412
0.845	0.305	-0.0690105
0.855	0.315	-0.0648395
0.865	0.315	-0.069807
0.865	0.325	-0.0614883
0.875	0.325	-0.0670324
0.875	0.335	-0.0590221
0.885	0.345	-0.057482
0.805	0.295	-0.0645924
0.815	0.295	-0.067324
0.825	0.295	-0.0704389
0.755	0.285	-0.0674641
0.765	0.285	-0.067907
0.775	0.285	-0.0687969
0.785	0.285	-0.0701232
0.795	0.285	-0.0718673
0.675	0.295	-0.0705993
0.685	0.295	-0.0674194
0.665	0.305	-0.0650171
0.695	0.295	-0.064649
0.655	0.305	-0.0691567
0.705	0.285	-0.0719941
0.715	0.285	-0.0702053
0.725	0.285	-0.0688478
0.735	0.285	-0.0679349
0.745	0.285	-0.067473
0.545	0.525	-0.068236
0.545	0.535	-0.0663729
0.545	0.545	-0.0655253
0.545	0.555	-0.0658116
0.545	0.565	-0.0671408
0.645	0.315	-0.0649104
0.635	0.315	-0.0699605
0.635	0.325	-0.0615099
0.625	0.325	-0.0671131
0.625	0.335	-0.059012
0.615	0.345	-0.0574568
0.735	0.585	0.0550994
0.775	0.585	0.0539987
0.765	0.585	0.0549734
0.745	0.585	0.0554852
0.755	0.585	0.0554472
0.935	0.605	-0.0618689
0.745	0.415	0.0554132
0.755	0.415	0.05531
0.965	0.545	-0.0698566
0.555	0.595	-0.0663861
0.955	0.575	-0.0680526
0.545	0.575	-0.0693613
0.945	0.595	-0.0662973
0.655	0.695	-0.0648065
0.845	0.695	-0.0658611
0.675	0.705	-0.0661605
0.825	0.705	-0.0668673
0.705	0.715	-0.0675629
0.715	0.715	-0.065688
0.725	0.715	-0.0642776
0.735	0.715	-0.0633546
0.745	0.715	-0.0629242
0.755	0.715	-0.0629737
0.765	0.715	-0.0634816
0.775	0.715	-0.064433
0.785	0.715	-0.0658373
0.795	0.715	-0.0677522
0.545	0.485	-0.0703285
0.555	0.495	-0.0645241
0.555	0.505	-0.0648058
0.965	0.555	-0.0720597
0.565	0.615	-0.0669332
0.575	0.625	-0.0642124
0.575	0.635	-0.0713126
0.585	0.635	-0.0619651
0.585	0.645	-0.0698629
0.595	0.645	-0.0608764
0.605	0.655	-0.0605358
0.615	0.665	-0.0613352
0.625	0.675	-0.0631113
0.925	0.625	-0.0640266
0.915	0.635	-0.0618768
0.925	0.635	-0.0701665
0.935	0.615	-0.0670361
0.905	0.645	-0.0607328
0.915	0.645	-0.0684709
0.895	0.655	-0.0608485
0.885	0.665	-0.0621062
0.875	0.675	-0.0642661
0.635	0.685	-0.0658702
0.865	0.685	-0.0673897
0.665	0.705	-0.0698536
0.835	0.705	-0.0711463
0.695	0.715	-0.0698653
0.805	0.715	-0.0702041
0.545	0.585	-0.0723677
0.955	0.585	-0.07158
0.555	0.605	-0.0708117
0.645	0.695	-0.0694619
0.855	0.695	-0.0713977
0.685	0.715	-0.0725565
0.815	0.715	-0.0732668
0.905	0.355	-0.0640306
0.915	0.365	-0.0648789
0.925	0.365	-0.0725636
0.935	0.375	-0.074678
0.945	0.385	-0.077596
0.945	0.395	-0.0728404
0.955	0.405	-0.077103
0.955	0.415	-0.0731465
0.555	0.395	-0.0728298
0.545	0.405	-0.0771903
0.545	0.415	-0.0734614
0.535	0.425	-0.0795544
0.535	0.435	-0.077379
0.535	0.445	-0.0759688
0.535	0.455	-0.0753845
0.535	0.465	-0.0756838
0.965	0.425	-0.078665
0.965	0.435	-0.075616
0.965	0.445	-0.0728693
0.545	0.515	-0.0709043
0.975	0.455	-0.0802081
0.975	0.465	-0.0784885
0.975	0.475	-0.0771421
0.975	0.485	-0.0762107
0.975	0.495	-0.0757114
0.975	0.505	-0.0756551
0.535	0.475	-0.0770649
0.595	0.355	-0.0640103
0.585	0.365	-0.0648567
0.575	0.365	-0.0725755
0.565	0.375	-0.0746981
0.555	0.385	-0.0776293
0.975	0.515	-0.0760401
0.975	0.525	-0.0768884
0.895	0.345	-0.0641142
0.975	0.535	-0.0781689
0.605	0.345	-0.0641125
0.965	0.565	-0.0746571
0.835	0.295	-0.0738891
0.845	0.295	-0.0775919
0.855	0.305	-0.0733728
0.865	0.305	-0.077915
0.875	0.315	-0.074988
0.885	0.325	-0.0727996
0.885	0.335	-0.0651217
0.805	0.285	-0.0740007
0.815	0.285	-0.0764793
0.825	0.285	-0.0792276
0.755	0.275	-0.0770733
0.765	0.275	-0.0774538
0.775	0.275	-0.0782253
0.785	0.275	-0.079363
0.795	0.275	-0.0808165
0.675	0.285	-0.0796675
0.685	0.285	-0.07677
0.665	0.295	-0.0741518
0.695	0.285	-0.0741923
0.655	0.295	-0.078
0.645	0.305	-0.0736324
0.705	0.275	-0.0811579
0.715	0.275	-0.0795896
0.725	0.275	-0.0783648
0.735	0.275	-0.0775281
0.745	0.275	-0.0770963
0.535	0.525	-0.0776342
0.535	0.535	-0.076042
0.535	0.545	-0.0754108
0.535	0.555	-0.0759737
0.535	0.565	-0.0775181
0.635	0.305	-0.0783331
0.625	0.315	-0.0752658
0.615	0.325	-0.0729716
0.615	0.335	-0.0651528
0.945	0.605	-0.0707828
0.975	0.545	-0.079815
0.545	0.595	-0.0766153
0.965	0.575	-0.0776151
0.535	0.575	-0.079781
0.955	0.595	-0.0754764
0.655	0.705	-0.0739077
0.845	0.705	-0.0760338
0.675	0.715	-0.0756983
0.825	0.715	-0.0769248
0.705	0.725	-0.0775552
0.715	0.725	-0.0758929
0.725	0.725	-0.074613
0.735	0.725	-0.0737323
0.745	0.725	-0.073318
0.755	0.725	-0.0733271
0.765	0.725	-0.0737255
0.775	0.725	-0.074537
0.785	0.725	-0.0758894
0.795	0.725	-0.0776983
0.535	0.485	-0.0795092
0.545	0.495	-0.073336
0.545	0.505	-0.0735921
0.975	0.555	-0.0819879
0.555	0.615	-0.079514
0.565	0.625	-0.0736284
0.565	0.635	-0.0813603
0.575	0.645	-0.0795179
0.585	0.655	-0.0783914
0.595	0.655	-0.0685903
0.605	0.665	-0.0711102
0.615	0.675	-0.0713388
0.625	0.685	-0.0726289
0.935	0.625	-0.0729129
0.935	0.635	-0.079217
0.925	0.645	-0.0768153
0.945	0.615	-0.0764857
0.905	0.655	-0.0684571
0.915	0.655	-0.0758902
0.895	0.665	-0.0710664
0.885	0.675	-0.0726468
0.875	0.685	-0.0749032
0.635	0.695	-0.0749923
0.865	0.695	-0.0780288
0.665	0.715	-0.0792066
0.835	0.715	-0.0811101
0.695	0.725	-0.0795933
0.805	0.725	-0.0800108
0.535	0.585	-0.0825298
0.965	0.585	-0.0808877
0.545	0.605	-0.0819643
0.645	0.705	-0.0787312
0.855	0.705	-0.081551
0.685	0.725	-0.081956
0.815	0.725	-0.082868
0.905	0.345	-0.0709294
0.915	0.355	-0.0713073
0.925	0.355	-0.078493
0.935	0.365	-0.0800482
0.945	0.365	-0.0862482
0.945	0.375	-0.0822869
0.955	0.385	-0.0849581
0.955	0.395	-0.0811609
0.965	0.405	-0.0849948
0.965	0.415	-0.0818781
0.545	0.385	-0.0851647
0.545	0.395	-0.081246
0.535	0.405	-0.0851856
0.535	0.415	-0.0822941
0.525	0.425	-0.0872497
0.525	0.435	-0.0858695
0.525	0.445	-0.0849053
0.525	0.455	-0.0845463
0.525	0.465	-0.0848556
0.975	0.425	-0.086451
0.975	0.435	-0.0843931
0.975	0.445	-0.0822211
0.535	0.515	-0.0800111
0.985	0.455	-0.0878844
0.985	0.465	-0.0870609
0.985	0.475	-0.0863813
0.985	0.485	-0.0859299
0.985	0.495	-0.0857081
0.985	0.505	-0.0857588
0.525	0.475	-0.0859443
0.595	0.345	-0.0709757
0.585	0.355	-0.0713231
0.575	0.355	-0.0786455
0.565	0.365	-0.0801997
0.555	0.365	-0.0866274
0.555	0.375	-0.0824611
0.985	0.515	-0.0860732
0.985	0.525	-0.0867301
0.895	0.335	-0.0714326
0.985	0.535	-0.0875533
0.605	0.335	-0.0715305
0.975	0.565	-0.0841682
0.835	0.285	-0.0820812
0.845	0.285	-0.0847857
0.855	0.295	-0.0813407
0.865	0.295	-0.0847636
0.875	0.305	-0.0823209
0.885	0.305	-0.0860398
0.885	0.315	-0.0801737
0.895	0.325	-0.0786034
0.805	0.275	-0.0824969
0.815	0.275	-0.0842816
0.825	0.275	-0.0860321
0.755	0.265	-0.0850744
0.765	0.265	-0.0852867
0.775	0.265	-0.0857375
0.785	0.265	-0.0863856
0.795	0.265	-0.0871593
0.675	0.275	-0.0867983
0.685	0.275	-0.0849097
0.665	0.285	-0.0827216
0.695	0.275	-0.082976
0.655	0.285	-0.0856199
0.645	0.295	-0.0819773
0.635	0.295	-0.0856542
0.705	0.265	-0.0876373
0.715	0.265	-0.0867513
0.725	0.265	-0.0859818
0.735	0.265	-0.0854251
0.745	0.265	-0.0851188
0.525	0.525	-0.0880627
0.525	0.535	-0.0871247
0.525	0.545	-0.0865878
0.525	0.555	-0.0865097
0.525	0.565	-0.0871256
0.625	0.305	-0.083012
0.615	0.305	-0.0869239
0.615	0.315	-0.0806456
0.605	0.325	-0.078934
0.955	0.605	-0.0798917
0.985	0.545	-0.0884054
0.535	0.595	-0.0864832
0.975	0.575	-0.0862886
0.525	0.575	-0.0886013
0.965	0.595	-0.0846457
0.655	0.715	-0.0840016
0.845	0.715	-0.0856065
0.675	0.725	-0.0851737
0.825	0.725	-0.0860882
0.705	0.735	-0.0867788
0.715	0.735	-0.0858917
0.725	0.735	-0.0851427
0.735	0.735	-0.0845645
0.745	0.735	-0.0842143
0.755	0.735	-0.0840795
0.765	0.735	-0.0841573
0.775	0.735	-0.0845169
0.785	0.735	-0.0852732
0.795	0.735	-0.0865399
0.525	0.485	-0.0879194
0.535	0.495	-0.0822541
0.535	0.505	-0.0825264
0.985	0.555	-0.0894139
0.545	0.615	-0.0890273
0.555	0.625	-0.0837497
0.555	0.635	-0.0891751
0.565	0.645	-0.0872802
0.565	0.655	-0.0898935
0.575	0.655	-0.0880589
0.585	0.665	-0.0889031
0.595	0.665	-0.0852371
0.605	0.675	-0.0850419
0.615	0.685	-0.0851659
0.625	0.695	-0.0856695
0.945	0.625	-0.0824437
0.945	0.635	-0.0878618
0.935	0.645	-0.0847883
0.925	0.655	-0.0856482
0.935	0.655	-0.0888472
0.955	0.615	-0.0866138
0.905	0.665	-0.0833075
0.915	0.665	-0.0853963
0.895	0.675	-0.0843801
0.885	0.685	-0.0850996
0.875	0.695	-0.0860942
0.635	0.705	-0.0863608
0.865	0.705	-0.0874656
0.665	0.725	-0.088185
0.835	0.725	-0.0887348
0.695	0.735	-0.0882703
0.805	0.735	-0.0883144
0.525	0.585	-0.09
0.975	0.585	-0.09
0.535	0.605	-0.0899349
0.645	0.715	-0.09
0.855	0.715	-0.09
0.685	0.735	-0.09
0.815	0.735	-0.09
