0.345	0.715	-0.00890249
0.345	0.725	-0.00700318
0.345	0.735	-0.00572412
0.345	0.745	-0.00508062
0.345	0.755	-0.00508062
0.345	0.765	-0.00572412
0.345	0.775	-0.00700318
0.345	0.785	-0.00890249
0.355	0.685	-0.00890249
0.355	0.695	-0.00508062
0.355	0.705	-0.00182226
0.355	0.715	0.000835661
0.355	0.725	0.00286061
0.355	0.735	0.0042262
0.355	0.745	0.00491382
0.355	0.755	0.00491382
0.355	0.765	0.0042262
0.355	0.775	0.00286061
0.355	0.785	0.000835661
0.355	0.795	-0.00182226
0.355	0.805	-0.00508062
0.355	0.815	-0.00890249
0.365	0.675	-0.00443445
0.365	0.685	0.000166759
0.365	0.695	0.0042262
0.365	0.705	0.00769751
0.365	0.795	0.00769751
0.365	0.805	0.0042262
0.365	0.815	0.000166759
0.365	0.825	-0.00443445
0.375	0.655	-0.00700318
0.375	0.665	-0.00116216
0.375	0.675	0.0042262
0.375	0.825	0.0042262
0.375	0.835	-0.00116216
0.375	0.845	-0.00700318
0.385	0.645	-0.00572412
0.385	0.655	0.000835661
0.385	0.665	0.0069965
0.385	0.835	0.0069965
0.385	0.845	0.000835661
0.385	0.855	-0.00572412
0.395	0.635	-0.00572412
0.395	0.645	0.00150758
0.395	0.855	0.00150758
0.395	0.865	-0.00572412
0.405	0.625	-0.00700318
0.405	0.635	0.000835661
0.405	0.865	0.000835661
0.405	0.875	-0.00700318
0.415	0.625	-0.00116216
0.415	0.635	0.0069965
0.415	0.865	0.0069965
0.415	0.875	-0.00116216
0.425	0.615	-0.00443445
0.425	0.625	0.0042262
0.425	0.875	0.0042262
0.425	0.885	-0.00443445
0.435	0.605	-0.00890249
0.435	0.615	0.000166759
0.435	0.885	0.000166759
0.435	0.895	-0.00890249
0.445	0.605	-0.00508062
0.445	0.615	0.0042262
0.445	0.885	0.0042262
0.445	0.895	-0.00508062
0.455	0.605	-0.00182226
0.455	0.615	0.00769751
0.455	0.885	0.00769751
0.455	0.895	-0.00182226
0.465	0.595	-0.00890249
0.465	0.605	0.000835661
0.465	0.615	0.01
0.465	0.625	0.01
0.465	0.635	0.01
0.465	0.645	0.01
0.465	0.655	0.01
0.465	0.665	0.01
0.465	0.675	0.01
0.465	0.685	0.01
0.465	0.695	0.01
0.465	0.705	0.01
0.465	0.715	0.01
0.465	0.725	0.01
0.465	0.735	0.01
0.465	0.745	0.01
0.465	0.755	0.01
0.465	0.765	0.01
0.465	0.775	0.01
0.465	0.785	0.01
0.465	0.795	0.01
0.465	0.805	0.01
0.465	0.815	0.01
0.465	0.825	0.01
0.465	0.835	0.01
0.465	0.845	0.01
0.465	0.895	0.000835661
0.465	0.905	-0.00890249
0.475	0.605	-5.55112e-17
0.475	0.615	-5.55112e-17
0.475	0.625	-5.55112e-17
0.475	0.635	-5.55112e-17
0.475	0.645	-5.55112e-17
0.475	0.655	-5.55112e-17
0.475	0.665	-5.55112e-17
0.475	0.675	-5.55112e-17
0.475	0.685	-5.55112e-17
0.475	0.695	-5.55112e-17
0.475	0.705	-5.55112e-17
0.475	0.715	-5.55112e-17
0.475	0.725	-5.55112e-17
0.475	0.735	-5.55112e-17
0.475	0.745	-5.55112e-17
0.475	0.755	-5.55112e-17
0.475	0.765	-5.55112e-17
0.475	0.775	-5.55112e-17
0.475	0.785	-5.55112e-17
0.475	0.795	-5.55112e-17
0.475	0.805	-5.55112e-17
0.475	0.815	-5.55112e-17
0.475	0.825	-5.55112e-17
0.475	0.835	-5.55112e-17
0.475	0.845	-5.55112e-17
0.475	0.855	0.005
0.475	0.895	0.00286061
0.475	0.905	-0.00700318
0.485	0.845	-0.005
0.485	0.855	0.005
0.485	0.895	0.0042262
0.485	0.905	-0.00572412
0.495	0.845	-0.005
0.495	0.855	0.005
0.495	0.895	0.00491382
0.495	0.905	-0.00508062
0.505	0.845	-0.005
0.505	0.855	0.005
0.505	0.895	0.00491382
0.505	0.905	-0.00508062
0.515	0.605	-0.01
0.515	0.615	-0.01
0.515	0.625	-0.01
0.515	0.635	-0.01
0.515	0.645	-0.01
0.515	0.655	-0.01
0.515	0.665	-0.01
0.515	0.675	-0.01
0.515	0.685	-0.01
0.515	0.695	-0.01
0.515	0.705	-0.01
0.515	0.715	-0.01
0.515	0.725	-0.01
0.515	0.735	-0.01
0.515	0.745	-0.01
0.515	0.755	-0.01
0.515	0.765	-0.01
0.515	0.775	-0.01
0.515	0.785	-0.01
0.515	0.795	-0.01
0.515	0.805	-0.01
0.515	0.815	-0.01
0.515	0.825	-0.01
0.515	0.835	-0.01
0.515	0.845	-0.005
0.515	0.855	0.005
0.515	0.895	0.0042262
0.515	0.905	-0.00572412
0.525	0.595	-0.00709801
0.525	0.605	0
0.525	0.615	0
0.525	0.625	0
0.525	0.635	0
0.525	0.645	0
0.525	0.655	0
0.525	0.665	0
0.525	0.675	0
0.525	0.685	0
0.525	0.695	0
0.525	0.705	0
0.525	0.715	0
0.525	0.725	0
0.525	0.735	0
0.525	0.745	0
0.525	0.755	0
0.525	0.765	0
0.525	0.775	0
0.525	0.785	0
0.525	0.795	0
0.525	0.805	0
0.525	0.815	0
0.525	0.825	0
0.525	0.835	0
0.525	0.845	0
0.525	0.855	0.005
0.525	0.895	0.00286061
0.525	0.905	-0.00700318
0.535	0.595	-0.00890249
0.535	0.605	0.000835661
0.535	0.615	0.01
0.535	0.625	0.01
0.535	0.635	0.01
0.535	0.645	0.01
0.535	0.655	0.01
0.535	0.665	0.01
0.535	0.675	0.01
0.535	0.685	0.01
0.535	0.695	0.01
0.535	0.705	0.01
0.535	0.715	0.01
0.535	0.725	0.01
0.535	0.735	0.01
0.535	0.745	0.01
0.535	0.755	0.01
0.535	0.765	0.01
0.535	0.775	0.01
0.535	0.785	0.01
0.535	0.795	0.01
0.535	0.805	0.01
0.535	0.815	0.01
0.535	0.825	0.01
0.535	0.835	0.01
0.535	0.845	0.01
0.535	0.895	0.000835661
0.535	0.905	-0.00890249
0.545	0.605	-0.00182226
0.545	0.615	0.00769751
0.545	0.885	0.00769751
0.545	0.895	-0.00182226
0.555	0.605	-0.00508062
0.555	0.615	0.0042262
0.555	0.885	0.0042262
0.555	0.895	-0.00508062
0.565	0.605	-0.00890249
0.565	0.615	0.000166759
0.565	0.885	0.000166759
0.565	0.895	-0.00890249
0.575	0.615	-0.00443445
0.575	0.625	0.0042262
0.575	0.875	0.0042262
0.575	0.885	-0.00443445
0.585	0.625	-0.00116216
0.585	0.635	0.0069965
0.585	0.865	0.0069965
0.585	0.875	-0.00116216
0.595	0.625	-0.00700318
0.595	0.635	0.000835661
0.595	0.865	0.000835661
0.595	0.875	-0.00700318
0.605	0.635	-0.00572412
0.605	0.645	0.00150758
0.605	0.855	0.00150758
0.605	0.865	-0.00572412
0.615	0.645	-0.00572412
0.615	0.655	0.000835661
0.615	0.665	0.0069965
0.615	0.835	0.0069965
0.615	0.845	0.000835661
0.615	0.855	-0.00572412
0.625	0.655	-0.00700318
0.625	0.665	-0.00116216
0.625	0.675	0.0042262
0.625	0.825	0.0042262
0.625	0.835	-0.00116216
0.625	0.845	-0.00700318
0.635	0.675	-0.00443445
0.635	0.685	0.000166759
0.635	0.695	0.0042262
0.635	0.705	0.00769751
0.635	0.795	0.00769751
0.635	0.805	0.0042262
0.635	0.815	0.000166759
0.635	0.825	-0.00443445
0.645	0.685	-0.00890249
0.645	0.695	-0.00508062
0.645	0.705	-0.00182226
0.645	0.715	0.000835661
0.645	0.725	0.00286061
0.645	0.735	0.0042262
0.645	0.745	0.00491382
0.645	0.755	0.00491382
0.645	0.765	0.0042262
0.645	0.775	0.00286061
0.645	0.785	0.000835661
0.645	0.795	-0.00182226
0.645	0.805	-0.00508062
0.645	0.815	-0.00890249
0.655	0.715	-0.00890249
0.655	0.725	-0.00700318
0.655	0.735	-0.00572412
0.655	0.745	-0.00508062
0.655	0.755	-0.00508062
0.655	0.765	-0.00572412
0.655	0.775	-0.00700318
0.655	0.785	-0.00890249
0.335	0.705	-0.0210263
0.345	0.705	-0.0114001
0.335	0.715	-0.0186713
0.335	0.725	-0.0168832
0.335	0.735	-0.0156804
0.335	0.745	-0.0150757
0.335	0.755	-0.0150757
0.335	0.765	-0.0156804
0.335	0.775	-0.0168832
0.335	0.785	-0.0186713
0.335	0.795	-0.0210263
0.345	0.795	-0.0114001
0.345	0.675	-0.0221918
0.355	0.675	-0.0132483
0.345	0.685	-0.0180774
0.345	0.695	-0.0144688
0.365	0.715	0.0105367
0.365	0.725	0.0127047
0.365	0.735	0.0141692
0.365	0.745	0.0149074
0.365	0.755	0.0149074
0.365	0.765	0.0141692
0.365	0.775	0.0127047
0.365	0.785	0.0105367
0.345	0.805	-0.0144688
0.345	0.815	-0.0180774
0.345	0.825	-0.0221918
0.355	0.825	-0.0132483
0.355	0.665	-0.0180774
0.365	0.665	-0.00953056
0.375	0.685	0.00910997
0.375	0.695	0.013435
0.375	0.705	0.0171467
0.375	0.715	0.0201925
0.375	0.785	0.0201925
0.375	0.795	0.0171467
0.375	0.805	0.013435
0.375	0.815	0.00910997
0.355	0.835	-0.0180774
0.365	0.835	-0.00953056
0.365	0.645	-0.0210263
0.375	0.645	-0.0132483
0.365	0.655	-0.0150757
0.385	0.675	0.0127047
0.385	0.685	0.0179016
0.385	0.815	0.0179016
0.385	0.825	0.0127047
0.365	0.845	-0.0150757
0.365	0.855	-0.0210263
0.375	0.855	-0.0132483
0.375	0.635	-0.0198529
0.385	0.635	-0.0126346
0.395	0.655	0.00840198
0.395	0.665	0.0149074
0.395	0.675	0.0209651
0.395	0.825	0.0209651
0.395	0.835	0.0149074
0.395	0.845	0.00840198
0.375	0.865	-0.0198529
0.385	0.865	-0.0126346
0.385	0.625	-0.0198529
0.395	0.625	-0.0132483
0.405	0.645	0.00840198
0.405	0.655	0.0156497
0.405	0.845	0.0156497
0.405	0.855	0.00840198
0.385	0.875	-0.0198529
0.395	0.875	-0.0132483
0.395	0.615	-0.0210263
0.405	0.615	-0.0150757
0.415	0.615	-0.00953056
0.415	0.645	0.0149074
0.415	0.855	0.0149074
0.395	0.885	-0.0210263
0.405	0.885	-0.0150757
0.415	0.885	-0.00953056
0.425	0.635	0.0127047
0.425	0.645	0.0209651
0.425	0.855	0.0209651
0.425	0.865	0.0127047
0.415	0.605	-0.0180774
0.425	0.605	-0.0132483
0.435	0.625	0.00910997
0.435	0.635	0.0179016
0.435	0.865	0.0179016
0.435	0.875	0.00910997
0.415	0.895	-0.0180774
0.425	0.895	-0.0132483
0.425	0.595	-0.0221918
0.435	0.595	-0.0180774
0.445	0.595	-0.0144688
0.445	0.625	0.013435
0.445	0.875	0.013435
0.425	0.905	-0.0221918
0.435	0.905	-0.0180774
0.445	0.905	-0.0144688
0.455	0.595	-0.0114001
0.455	0.625	0.0171467
0.455	0.875	0.0171467
0.455	0.905	-0.0114001
0.465	0.875	0.0201925
0.465	0.885	0.0105367
0.455	0.585	-0.0210263
0.465	0.585	-0.0186713
0.475	0.585	-0.017098
0.475	0.595	-0.00709801
0.455	0.635	0.02
0.455	0.645	0.02
0.455	0.655	0.02
0.455	0.665	0.02
0.455	0.675	0.02
0.455	0.685	0.02
0.455	0.695	0.02
0.455	0.705	0.02
0.455	0.715	0.02
0.455	0.725	0.02
0.455	0.735	0.02
0.455	0.745	0.02
0.455	0.755	0.02
0.455	0.765	0.02
0.455	0.775	0.02
0.455	0.785	0.02
0.455	0.795	0.02
0.455	0.805	0.02
0.455	0.815	0.02
0.455	0.825	0.02
0.455	0.835	0.02
0.455	0.845	0.02
0.455	0.855	0.0206155
0.465	0.855	0.0111803
0.475	0.885	0.0127047
0.455	0.915	-0.0210263
0.465	0.915	-0.0186713
0.475	0.915	-0.0168832
0.485	0.595	-0.012263
0.485	0.605	-0.01
0.485	0.615	-0.01
0.485	0.625	-0.01
0.485	0.635	-0.01
0.485	0.645	-0.01
0.485	0.655	-0.01
0.485	0.665	-0.01
0.485	0.675	-0.01
0.485	0.685	-0.01
0.485	0.695	-0.01
0.485	0.705	-0.01
0.485	0.715	-0.01
0.485	0.725	-0.01
0.485	0.735	-0.01
0.485	0.745	-0.01
0.485	0.755	-0.01
0.485	0.765	-0.01
0.485	0.775	-0.01
0.485	0.785	-0.01
0.485	0.795	-0.01
0.485	0.805	-0.01
0.485	0.815	-0.01
0.485	0.825	-0.01
0.485	0.835	-0.01
0.465	0.865	0.0180278
0.475	0.865	0.015
0.485	0.865	0.015
0.485	0.885	0.0141692
0.485	0.915	-0.0156804
0.495	0.835	-0.015
0.495	0.865	0.015
0.495	0.885	0.0149074
0.495	0.915	-0.0150757
0.505	0.835	-0.015
0.505	0.865	0.015
0.505	0.885	0.0149074
0.505	0.915	-0.0150757
0.515	0.865	0.015
0.515	0.885	0.0141692
0.515	0.915	-0.0156804
0.505	0.595	-0.0212222
0.515	0.595	-0.012263
0.505	0.605	-0.02
0.505	0.615	-0.02
0.505	0.625	-0.02
0.505	0.635	-0.02
0.505	0.645	-0.02
0.505	0.655	-0.02
0.505	0.665	-0.02
0.505	0.675	-0.02
0.505	0.685	-0.02
0.505	0.695	-0.02
0.505	0.705	-0.02
0.505	0.715	-0.02
0.505	0.725	-0.02
0.505	0.735	-0.02
0.505	0.745	-0.02
0.505	0.755	-0.02
0.505	0.765	-0.02
0.505	0.775	-0.02
0.505	0.785	-0.02
0.505	0.795	-0.02
0.505	0.805	-0.02
0.505	0.815	-0.02
0.505	0.825	-0.02
0.525	0.865	0.015
0.525	0.885	0.0127047
0.525	0.915	-0.0168832
0.515	0.585	-0.0198076
0.525	0.585	-0.017098
0.535	0.585	-0.0186713
0.535	0.855	0.0111803
0.535	0.865	0.0180278
0.535	0.885	0.0105367
0.535	0.915	-0.0186713
0.545	0.585	-0.0210263
0.545	0.595	-0.0114001
0.545	0.625	0.0171467
0.545	0.635	0.02
0.545	0.645	0.02
0.545	0.655	0.02
0.545	0.665	0.02
0.545	0.675	0.02
0.545	0.685	0.02
0.545	0.695	0.02
0.545	0.705	0.02
0.545	0.715	0.02
0.545	0.725	0.02
0.545	0.735	0.02
0.545	0.745	0.02
0.545	0.755	0.02
0.545	0.765	0.02
0.545	0.775	0.02
0.545	0.785	0.02
0.545	0.795	0.02
0.545	0.805	0.02
0.545	0.815	0.02
0.545	0.825	0.02
0.545	0.835	0.02
0.545	0.845	0.02
0.545	0.855	0.0206155
0.545	0.905	-0.0114001
0.545	0.915	-0.0210263
0.555	0.595	-0.0144688
0.555	0.625	0.013435
0.535	0.875	0.0201925
0.545	0.875	0.0171467
0.555	0.875	0.013435
0.555	0.905	-0.0144688
0.565	0.595	-0.0180774
0.565	0.625	0.00910997
0.565	0.875	0.00910997
0.565	0.905	-0.0180774
0.575	0.595	-0.0221918
0.575	0.605	-0.0132483
0.575	0.895	-0.0132483
0.575	0.905	-0.0221918
0.585	0.605	-0.0180774
0.585	0.615	-0.00953056
0.565	0.635	0.0179016
0.575	0.635	0.0127047
0.565	0.865	0.0179016
0.575	0.865	0.0127047
0.585	0.885	-0.00953056
0.585	0.895	-0.0180774
0.595	0.615	-0.0150757
0.575	0.645	0.0209651
0.585	0.645	0.0149074
0.595	0.645	0.00840198
0.575	0.855	0.0209651
0.585	0.855	0.0149074
0.595	0.855	0.00840198
0.595	0.885	-0.0150757
0.605	0.615	-0.0210263
0.605	0.625	-0.0132483
0.605	0.875	-0.0132483
0.605	0.885	-0.0210263
0.615	0.625	-0.0198529
0.615	0.635	-0.0126346
0.595	0.655	0.0156497
0.605	0.655	0.00840198
0.595	0.845	0.0156497
0.605	0.845	0.00840198
0.615	0.865	-0.0126346
0.615	0.875	-0.0198529
0.625	0.635	-0.0198529
0.625	0.645	-0.0132483
0.605	0.665	0.0149074
0.605	0.675	0.0209651
0.615	0.675	0.0127047
0.605	0.825	0.0209651
0.615	0.825	0.0127047
0.605	0.835	0.0149074
0.625	0.855	-0.0132483
0.625	0.865	-0.0198529
0.635	0.645	-0.0210263
0.635	0.655	-0.0150757
0.635	0.665	-0.00953056
0.615	0.685	0.0179016
0.625	0.685	0.00910997
0.615	0.815	0.0179016
0.625	0.815	0.00910997
0.635	0.835	-0.00953056
0.635	0.845	-0.0150757
0.635	0.855	-0.0210263
0.645	0.665	-0.0180774
0.645	0.675	-0.0132483
0.625	0.695	0.013435
0.625	0.705	0.0171467
0.625	0.715	0.0201925
0.635	0.715	0.0105367
0.625	0.785	0.0201925
0.635	0.785	0.0105367
0.625	0.795	0.0171467
0.625	0.805	0.013435
0.645	0.825	-0.0132483
0.645	0.835	-0.0180774
0.655	0.675	-0.0221918
0.655	0.685	-0.0180774
0.655	0.695	-0.0144688
0.655	0.705	-0.0114001
0.635	0.725	0.0127047
0.635	0.735	0.0141692
0.635	0.745	0.0149074
0.635	0.755	0.0149074
0.635	0.765	0.0141692
0.635	0.775	0.0127047
0.655	0.795	-0.0114001
0.655	0.805	-0.0144688
0.655	0.815	-0.0180774
0.655	0.825	-0.0221918
0.665	0.705	-0.0210263
0.665	0.715	-0.0186713
0.665	0.725	-0.0168832
0.665	0.735	-0.0156804
0.665	0.745	-0.0150757
0.665	0.755	-0.0150757
0.665	0.765	-0.0156804
0.665	0.775	-0.0168832
0.665	0.785	-0.0186713
0.665	0.795	-0.0210263
0.335	0.695	-0.0239253
0.325	0.705	-0.0306931
0.325	0.715	-0.0284657
0.325	0.725	-0.0267767
0.325	0.735	-0.0256417
0.325	0.745	-0.0250714
0.325	0.755	-0.0250714
0.325	0.765	-0.0256417
0.325	0.775	-0.0267767
0.325	0.785	-0.0284657
0.325	0.795	-0.0306931
0.335	0.805	-0.0239253
0.345	0.665	-0.0267767
0.335	0.675	-0.0312457
0.335	0.685	-0.0273415
0.375	0.725	0.0225245
0.375	0.735	0.0241032
0.375	0.745	0.0249
0.375	0.755	0.0249
0.375	0.765	0.0241032
0.375	0.775	0.0225245
0.335	0.815	-0.0273415
0.335	0.825	-0.0312457
0.345	0.835	-0.0267767
0.355	0.655	-0.0233494
0.385	0.695	0.0225245
0.385	0.705	0.0265091
0.385	0.715	0.0297918
0.385	0.785	0.0297918
0.385	0.795	0.0265091
0.385	0.805	0.0225245
0.355	0.845	-0.0233494
0.365	0.635	-0.0273415
0.355	0.645	-0.0290251
0.395	0.685	0.0265091
0.395	0.815	0.0265091
0.355	0.855	-0.0290251
0.365	0.865	-0.0273415
0.375	0.625	-0.0267767
0.405	0.665	0.0225245
0.405	0.675	0.0289628
0.405	0.825	0.0289628
0.405	0.835	0.0225245
0.375	0.875	-0.0267767
0.385	0.615	-0.0273415
0.415	0.655	0.0225245
0.415	0.845	0.0225245
0.385	0.885	-0.0273415
0.395	0.605	-0.0290251
0.405	0.605	-0.0233494
0.395	0.895	-0.0290251
0.405	0.895	-0.0233494
0.435	0.645	0.0265091
0.425	0.655	0.0289628
0.425	0.845	0.0289628
0.435	0.855	0.0265091
0.415	0.595	-0.0267767
0.445	0.635	0.0225245
0.445	0.865	0.0225245
0.415	0.905	-0.0267767
0.425	0.585	-0.0312457
0.435	0.585	-0.0273415
0.445	0.585	-0.0239253
0.425	0.915	-0.0312457
0.435	0.915	-0.0273415
0.445	0.915	-0.0239253
0.455	0.865	0.025
0.475	0.875	0.0225245
0.455	0.575	-0.0306931
0.465	0.575	-0.0284657
0.475	0.575	-0.027098
0.485	0.585	-0.0198076
0.445	0.645	0.03
0.445	0.655	0.03
0.445	0.665	0.03
0.445	0.675	0.03
0.445	0.685	0.03
0.445	0.695	0.03
0.445	0.705	0.03
0.445	0.715	0.03
0.445	0.725	0.03
0.445	0.735	0.03
0.445	0.745	0.03
0.445	0.755	0.03
0.445	0.765	0.03
0.445	0.775	0.03
0.445	0.785	0.03
0.445	0.795	0.03
0.445	0.805	0.03
0.445	0.815	0.03
0.445	0.825	0.03
0.445	0.835	0.03
0.445	0.845	0.03
0.445	0.855	0.0304138
0.455	0.925	-0.0306931
0.465	0.925	-0.0284657
0.475	0.925	-0.0267767
0.495	0.595	-0.0212222
0.495	0.605	-0.02
0.495	0.615	-0.02
0.495	0.625	-0.02
0.495	0.635	-0.02
0.495	0.645	-0.02
0.495	0.655	-0.02
0.495	0.665	-0.02
0.495	0.675	-0.02
0.495	0.685	-0.02
0.495	0.695	-0.02
0.495	0.705	-0.02
0.495	0.715	-0.02
0.495	0.725	-0.02
0.495	0.735	-0.02
0.495	0.745	-0.02
0.495	0.755	-0.02
0.495	0.765	-0.02
0.495	0.775	-0.02
0.495	0.785	-0.02
0.495	0.795	-0.02
0.495	0.805	-0.02
0.495	0.815	-0.02
0.495	0.825	-0.02
0.485	0.875	0.0241032
0.485	0.925	-0.0256417
0.495	0.875	0.0249
0.495	0.925	-0.0250714
0.505	0.875	0.0249
0.505	0.925	-0.0250714
0.515	0.875	0.0241032
0.515	0.925	-0.0256417
0.505	0.585	-0.0263124
0.525	0.875	0.0225245
0.525	0.925	-0.0267767
0.515	0.575	-0.0288843
0.525	0.575	-0.027098
0.535	0.575	-0.0284657
0.545	0.865	0.025
0.535	0.925	-0.0284657
0.545	0.575	-0.0306931
0.555	0.585	-0.0239253
0.555	0.635	0.0225245
0.555	0.645	0.03
0.555	0.655	0.03
0.555	0.665	0.03
0.555	0.675	0.03
0.555	0.685	0.03
0.555	0.695	0.03
0.555	0.705	0.03
0.555	0.715	0.03
0.555	0.725	0.03
0.555	0.735	0.03
0.555	0.745	0.03
0.555	0.755	0.03
0.555	0.765	0.03
0.555	0.775	0.03
0.555	0.785	0.03
0.555	0.795	0.03
0.555	0.805	0.03
0.555	0.815	0.03
0.555	0.825	0.03
0.555	0.835	0.03
0.555	0.845	0.03
0.555	0.855	0.0304138
0.555	0.915	-0.0239253
0.545	0.925	-0.0306931
0.555	0.865	0.0225245
0.565	0.585	-0.0273415
0.565	0.915	-0.0273415
0.575	0.585	-0.0312457
0.585	0.595	-0.0267767
0.585	0.905	-0.0267767
0.575	0.915	-0.0312457
0.595	0.605	-0.0233494
0.565	0.645	0.0265091
0.565	0.855	0.0265091
0.595	0.895	-0.0233494
0.575	0.655	0.0289628
0.585	0.655	0.0225245
0.575	0.845	0.0289628
0.585	0.845	0.0225245
0.605	0.605	-0.0290251
0.615	0.615	-0.0273415
0.615	0.885	-0.0273415
0.605	0.895	-0.0290251
0.625	0.625	-0.0267767
0.595	0.665	0.0225245
0.595	0.835	0.0225245
0.625	0.875	-0.0267767
0.635	0.635	-0.0273415
0.595	0.675	0.0289628
0.605	0.685	0.0265091
0.605	0.815	0.0265091
0.595	0.825	0.0289628
0.635	0.865	-0.0273415
0.645	0.645	-0.0290251
0.645	0.655	-0.0233494
0.615	0.695	0.0225245
0.615	0.805	0.0225245
0.645	0.845	-0.0233494
0.645	0.855	-0.0290251
0.655	0.665	-0.0267767
0.615	0.705	0.0265091
0.615	0.715	0.0297918
0.625	0.725	0.0225245
0.625	0.775	0.0225245
0.615	0.785	0.0297918
0.615	0.795	0.0265091
0.655	0.835	-0.0267767
0.665	0.675	-0.0312457
0.665	0.685	-0.0273415
0.665	0.695	-0.0239253
0.625	0.735	0.0241032
0.625	0.745	0.0249
0.625	0.755	0.0249
0.625	0.765	0.0241032
0.665	0.805	-0.0239253
0.665	0.815	-0.0273415
0.665	0.825	-0.0312457
0.675	0.705	-0.0306931
0.675	0.715	-0.0284657
0.675	0.725	-0.0267767
0.675	0.735	-0.0256417
0.675	0.745	-0.0250714
0.675	0.755	-0.0250714
0.675	0.765	-0.0256417
0.675	0.775	-0.0267767
0.675	0.785	-0.0284657
0.675	0.795	-0.0306931
0.325	0.695	-0.0334394
0.315	0.705	-0.0403943
0.315	0.715	-0.0382817
0.315	0.725	-0.0366815
0.315	0.735	-0.0356071
0.315	0.745	-0.0350676
0.315	0.755	-0.0350676
0.315	0.765	-0.0356071
0.315	0.775	-0.0366815
0.315	0.785	-0.0382817
0.315	0.795	-0.0403943
0.325	0.805	-0.0334394
0.345	0.655	-0.0317966
0.335	0.665	-0.0356071
0.325	0.675	-0.0403943
0.325	0.685	-0.0366815
0.385	0.725	0.032314
0.385	0.735	0.0340259
0.385	0.745	0.0348914
0.385	0.755	0.0348914
0.385	0.765	0.0340259
0.385	0.775	0.032314
0.325	0.815	-0.0366815
0.325	0.825	-0.0403943
0.335	0.835	-0.0356071
0.345	0.845	-0.0317966
0.395	0.695	0.0314673
0.395	0.705	0.0357634
0.395	0.715	0.0393203
0.395	0.785	0.0393203
0.395	0.795	0.0357634
0.395	0.805	0.0314673
0.365	0.625	-0.0339837
0.355	0.635	-0.0350676
0.345	0.645	-0.0372165
0.405	0.685	0.0348914
0.405	0.815	0.0348914
0.345	0.855	-0.0372165
0.355	0.865	-0.0350676
0.365	0.875	-0.0339837
0.375	0.615	-0.0339837
0.415	0.665	0.0297918
0.415	0.675	0.0366422
0.415	0.825	0.0366422
0.415	0.835	0.0297918
0.375	0.885	-0.0339837
0.385	0.605	-0.0350676
0.385	0.895	-0.0350676
0.395	0.595	-0.0372165
0.405	0.595	-0.0317966
0.395	0.905	-0.0372165
0.405	0.905	-0.0317966
0.435	0.655	0.0348914
0.425	0.665	0.0366422
0.425	0.835	0.0366422
0.435	0.845	0.0348914
0.415	0.585	-0.0356071
0.415	0.915	-0.0356071
0.425	0.575	-0.0403943
0.435	0.575	-0.0366815
0.445	0.575	-0.0334394
0.425	0.925	-0.0403943
0.435	0.925	-0.0366815
0.445	0.925	-0.0334394
0.455	0.565	-0.0403943
0.465	0.565	-0.0382817
0.475	0.565	-0.037098
0.485	0.575	-0.0288843
0.495	0.585	-0.0263124
0.435	0.665	0.04
0.435	0.675	0.04
0.435	0.685	0.04
0.435	0.695	0.04
0.435	0.705	0.04
0.435	0.715	0.04
0.435	0.725	0.04
0.435	0.735	0.04
0.435	0.745	0.04
0.435	0.755	0.04
0.435	0.765	0.04
0.435	0.775	0.04
0.435	0.785	0.04
0.435	0.795	0.04
0.435	0.805	0.04
0.435	0.815	0.04
0.435	0.825	0.04
0.435	0.835	0.04
0.455	0.935	-0.0403943
0.465	0.935	-0.0382817
0.475	0.935	-0.0366815
0.485	0.935	-0.0356071
0.495	0.935	-0.0350676
0.505	0.935	-0.0350676
0.515	0.935	-0.0356071
0.505	0.575	-0.0336794
0.525	0.935	-0.0366815
0.515	0.565	-0.0384222
0.525	0.565	-0.037098
0.535	0.565	-0.0382817
0.535	0.935	-0.0382817
0.545	0.565	-0.0403943
0.555	0.575	-0.0334394
0.565	0.655	0.0348914
0.565	0.665	0.04
0.565	0.675	0.04
0.565	0.685	0.04
0.565	0.695	0.04
0.565	0.705	0.04
0.565	0.715	0.04
0.565	0.725	0.04
0.565	0.735	0.04
0.565	0.745	0.04
0.565	0.755	0.04
0.565	0.765	0.04
0.565	0.775	0.04
0.565	0.785	0.04
0.565	0.795	0.04
0.565	0.805	0.04
0.565	0.815	0.04
0.565	0.825	0.04
0.565	0.835	0.04
0.565	0.845	0.0348914
0.555	0.925	-0.0334394
0.545	0.935	-0.0403943
0.565	0.575	-0.0366815
0.565	0.925	-0.0366815
0.575	0.575	-0.0403943
0.585	0.585	-0.0356071
0.595	0.595	-0.0317966
0.595	0.905	-0.0317966
0.585	0.915	-0.0356071
0.575	0.925	-0.0403943
0.575	0.665	0.0366422
0.585	0.665	0.0297918
0.575	0.835	0.0366422
0.585	0.835	0.0297918
0.605	0.595	-0.0372165
0.615	0.605	-0.0350676
0.625	0.615	-0.0339837
0.625	0.885	-0.0339837
0.615	0.895	-0.0350676
0.605	0.905	-0.0372165
0.635	0.625	-0.0339837
0.635	0.875	-0.0339837
0.645	0.635	-0.0350676
0.585	0.675	0.0366422
0.595	0.685	0.0348914
0.605	0.695	0.0314673
0.605	0.805	0.0314673
0.595	0.815	0.0348914
0.585	0.825	0.0366422
0.645	0.865	-0.0350676
0.655	0.645	-0.0372165
0.655	0.655	-0.0317966
0.655	0.845	-0.0317966
0.655	0.855	-0.0372165
0.665	0.665	-0.0356071
0.605	0.705	0.0357634
0.605	0.715	0.0393203
0.615	0.725	0.032314
0.615	0.775	0.032314
0.605	0.785	0.0393203
0.605	0.795	0.0357634
0.665	0.835	-0.0356071
0.675	0.675	-0.0403943
0.675	0.685	-0.0366815
0.675	0.695	-0.0334394
0.615	0.735	0.0340259
0.615	0.745	0.0348914
0.615	0.755	0.0348914
0.615	0.765	0.0340259
0.675	0.805	-0.0334394
0.675	0.815	-0.0366815
0.675	0.825	-0.0403943
0.685	0.705	-0.0403943
0.685	0.715	-0.0382817
0.685	0.725	-0.0366815
0.685	0.735	-0.0356071
0.685	0.745	-0.0350676
0.685	0.755	-0.0350676
0.685	0.765	-0.0356071
0.685	0.775	-0.0366815
0.685	0.785	-0.0382817
0.685	0.795	-0.0403943
0.315	0.685	-0.0460867
0.315	0.695	-0.0430026
0.305	0.695	-0.052608
0.305	0.705	-0.050125
0.305	0.715	-0.0481161
0.305	0.725	-0.046596
0.305	0.735	-0.0455761
0.305	0.745	-0.0450641
0.305	0.755	-0.0450641
0.305	0.765	-0.0455761
0.305	0.775	-0.046596
0.305	0.785	-0.0481161
0.305	0.795	-0.050125
0.305	0.805	-0.052608
0.315	0.805	-0.0430026
0.315	0.815	-0.0460867
0.335	0.645	-0.0455761
0.335	0.655	-0.0403943
0.325	0.655	-0.0491231
0.325	0.665	-0.0445508
0.315	0.665	-0.0535927
0.315	0.675	-0.0496246
0.395	0.725	0.0420648
0.395	0.735	0.043934
0.395	0.745	0.044881
0.395	0.755	0.044881
0.395	0.765	0.043934
0.395	0.775	0.0420648
0.315	0.825	-0.0496246
0.315	0.835	-0.0535927
0.325	0.835	-0.0445508
0.325	0.845	-0.0491231
0.335	0.845	-0.0403943
0.335	0.855	-0.0455761
0.405	0.695	0.0402275
0.405	0.705	0.044881
0.405	0.715	0.0487577
0.405	0.725	0.0517656
0.405	0.775	0.0517656
0.405	0.785	0.0487577
0.405	0.795	0.044881
0.405	0.805	0.0402275
0.355	0.615	-0.0481161
0.365	0.615	-0.0409188
0.355	0.625	-0.0414419
0.345	0.625	-0.0491231
0.345	0.635	-0.0430026
0.335	0.635	-0.0511219
0.415	0.685	0.0429953
0.415	0.695	0.0487577
0.415	0.805	0.0487577
0.415	0.815	0.0429953
0.335	0.865	-0.0511219
0.345	0.865	-0.0430026
0.345	0.875	-0.0491231
0.355	0.875	-0.0414419
0.355	0.885	-0.0481161
0.365	0.885	-0.0409188
0.365	0.605	-0.0481161
0.375	0.605	-0.0414419
0.425	0.675	0.043934
0.425	0.685	0.05
0.425	0.815	0.05
0.425	0.825	0.043934
0.365	0.895	-0.0481161
0.375	0.895	-0.0414419
0.375	0.595	-0.0491231
0.385	0.595	-0.0430026
0.375	0.905	-0.0491231
0.385	0.905	-0.0430026
0.385	0.585	-0.0511219
0.395	0.585	-0.0455761
0.405	0.585	-0.0403943
0.385	0.915	-0.0511219
0.395	0.915	-0.0455761
0.405	0.915	-0.0403943
0.405	0.575	-0.0491231
0.415	0.575	-0.0445508
0.405	0.925	-0.0491231
0.415	0.925	-0.0445508
0.415	0.565	-0.0535927
0.425	0.565	-0.0496246
0.435	0.565	-0.0460867
0.445	0.565	-0.0430026
0.415	0.935	-0.0535927
0.425	0.935	-0.0496246
0.435	0.935	-0.0460867
0.445	0.935	-0.0430026
0.445	0.555	-0.052608
0.455	0.555	-0.050125
0.465	0.555	-0.0481161
0.475	0.555	-0.047098
0.485	0.555	-0.0481479
0.485	0.565	-0.0384222
0.495	0.565	-0.0421457
0.495	0.575	-0.0336794
0.425	0.695	0.05
0.425	0.705	0.05
0.425	0.715	0.05
0.425	0.725	0.05
0.425	0.735	0.05
0.425	0.745	0.05
0.425	0.755	0.05
0.425	0.765	0.05
0.425	0.775	0.05
0.425	0.785	0.05
0.425	0.795	0.05
0.425	0.805	0.05
0.445	0.945	-0.052608
0.455	0.945	-0.050125
0.465	0.945	-0.0481161
0.475	0.945	-0.046596
0.485	0.945	-0.0455761
0.495	0.945	-0.0450641
0.505	0.945	-0.0450641
0.515	0.945	-0.0455761
0.525	0.945	-0.046596
0.505	0.565	-0.0421457
0.535	0.945	-0.0481161
0.505	0.555	-0.0511686
0.515	0.555	-0.0481479
0.525	0.555	-0.047098
0.535	0.555	-0.0481161
0.545	0.555	-0.050125
0.545	0.945	-0.050125
0.555	0.555	-0.052608
0.555	0.565	-0.0430026
0.565	0.565	-0.0460867
0.575	0.675	0.043934
0.575	0.685	0.05
0.575	0.695	0.05
0.575	0.705	0.05
0.575	0.715	0.05
0.575	0.725	0.05
0.575	0.735	0.05
0.575	0.745	0.05
0.575	0.755	0.05
0.575	0.765	0.05
0.575	0.775	0.05
0.575	0.785	0.05
0.575	0.795	0.05
0.575	0.805	0.05
0.575	0.815	0.05
0.575	0.825	0.043934
0.555	0.935	-0.0430026
0.565	0.935	-0.0460867
0.555	0.945	-0.052608
0.575	0.565	-0.0496246
0.575	0.935	-0.0496246
0.585	0.565	-0.0535927
0.585	0.575	-0.0445508
0.595	0.575	-0.0491231
0.595	0.585	-0.0403943
0.605	0.585	-0.0455761
0.595	0.915	-0.0403943
0.605	0.915	-0.0455761
0.585	0.925	-0.0445508
0.595	0.925	-0.0491231
0.585	0.935	-0.0535927
0.615	0.585	-0.0511219
0.615	0.595	-0.0430026
0.625	0.595	-0.0491231
0.625	0.605	-0.0414419
0.635	0.605	-0.0481161
0.635	0.615	-0.0409188
0.635	0.885	-0.0409188
0.625	0.895	-0.0414419
0.635	0.895	-0.0481161
0.615	0.905	-0.0430026
0.625	0.905	-0.0491231
0.615	0.915	-0.0511219
0.645	0.615	-0.0481161
0.645	0.625	-0.0414419
0.645	0.875	-0.0414419
0.645	0.885	-0.0481161
0.655	0.625	-0.0491231
0.655	0.635	-0.0430026
0.585	0.685	0.0429953
0.585	0.695	0.0487577
0.595	0.695	0.0402275
0.595	0.705	0.044881
0.595	0.795	0.044881
0.595	0.805	0.0402275
0.585	0.805	0.0487577
0.585	0.815	0.0429953
0.655	0.865	-0.0430026
0.655	0.875	-0.0491231
0.665	0.635	-0.0511219
0.665	0.645	-0.0455761
0.665	0.655	-0.0403943
0.665	0.845	-0.0403943
0.665	0.855	-0.0455761
0.665	0.865	-0.0511219
0.675	0.655	-0.0491231
0.675	0.665	-0.0445508
0.595	0.715	0.0487577
0.595	0.725	0.0517656
0.605	0.725	0.0420648
0.605	0.735	0.043934
0.605	0.765	0.043934
0.605	0.775	0.0420648
0.595	0.775	0.0517656
0.595	0.785	0.0487577
0.675	0.835	-0.0445508
0.675	0.845	-0.0491231
0.685	0.665	-0.0535927
0.685	0.675	-0.0496246
0.685	0.685	-0.0460867
0.685	0.695	-0.0430026
0.605	0.745	0.044881
0.605	0.755	0.044881
0.685	0.805	-0.0430026
0.685	0.815	-0.0460867
0.685	0.825	-0.0496246
0.685	0.835	-0.0535927
0.695	0.695	-0.052608
0.695	0.705	-0.050125
0.695	0.715	-0.0481161
0.695	0.725	-0.046596
0.695	0.735	-0.0455761
0.695	0.745	-0.0450641
0.695	0.755	-0.0450641
0.695	0.765	-0.0455761
0.695	0.775	-0.046596
0.695	0.785	-0.0481161
0.695	0.795	-0.050125
0.695	0.805	-0.052608
0.305	0.685	-0.055548
0.295	0.695	-0.0622499
0.295	0.705	-0.0598809
0.295	0.715	-0.0579663
0.295	0.725	-0.0565188
0.295	0.735	-0.055548
0.295	0.745	-0.055061
0.295	0.755	-0.055061
0.295	0.765	-0.055548
0.295	0.775	-0.0565188
0.295	0.785	-0.0579663
0.295	0.795	-0.0598809
0.295	0.805	-0.0622499
0.305	0.815	-0.055548
0.325	0.645	-0.0540833
0.315	0.655	-0.0579663
0.305	0.665	-0.0627205
0.305	0.675	-0.0589258
0.405	0.735	0.0538231
0.405	0.745	0.0548685
0.405	0.755	0.0548685
0.405	0.765	0.0538231
0.305	0.825	-0.0589258
0.305	0.835	-0.0627205
0.315	0.845	-0.0579663
0.325	0.855	-0.0540833
0.415	0.705	0.0538231
0.415	0.715	0.0580761
0.415	0.725	0.06
0.415	0.775	0.06
0.415	0.785	0.0580761
0.415	0.795	0.0538231
0.355	0.605	-0.055061
0.345	0.615	-0.055548
0.335	0.625	-0.0570024
0.325	0.635	-0.0594039
0.325	0.865	-0.0594039
0.335	0.875	-0.0570024
0.345	0.885	-0.055548
0.355	0.895	-0.055061
0.365	0.595	-0.055548
0.365	0.905	-0.055548
0.375	0.585	-0.0570024
0.375	0.915	-0.0570024
0.385	0.575	-0.0594039
0.395	0.575	-0.0540833
0.385	0.925	-0.0594039
0.395	0.925	-0.0540833
0.405	0.565	-0.0579663
0.405	0.935	-0.0579663
0.415	0.555	-0.0627205
0.425	0.555	-0.0589258
0.435	0.555	-0.055548
0.415	0.945	-0.0627205
0.425	0.945	-0.0589258
0.435	0.945	-0.055548
0.445	0.545	-0.0622499
0.455	0.545	-0.0598809
0.465	0.545	-0.0579663
0.475	0.545	-0.057098
0.485	0.545	-0.0579671
0.495	0.555	-0.0511686
0.415	0.735	0.06
0.415	0.745	0.06
0.415	0.755	0.06
0.415	0.765	0.06
0.445	0.955	-0.0622499
0.455	0.955	-0.0598809
0.465	0.955	-0.0579663
0.475	0.955	-0.0565188
0.485	0.955	-0.055548
0.495	0.955	-0.055061
0.505	0.955	-0.055061
0.515	0.955	-0.055548
0.525	0.955	-0.0565188
0.535	0.955	-0.0579663
0.505	0.545	-0.0604994
0.515	0.545	-0.0579671
0.525	0.545	-0.057098
0.535	0.545	-0.0579663
0.545	0.545	-0.0598809
0.545	0.955	-0.0598809
0.555	0.545	-0.0622499
0.565	0.555	-0.055548
0.585	0.705	0.0538231
0.585	0.715	0.0580761
0.585	0.725	0.06
0.585	0.735	0.06
0.585	0.745	0.06
0.585	0.755	0.06
0.585	0.765	0.06
0.585	0.775	0.06
0.585	0.785	0.0580761
0.585	0.795	0.0538231
0.565	0.945	-0.055548
0.555	0.955	-0.0622499
0.575	0.555	-0.0589258
0.575	0.945	-0.0589258
0.585	0.555	-0.0627205
0.595	0.565	-0.0579663
0.605	0.575	-0.0540833
0.605	0.925	-0.0540833
0.595	0.935	-0.0579663
0.585	0.945	-0.0627205
0.615	0.575	-0.0594039
0.625	0.585	-0.0570024
0.635	0.595	-0.055548
0.645	0.605	-0.055061
0.645	0.895	-0.055061
0.635	0.905	-0.055548
0.625	0.915	-0.0570024
0.615	0.925	-0.0594039
0.655	0.615	-0.055548
0.655	0.885	-0.055548
0.665	0.625	-0.0570024
0.665	0.875	-0.0570024
0.675	0.635	-0.0594039
0.675	0.645	-0.0540833
0.675	0.855	-0.0540833
0.675	0.865	-0.0594039
0.685	0.655	-0.0579663
0.595	0.735	0.0538231
0.595	0.765	0.0538231
0.685	0.845	-0.0579663
0.695	0.665	-0.0627205
0.695	0.675	-0.0589258
0.695	0.685	-0.055548
0.595	0.745	0.0548685
0.595	0.755	0.0548685
0.695	0.815	-0.055548
0.695	0.825	-0.0589258
0.695	0.835	-0.0627205
0.705	0.695	-0.0622499
0.705	0.705	-0.0598809
0.705	0.715	-0.0579663
0.705	0.725	-0.0565188
0.705	0.735	-0.055548
0.705	0.745	-0.055061
0.705	0.755	-0.055061
0.705	0.765	-0.055548
0.705	0.775	-0.0565188
0.705	0.785	-0.0579663
0.705	0.795	-0.0598809
0.705	0.805	-0.0622499
0.295	0.675	-0.0682888
0.295	0.685	-0.0650581
0.285	0.695	-0.0719234
0.285	0.705	-0.0696588
0.285	0.715	-0.0678302
0.285	0.725	-0.0664486
0.285	0.735	-0.0655226
0.285	0.745	-0.0650581
0.285	0.755	-0.0650581
0.285	0.765	-0.0655226
0.285	0.775	-0.0664486
0.285	0.785	-0.0678302
0.285	0.795	-0.0696588
0.285	0.805	-0.0719234
0.295	0.815	-0.0650581
0.295	0.825	-0.0682888
0.315	0.635	-0.0678302
0.315	0.645	-0.0627205
0.305	0.645	-0.0714723
0.305	0.655	-0.0669101
0.295	0.665	-0.0719234
0.295	0.835	-0.0719234
0.305	0.845	-0.0669101
0.305	0.855	-0.0714723
0.315	0.855	-0.0627205
0.315	0.865	-0.0678302
0.355	0.595	-0.0622499
0.345	0.605	-0.0622499
0.335	0.605	-0.0696588
0.335	0.615	-0.0631901
0.325	0.615	-0.0710204
0.325	0.625	-0.0650581
0.325	0.875	-0.0650581
0.325	0.885	-0.0710204
0.335	0.885	-0.0631901
0.335	0.895	-0.0696588
0.345	0.895	-0.0622499
0.355	0.905	-0.0622499
0.365	0.585	-0.0631901
0.365	0.915	-0.0631901
0.375	0.575	-0.0650581
0.375	0.925	-0.0650581
0.385	0.565	-0.0678302
0.395	0.565	-0.0627205
0.385	0.935	-0.0678302
0.395	0.935	-0.0627205
0.405	0.555	-0.0669101
0.405	0.945	-0.0669101
0.415	0.545	-0.0719234
0.425	0.545	-0.0682888
0.435	0.545	-0.0650581
0.415	0.955	-0.0719234
0.425	0.955	-0.0682888
0.435	0.955	-0.0650581
0.445	0.535	-0.0719234
0.455	0.535	-0.0696588
0.465	0.535	-0.0678302
0.475	0.535	-0.067098
0.485	0.535	-0.0678391
0.495	0.545	-0.0604994
0.445	0.965	-0.0719234
0.455	0.965	-0.0696588
0.465	0.965	-0.0678302
0.475	0.965	-0.0664486
0.485	0.965	-0.0655226
0.495	0.965	-0.0650581
0.505	0.965	-0.0650581
0.515	0.965	-0.0655226
0.525	0.965	-0.0664486
0.535	0.965	-0.0678302
0.505	0.535	-0.0700153
0.515	0.535	-0.0678391
0.525	0.535	-0.067098
0.535	0.535	-0.0678302
0.545	0.535	-0.0696588
0.545	0.965	-0.0696588
0.555	0.535	-0.0719234
0.565	0.545	-0.0650581
0.575	0.545	-0.0682888
0.565	0.955	-0.0650581
0.575	0.955	-0.0682888
0.555	0.965	-0.0719234
0.585	0.545	-0.0719234
0.595	0.555	-0.0669101
0.605	0.555	-0.0714723
0.605	0.565	-0.0627205
0.615	0.565	-0.0678302
0.605	0.935	-0.0627205
0.615	0.935	-0.0678302
0.595	0.945	-0.0669101
0.605	0.945	-0.0714723
0.585	0.955	-0.0719234
0.625	0.575	-0.0650581
0.635	0.575	-0.0710204
0.635	0.585	-0.0631901
0.645	0.585	-0.0696588
0.645	0.595	-0.0622499
0.655	0.605	-0.0622499
0.655	0.895	-0.0622499
0.645	0.905	-0.0622499
0.635	0.915	-0.0631901
0.645	0.915	-0.0696588
0.625	0.925	-0.0650581
0.635	0.925	-0.0710204
0.665	0.615	-0.0631901
0.665	0.885	-0.0631901
0.675	0.625	-0.0650581
0.675	0.875	-0.0650581
0.685	0.635	-0.0678302
0.685	0.645	-0.0627205
0.685	0.855	-0.0627205
0.685	0.865	-0.0678302
0.695	0.655	-0.0669101
0.695	0.845	-0.0669101
0.705	0.665	-0.0719234
0.705	0.675	-0.0682888
0.705	0.685	-0.0650581
0.705	0.815	-0.0650581
0.705	0.825	-0.0682888
0.705	0.835	-0.0719234
0.715	0.695	-0.0719234
0.715	0.705	-0.0696588
0.715	0.715	-0.0678302
0.715	0.725	-0.0664486
0.715	0.735	-0.0655226
0.715	0.745	-0.0650581
0.715	0.755	-0.0650581
0.715	0.765	-0.0655226
0.715	0.775	-0.0664486
0.715	0.785	-0.0678302
0.715	0.795	-0.0696588
0.715	0.805	-0.0719234
0.285	0.675	-0.077706
0.285	0.685	-0.0746108
0.275	0.695	-0.0816247
0.275	0.705	-0.0794559
0.275	0.715	-0.077706
0.275	0.725	-0.0763846
0.275	0.735	-0.0754994
0.275	0.745	-0.0750555
0.275	0.755	-0.0750555
0.275	0.765	-0.0754994
0.275	0.775	-0.0763846
0.275	0.785	-0.077706
0.275	0.795	-0.0794559
0.275	0.805	-0.0816247
0.285	0.815	-0.0746108
0.285	0.825	-0.077706
0.315	0.625	-0.0732711
0.305	0.635	-0.0763846
0.295	0.645	-0.0803259
0.295	0.655	-0.0759425
0.285	0.665	-0.0811926
0.285	0.835	-0.0811926
0.295	0.845	-0.0759425
0.295	0.855	-0.0803259
0.305	0.865	-0.0763846
0.315	0.875	-0.0732711
0.355	0.585	-0.0696588
0.345	0.595	-0.0692031
0.335	0.595	-0.0763846
0.325	0.605	-0.0772664
0.315	0.615	-0.0790196
0.315	0.885	-0.0790196
0.325	0.895	-0.0772664
0.335	0.905	-0.0763846
0.345	0.905	-0.0692031
0.355	0.915	-0.0696588
0.365	0.575	-0.0710204
0.365	0.925	-0.0710204
0.375	0.565	-0.0732711
0.375	0.935	-0.0732711
0.385	0.555	-0.0763846
0.395	0.555	-0.0714723
0.385	0.945	-0.0763846
0.395	0.945	-0.0714723
0.405	0.545	-0.0759425
0.405	0.955	-0.0759425
0.415	0.535	-0.0811926
0.425	0.535	-0.077706
0.435	0.535	-0.0746108
0.415	0.965	-0.0811926
0.425	0.965	-0.077706
0.435	0.965	-0.0746108
0.445	0.525	-0.0816247
0.455	0.525	-0.0794559
0.465	0.525	-0.077706
0.475	0.525	-0.077098
0.485	0.525	-0.0777438
0.495	0.535	-0.0700153
0.445	0.975	-0.0816247
0.455	0.975	-0.0794559
0.465	0.975	-0.077706
0.475	0.975	-0.0763846
0.485	0.975	-0.0754994
0.495	0.975	-0.0750555
0.505	0.975	-0.0750555
0.515	0.975	-0.0754994
0.525	0.975	-0.0763846
0.535	0.975	-0.077706
0.505	0.525	-0.0796499
0.515	0.525	-0.0777438
0.525	0.525	-0.077098
0.535	0.525	-0.077706
0.545	0.525	-0.0794559
0.545	0.975	-0.0794559
0.555	0.525	-0.0816247
0.565	0.535	-0.0746108
0.575	0.535	-0.077706
0.565	0.965	-0.0746108
0.575	0.965	-0.077706
0.555	0.975	-0.0816247
0.585	0.535	-0.0811926
0.595	0.545	-0.0759425
0.605	0.545	-0.0803259
0.615	0.555	-0.0763846
0.625	0.565	-0.0732711
0.615	0.945	-0.0763846
0.625	0.935	-0.0732711
0.595	0.955	-0.0759425
0.605	0.955	-0.0803259
0.585	0.965	-0.0811926
0.635	0.565	-0.0790196
0.645	0.575	-0.0772664
0.655	0.585	-0.0763846
0.655	0.595	-0.0692031
0.665	0.605	-0.0696588
0.665	0.895	-0.0696588
0.655	0.905	-0.0692031
0.655	0.915	-0.0763846
0.645	0.925	-0.0772664
0.635	0.935	-0.0790196
0.675	0.615	-0.0710204
0.675	0.885	-0.0710204
0.685	0.625	-0.0732711
0.685	0.875	-0.0732711
0.695	0.635	-0.0763846
0.695	0.645	-0.0714723
0.695	0.855	-0.0714723
0.695	0.865	-0.0763846
0.705	0.655	-0.0759425
0.705	0.845	-0.0759425
0.715	0.665	-0.0811926
0.715	0.675	-0.077706
0.715	0.685	-0.0746108
0.715	0.815	-0.0746108
0.715	0.825	-0.077706
0.715	0.835	-0.0811926
0.725	0.695	-0.0816247
0.725	0.705	-0.0794559
0.725	0.715	-0.077706
0.725	0.725	-0.0763846
0.725	0.735	-0.0754994
0.725	0.745	-0.0750555
0.725	0.755	-0.0750555
0.725	0.765	-0.0754994
0.725	0.775	-0.0763846
0.725	0.785	-0.077706
0.725	0.795	-0.0794559
0.725	0.805	-0.0816247
0.275	0.675	-0.0871708
0.275	0.685	-0.0842008
0.265	0.695	-0.09
0.265	0.705	-0.0892697
0.265	0.715	-0.0875921
0.265	0.725	-0.086326
0.265	0.735	-0.0854782
0.265	0.745	-0.0850532
0.265	0.755	-0.0850532
0.265	0.765	-0.0854782
0.265	0.775	-0.086326
0.265	0.785	-0.0875921
0.265	0.795	-0.0892697
0.265	0.805	-0.09
0.275	0.815	-0.0842008
0.275	0.825	-0.0871708
0.305	0.625	-0.0816247
0.295	0.625	-0.09
0.295	0.635	-0.0850532
0.285	0.645	-0.0892697
0.285	0.655	-0.0850532
0.275	0.665	-0.09
0.275	0.835	-0.09
0.285	0.845	-0.0850532
0.285	0.855	-0.0892697
0.295	0.865	-0.0850532
0.295	0.875	-0.09
0.305	0.875	-0.0816247
0.355	0.575	-0.0772664
0.345	0.585	-0.0763846
0.335	0.585	-0.0833452
0.325	0.595	-0.0837734
0.315	0.595	-0.09
0.315	0.605	-0.0850532
0.305	0.615	-0.0871708
0.305	0.885	-0.0871708
0.315	0.895	-0.0850532
0.315	0.905	-0.09
0.325	0.905	-0.0837734
0.335	0.915	-0.0833452
0.345	0.915	-0.0763846
0.355	0.925	-0.0772664
0.365	0.565	-0.0790196
0.365	0.935	-0.0790196
0.375	0.555	-0.0816247
0.375	0.945	-0.0816247
0.385	0.545	-0.0850532
0.395	0.545	-0.0803259
0.385	0.955	-0.0850532
0.395	0.955	-0.0803259
0.405	0.535	-0.0850532
0.405	0.965	-0.0850532
0.415	0.525	-0.09
0.425	0.525	-0.0871708
0.435	0.525	-0.0842008
0.415	0.975	-0.09
0.425	0.975	-0.0871708
0.435	0.975	-0.0842008
0.445	0.515	-0.09
0.455	0.515	-0.0892697
0.465	0.515	-0.0875921
0.475	0.515	-0.087098
0.485	0.515	-0.0876702
0.495	0.525	-0.0796499
0.445	0.985	-0.09
0.455	0.985	-0.0892697
0.465	0.985	-0.0875921
0.475	0.985	-0.086326
0.485	0.985	-0.0854782
0.495	0.985	-0.0850532
0.505	0.985	-0.0850532
0.515	0.985	-0.0854782
0.525	0.985	-0.086326
0.535	0.985	-0.0875921
0.505	0.515	-0.0893648
0.515	0.515	-0.0876702
0.525	0.515	-0.087098
0.535	0.515	-0.0875921
0.545	0.515	-0.0892697
0.545	0.985	-0.0892697
0.555	0.515	-0.09
0.565	0.525	-0.0842008
0.575	0.525	-0.0871708
0.565	0.975	-0.0842008
0.575	0.975	-0.0871708
0.555	0.985	-0.09
0.585	0.525	-0.09
0.595	0.535	-0.0850532
0.605	0.535	-0.0892697
0.615	0.545	-0.0850532
0.625	0.545	-0.09
0.625	0.555	-0.0816247
0.625	0.945	-0.0816247
0.615	0.955	-0.0850532
0.625	0.955	-0.09
0.595	0.965	-0.0850532
0.605	0.965	-0.0892697
0.585	0.975	-0.09
0.635	0.555	-0.0871708
0.645	0.565	-0.0850532
0.655	0.565	-0.09
0.655	0.575	-0.0837734
0.665	0.585	-0.0833452
0.665	0.595	-0.0763846
0.675	0.605	-0.0772664
0.675	0.895	-0.0772664
0.665	0.905	-0.0763846
0.665	0.915	-0.0833452
0.655	0.925	-0.0837734
0.645	0.935	-0.0850532
0.655	0.935	-0.09
0.635	0.945	-0.0871708
0.685	0.615	-0.0790196
0.685	0.885	-0.0790196
0.695	0.625	-0.0816247
0.695	0.875	-0.0816247
0.705	0.635	-0.0850532
0.705	0.645	-0.0803259
0.705	0.855	-0.0803259
0.705	0.865	-0.0850532
0.715	0.655	-0.0850532
0.715	0.845	-0.0850532
0.725	0.665	-0.09
0.725	0.675	-0.0871708
0.725	0.685	-0.0842008
0.725	0.815	-0.0842008
0.725	0.825	-0.0871708
0.725	0.835	-0.09
0.735	0.695	-0.09
0.735	0.705	-0.0892697
0.735	0.715	-0.0875921
0.735	0.725	-0.086326
0.735	0.735	-0.0854782
0.735	0.745	-0.0850532
0.735	0.755	-0.0850532
0.735	0.765	-0.0854782
0.735	0.775	-0.086326
0.735	0.785	-0.0875921
0.735	0.795	-0.0892697
0.735	0.805	-0.09
0.265	0.665	-0.09
0.265	0.675	-0.09
0.265	0.685	-0.09
0.255	0.685	-0.09
0.255	0.695	-0.09
0.255	0.705	-0.09
0.255	0.715	-0.09
0.255	0.725	-0.09
0.255	0.735	-0.09
0.255	0.745	-0.09
0.255	0.755	-0.09
0.255	0.765	-0.09
0.255	0.775	-0.09
0.255	0.785	-0.09
0.255	0.795	-0.09
0.255	0.805	-0.09
0.255	0.815	-0.09
0.265	0.815	-0.09
0.265	0.825	-0.09
0.265	0.835	-0.09
0.295	0.615	-0.09
0.285	0.625	-0.09
0.285	0.635	-0.09
0.275	0.635	-0.09
0.275	0.645	-0.09
0.275	0.655	-0.09
0.265	0.655	-0.09
0.265	0.845	-0.09
0.275	0.845	-0.09
0.275	0.855	-0.09
0.275	0.865	-0.09
0.285	0.865	-0.09
0.285	0.875	-0.09
0.295	0.885	-0.09
0.345	0.565	-0.09
0.355	0.565	-0.0850532
0.345	0.575	-0.0837734
0.335	0.575	-0.09
0.325	0.575	-0.09
0.325	0.585	-0.09
0.315	0.585	-0.09
0.305	0.595	-0.09
0.305	0.605	-0.09
0.295	0.605	-0.09
0.295	0.895	-0.09
0.305	0.895	-0.09
0.305	0.905	-0.09
0.315	0.915	-0.09
0.325	0.915	-0.09
0.325	0.925	-0.09
0.335	0.925	-0.09
0.345	0.925	-0.0837734
0.345	0.935	-0.09
0.355	0.935	-0.0850532
0.355	0.555	-0.09
0.365	0.555	-0.0871708
0.355	0.945	-0.09
0.365	0.945	-0.0871708
0.365	0.545	-0.09
0.375	0.545	-0.09
0.365	0.955	-0.09
0.375	0.955	-0.09
0.375	0.535	-0.09
0.385	0.535	-0.09
0.395	0.535	-0.0892697
0.375	0.965	-0.09
0.385	0.965	-0.09
0.395	0.965	-0.0892697
0.395	0.525	-0.09
0.405	0.525	-0.09
0.395	0.975	-0.09
0.405	0.975	-0.09
0.405	0.515	-0.09
0.415	0.515	-0.09
0.425	0.515	-0.09
0.435	0.515	-0.09
0.405	0.985	-0.09
0.415	0.985	-0.09
0.425	0.985	-0.09
0.435	0.985	-0.09
0.435	0.505	-0.09
0.445	0.505	-0.09
0.455	0.505	-0.09
0.465	0.505	-0.09
0.475	0.505	-0.09
0.485	0.505	-0.09
0.495	0.505	-0.09
0.495	0.515	-0.0893648
0.435	0.995	-0.09
0.445	0.995	-0.09
0.455	0.995	-0.09
0.465	0.995	-0.09
0.475	0.995	-0.09
0.485	0.995	-0.09
0.495	0.995	-0.09
0.505	0.995	-0.09
0.515	0.995	-0.09
0.525	0.995	-0.09
0.535	0.995	-0.09
0.545	0.995	-0.09
0.505	0.505	-0.09
0.515	0.505	-0.09
0.525	0.505	-0.09
0.535	0.505	-0.09
0.545	0.505	-0.09
0.555	0.505	-0.09
0.555	0.995	-0.09
0.565	0.505	-0.09
0.565	0.515	-0.09
0.575	0.515	-0.09
0.585	0.515	-0.09
0.565	0.985	-0.09
0.575	0.985	-0.09
0.585	0.985	-0.09
0.565	0.995	-0.09
0.595	0.515	-0.09
0.595	0.525	-0.09
0.605	0.525	-0.09
0.615	0.525	-0.09
0.615	0.535	-0.09
0.625	0.535	-0.09
0.635	0.545	-0.09
0.635	0.955	-0.09
0.615	0.965	-0.09
0.625	0.965	-0.09
0.595	0.975	-0.09
0.605	0.975	-0.09
0.615	0.975	-0.09
0.595	0.985	-0.09
0.645	0.545	-0.09
0.645	0.555	-0.09
0.655	0.555	-0.09
0.665	0.565	-0.09
0.665	0.575	-0.09
0.675	0.575	-0.09
0.675	0.585	-0.09
0.675	0.595	-0.0837734
0.685	0.595	-0.09
0.685	0.605	-0.0850532
0.685	0.895	-0.0850532
0.675	0.905	-0.0837734
0.685	0.905	-0.09
0.675	0.915	-0.09
0.665	0.925	-0.09
0.675	0.925	-0.09
0.665	0.935	-0.09
0.645	0.945	-0.09
0.655	0.945	-0.09
0.645	0.955	-0.09
0.695	0.605	-0.09
0.695	0.615	-0.0871708
0.695	0.885	-0.0871708
0.695	0.895	-0.09
0.705	0.615	-0.09
0.705	0.625	-0.09
0.705	0.875	-0.09
0.705	0.885	-0.09
0.715	0.625	-0.09
0.715	0.635	-0.09
0.715	0.645	-0.0892697
0.715	0.855	-0.0892697
0.715	0.865	-0.09
0.715	0.875	-0.09
0.725	0.645	-0.09
0.725	0.655	-0.09
0.725	0.845	-0.09
0.725	0.855	-0.09
0.735	0.655	-0.09
0.735	0.665	-0.09
0.735	0.675	-0.09
0.735	0.685	-0.09
0.735	0.815	-0.09
0.735	0.825	-0.09
0.735	0.835	-0.09
0.735	0.845	-0.09
0.745	0.685	-0.09
0.745	0.695	-0.09
0.745	0.705	-0.09
0.745	0.715	-0.09
0.745	0.725	-0.09
0.745	0.735	-0.09
0.745	0.745	-0.09
0.745	0.755	-0.09
0.745	0.765	-0.09
0.745	0.775	-0.09
0.745	0.785	-0.09
0.745	0.795	-0.09
0.745	0.805	-0.09
0.745	0.815	-0.09
0.255	0.665	-0.09
0.255	0.675	-0.09
0.245	0.685	-0.09
0.245	0.695	-0.09
0.245	0.705	-0.09
0.245	0.715	-0.09
0.245	0.725	-0.09
0.245	0.735	-0.09
0.245	0.745	-0.09
0.245	0.755	-0.09
0.245	0.765	-0.09
0.245	0.775	-0.09
0.245	0.785	-0.09
0.245	0.795	-0.09
0.245	0.805	-0.09
0.245	0.815	-0.09
0.255	0.825	-0.09
0.255	0.835	-0.09
0.285	0.615	-0.09
0.275	0.625	-0.09
0.265	0.635	-0.09
0.265	0.645	-0.09
0.255	0.655	-0.09
0.255	0.845	-0.09
0.265	0.855	-0.09
0.265	0.865	-0.09
0.275	0.875	-0.09
0.285	0.885	-0.09
0.345	0.555	-0.09
0.335	0.565	-0.09
0.325	0.565	-0.09
0.315	0.575	-0.09
0.305	0.585	-0.09
0.295	0.595	-0.09
0.285	0.605	-0.09
0.285	0.895	-0.09
0.295	0.905	-0.09
0.305	0.915	-0.09
0.315	0.925	-0.09
0.325	0.935	-0.09
0.335	0.935	-0.09
0.345	0.945	-0.09
0.355	0.545	-0.09
0.355	0.955	-0.09
0.365	0.535	-0.09
0.365	0.965	-0.09
0.375	0.525	-0.09
0.385	0.525	-0.09
0.375	0.975	-0.09
0.385	0.975	-0.09
0.395	0.515	-0.09
0.395	0.985	-0.09
0.405	0.505	-0.09
0.415	0.505	-0.09
0.425	0.505	-0.09
0.405	0.995	-0.09
0.415	0.995	-0.09
0.425	0.995	-0.09
0.435	0.495	-0.09
0.445	0.495	-0.09
0.455	0.495	-0.09
0.465	0.495	-0.09
0.475	0.495	-0.09
0.485	0.495	-0.09
0.495	0.495	-0.09
0.505	0.495	-0.09
0.515	0.495	-0.09
0.525	0.495	-0.09
0.535	0.495	-0.09
0.545	0.495	-0.09
0.555	0.495	-0.09
0.565	0.495	-0.09
0.575	0.505	-0.09
0.585	0.505	-0.09
0.575	0.995	-0.09
0.585	0.995	-0.09
0.595	0.505	-0.09
0.605	0.515	-0.09
0.615	0.515	-0.09
0.625	0.525	-0.09
0.635	0.535	-0.09
0.635	0.965	-0.09
0.625	0.975	-0.09
0.605	0.985	-0.09
0.615	0.985	-0.09
0.595	0.995	-0.09
0.645	0.535	-0.09
0.655	0.545	-0.09
0.665	0.555	-0.09
0.675	0.565	-0.09
0.685	0.575	-0.09
0.685	0.585	-0.09
0.695	0.595	-0.09
0.695	0.905	-0.09
0.685	0.915	-0.09
0.685	0.925	-0.09
0.675	0.935	-0.09
0.665	0.945	-0.09
0.655	0.955	-0.09
0.645	0.965	-0.09
0.705	0.605	-0.09
0.705	0.895	-0.09
0.715	0.615	-0.09
0.715	0.885	-0.09
0.725	0.625	-0.09
0.725	0.635	-0.09
0.725	0.865	-0.09
0.725	0.875	-0.09
0.735	0.645	-0.09
0.735	0.855	-0.09
0.745	0.655	-0.09
0.745	0.665	-0.09
0.745	0.675	-0.09
0.745	0.825	-0.09
0.745	0.835	-0.09
0.745	0.845	-0.09
0.755	0.685	-0.09
0.755	0.695	-0.09
0.755	0.705	-0.09
0.755	0.715	-0.09
0.755	0.725	-0.09
0.755	0.735	-0.09
0.755	0.745	-0.09
0.755	0.755	-0.09
0.755	0.765	-0.09
0.755	0.775	-0.09
0.755	0.785	-0.09
0.755	0.795	-0.09
0.755	0.805	-0.09
0.755	0.815	-0.09
0.245	0.665	-0.09
0.245	0.675	-0.09
0.235	0.685	-0.09
0.235	0.695	-0.09
0.235	0.705	-0.09
0.235	0.715	-0.09
0.235	0.725	-0.09
0.235	0.735	-0.09
0.235	0.745	-0.09
0.235	0.755	-0.09
0.235	0.765	-0.09
0.235	0.775	-0.09
0.235	0.785	-0.09
0.235	0.795	-0.09
0.235	0.805	-0.09
0.235	0.815	-0.09
0.245	0.825	-0.09
0.245	0.835	-0.09
0.275	0.605	-0.09
0.275	0.615	-0.09
0.265	0.615	-0.09
0.265	0.625	-0.09
0.255	0.635	-0.09
0.255	0.645	-0.09
0.245	0.655	-0.09
0.245	0.845	-0.09
0.255	0.855	-0.09
0.255	0.865	-0.09
0.265	0.875	-0.09
0.265	0.885	-0.09
0.275	0.885	-0.09
0.275	0.895	-0.09
0.345	0.545	-0.09
0.335	0.555	-0.09
0.325	0.555	-0.09
0.315	0.565	-0.09
0.305	0.565	-0.09
0.305	0.575	-0.09
0.295	0.575	-0.09
0.295	0.585	-0.09
0.285	0.585	-0.09
0.285	0.595	-0.09
0.285	0.905	-0.09
0.285	0.915	-0.09
0.295	0.915	-0.09
0.295	0.925	-0.09
0.305	0.925	-0.09
0.305	0.935	-0.09
0.315	0.935	-0.09
0.325	0.945	-0.09
0.335	0.945	-0.09
0.345	0.955	-0.09
0.355	0.535	-0.09
0.355	0.965	-0.09
0.365	0.525	-0.09
0.365	0.975	-0.09
0.375	0.515	-0.09
0.385	0.515	-0.09
0.375	0.985	-0.09
0.385	0.985	-0.09
0.395	0.505	-0.09
0.395	0.995	-0.09
0.405	0.495	-0.09
0.415	0.495	-0.09
0.425	0.495	-0.09
0.435	0.485	-0.09
0.445	0.485	-0.09
0.455	0.485	-0.09
0.465	0.485	-0.09
0.475	0.485	-0.09
0.485	0.485	-0.09
0.495	0.485	-0.09
0.505	0.485	-0.09
0.515	0.485	-0.09
0.525	0.485	-0.09
0.535	0.485	-0.09
0.545	0.485	-0.09
0.555	0.485	-0.09
0.565	0.485	-0.09
0.575	0.495	-0.09
0.585	0.495	-0.09
0.595	0.495	-0.09
0.605	0.505	-0.09
0.615	0.505	-0.09
0.625	0.515	-0.09
0.635	0.515	-0.09
0.635	0.525	-0.09
0.645	0.525	-0.09
0.635	0.975	-0.09
0.645	0.975	-0.09
0.625	0.985	-0.09
0.635	0.985	-0.09
0.605	0.995	-0.09
0.615	0.995	-0.09
0.655	0.535	-0.09
0.665	0.535	-0.09
0.665	0.545	-0.09
0.675	0.545	-0.09
0.675	0.555	-0.09
0.685	0.555	-0.09
0.685	0.565	-0.09
0.695	0.575	-0.09
0.695	0.585	-0.09
0.705	0.595	-0.09
0.705	0.905	-0.09
0.695	0.915	-0.09
0.695	0.925	-0.09
0.685	0.935	-0.09
0.675	0.945	-0.09
0.685	0.945	-0.09
0.665	0.955	-0.09
0.675	0.955	-0.09
0.655	0.965	-0.09
0.665	0.965	-0.09
0.715	0.605	-0.09
0.715	0.895	-0.09
0.725	0.615	-0.09
0.725	0.885	-0.09
0.735	0.625	-0.09
0.735	0.635	-0.09
0.735	0.865	-0.09
0.735	0.875	-0.09
0.745	0.645	-0.09
0.745	0.855	-0.09
0.755	0.655	-0.09
0.755	0.665	-0.09
0.755	0.675	-0.09
0.755	0.825	-0.09
0.755	0.835	-0.09
0.755	0.845	-0.09
0.765	0.685	-0.09
0.765	0.695	-0.09
0.765	0.705	-0.09
0.765	0.715	-0.09
0.765	0.725	-0.09
0.765	0.735	-0.09
0.765	0.745	-0.09
0.765	0.755	-0.09
0.765	0.765	-0.09
0.765	0.775	-0.09
0.765	0.785	-0.09
0.765	0.795	-0.09
0.765	0.805	-0.09
0.765	0.815	-0.09
0.235	0.665	-0.09
0.235	0.675	-0.09
0.225	0.685	-0.09
0.225	0.695	-0.09
0.225	0.705	-0.09
0.225	0.715	-0.09
0.225	0.725	-0.09
0.225	0.735	-0.09
0.225	0.745	-0.09
0.225	0.755	-0.09
0.225	0.765	-0.09
0.225	0.775	-0.09
0.225	0.785	-0.09
0.225	0.795	-0.09
0.225	0.805	-0.09
0.225	0.815	-0.09
0.235	0.825	-0.09
0.235	0.835	-0.09
0.275	0.595	-0.09
0.265	0.605	-0.09
0.255	0.615	-0.09
0.255	0.625	-0.09
0.245	0.635	-0.09
0.245	0.645	-0.09
0.235	0.655	-0.09
0.235	0.845	-0.09
0.245	0.855	-0.09
0.245	0.865	-0.09
0.255	0.875	-0.09
0.255	0.885	-0.09
0.265	0.895	-0.09
0.275	0.905	-0.09
0.345	0.535	-0.09
0.335	0.545	-0.09
0.325	0.545	-0.09
0.315	0.555	-0.09
0.305	0.555	-0.09
0.295	0.565	-0.09
0.285	0.575	-0.09
0.275	0.585	-0.09
0.275	0.915	-0.09
0.285	0.925	-0.09
0.295	0.935	-0.09
0.305	0.945	-0.09
0.315	0.945	-0.09
0.325	0.955	-0.09
0.335	0.955	-0.09
0.345	0.965	-0.09
0.355	0.525	-0.09
0.355	0.975	-0.09
0.365	0.515	-0.09
0.365	0.985	-0.09
0.375	0.505	-0.09
0.385	0.505	-0.09
0.375	0.995	-0.09
0.385	0.995	-0.09
0.395	0.495	-0.09
0.405	0.485	-0.09
0.415	0.485	-0.09
0.425	0.485	-0.09
0.435	0.475	-0.09
0.445	0.475	-0.09
0.455	0.475	-0.09
0.465	0.475	-0.09
0.475	0.475	-0.09
0.485	0.475	-0.09
0.495	0.475	-0.09
0.505	0.475	-0.09
0.515	0.475	-0.09
0.525	0.475	-0.09
0.535	0.475	-0.09
0.545	0.475	-0.09
0.555	0.475	-0.09
0.565	0.475	-0.09
0.575	0.485	-0.09
0.585	0.485	-0.09
0.595	0.485	-0.09
0.605	0.495	-0.09
0.615	0.495	-0.09
0.625	0.505	-0.09
0.635	0.505	-0.09
0.645	0.515	-0.09
0.655	0.525	-0.09
0.645	0.985	-0.09
0.655	0.975	-0.09
0.625	0.995	-0.09
0.635	0.995	-0.09
0.665	0.525	-0.09
0.675	0.535	-0.09
0.685	0.545	-0.09
0.695	0.555	-0.09
0.695	0.565	-0.09
0.705	0.575	-0.09
0.705	0.585	-0.09
0.715	0.595	-0.09
0.715	0.905	-0.09
0.705	0.915	-0.09
0.705	0.925	-0.09
0.695	0.935	-0.09
0.695	0.945	-0.09
0.685	0.955	-0.09
0.675	0.965	-0.09
0.665	0.975	-0.09
0.725	0.605	-0.09
0.725	0.895	-0.09
0.735	0.615	-0.09
0.735	0.885	-0.09
0.745	0.625	-0.09
0.745	0.635	-0.09
0.745	0.865	-0.09
0.745	0.875	-0.09
0.755	0.645	-0.09
0.755	0.855	-0.09
0.765	0.655	-0.09
0.765	0.665	-0.09
0.765	0.675	-0.09
0.765	0.825	-0.09
0.765	0.835	-0.09
0.765	0.845	-0.09
0.775	0.685	-0.09
0.775	0.695	-0.09
0.775	0.705	-0.09
0.775	0.715	-0.09
0.775	0.725	-0.09
0.775	0.735	-0.09
0.775	0.745	-0.09
0.775	0.755	-0.09
0.775	0.765	-0.09
0.775	0.775	-0.09
0.775	0.785	-0.09
0.775	0.795	-0.09
0.775	0.805	-0.09
0.775	0.815	-0.09
0.225	0.655	-0.09
0.225	0.665	-0.09
0.225	0.675	-0.09
0.215	0.685	-0.09
0.215	0.695	-0.09
0.215	0.705	-0.09
0.215	0.715	-0.09
0.215	0.725	-0.09
0.215	0.735	-0.09
0.215	0.745	-0.09
0.215	0.755	-0.09
0.215	0.765	-0.09
0.215	0.775	-0.09
0.215	0.785	-0.09
0.215	0.795	-0.09
0.215	0.805	-0.09
0.215	0.815	-0.09
0.225	0.825	-0.09
0.225	0.835	-0.09
0.225	0.845	-0.09
0.265	0.585	-0.09
0.265	0.595	-0.09
0.255	0.595	-0.09
0.255	0.605	-0.09
0.245	0.615	-0.09
0.245	0.625	-0.09
0.235	0.625	-0.09
0.235	0.635	-0.09
0.235	0.645	-0.09
0.235	0.855	-0.09
0.235	0.865	-0.09
0.235	0.875	-0.09
0.245	0.875	-0.09
0.245	0.885	-0.09
0.255	0.895	-0.09
0.255	0.905	-0.09
0.265	0.905	-0.09
0.265	0.915	-0.09
0.345	0.525	-0.09
0.335	0.535	-0.09
0.325	0.535	-0.09
0.315	0.535	-0.09
0.315	0.545	-0.09
0.305	0.545	-0.09
0.295	0.555	-0.09
0.285	0.555	-0.09
0.285	0.565	-0.09
0.275	0.565	-0.09
0.275	0.575	-0.09
0.275	0.925	-0.09
0.275	0.935	-0.09
0.285	0.935	-0.09
0.285	0.945	-0.09
0.295	0.945	-0.09
0.305	0.955	-0.09
0.315	0.955	-0.09
0.315	0.965	-0.09
0.325	0.965	-0.09
0.335	0.965	-0.09
0.345	0.975	-0.09
0.355	0.515	-0.09
0.355	0.985	-0.09
0.365	0.505	-0.09
0.365	0.995	-0.09
0.375	0.495	-0.09
0.385	0.495	-0.09
0.395	0.485	-0.09
0.405	0.475	-0.09
0.415	0.475	-0.09
0.425	0.475	-0.09
0.435	0.465	-0.09
0.445	0.465	-0.09
0.455	0.465	-0.09
0.465	0.465	-0.09
0.475	0.465	-0.09
0.485	0.465	-0.09
0.495	0.465	-0.09
0.505	0.465	-0.09
0.515	0.465	-0.09
0.525	0.465	-0.09
0.535	0.465	-0.09
0.545	0.465	-0.09
0.555	0.465	-0.09
0.565	0.465	-0.09
0.575	0.475	-0.09
0.585	0.475	-0.09
0.595	0.475	-0.09
0.605	0.485	-0.09
0.615	0.485	-0.09
0.625	0.485	-0.09
0.625	0.495	-0.09
0.635	0.495	-0.09
0.645	0.505	-0.09
0.655	0.505	-0.09
0.655	0.515	-0.09
0.665	0.515	-0.09
0.655	0.985	-0.09
0.645	0.995	-0.09
0.655	0.995	-0.09
0.665	0.985	-0.09
0.675	0.525	-0.09
0.685	0.525	-0.09
0.685	0.535	-0.09
0.695	0.535	-0.09
0.695	0.545	-0.09
0.705	0.555	-0.09
0.705	0.565	-0.09
0.715	0.565	-0.09
0.715	0.575	-0.09
0.715	0.585	-0.09
0.725	0.595	-0.09
0.725	0.905	-0.09
0.715	0.915	-0.09
0.715	0.925	-0.09
0.705	0.935	-0.09
0.715	0.935	-0.09
0.705	0.945	-0.09
0.695	0.955	-0.09
0.685	0.965	-0.09
0.695	0.965	-0.09
0.675	0.975	-0.09
0.685	0.975	-0.09
0.735	0.605	-0.09
0.735	0.895	-0.09
0.745	0.615	-0.09
0.745	0.885	-0.09
0.755	0.625	-0.09
0.755	0.635	-0.09
0.755	0.865	-0.09
0.755	0.875	-0.09
0.765	0.645	-0.09
0.765	0.855	-0.09
0.775	0.655	-0.09
0.775	0.665	-0.09
0.775	0.675	-0.09
0.775	0.825	-0.09
0.775	0.835	-0.09
0.775	0.845	-0.09
0.785	0.685	-0.09
0.785	0.695	-0.09
0.785	0.705	-0.09
0.785	0.715	-0.09
0.785	0.725	-0.09
0.785	0.735	-0.09
0.785	0.745	-0.09
0.785	0.755	-0.09
0.785	0.765	-0.09
0.785	0.775	-0.09
0.785	0.785	-0.09
0.785	0.795	-0.09
0.785	0.805	-0.09
0.785	0.815	-0.09
0.225	0.645	-0.09
0.215	0.655	-0.09
0.215	0.665	-0.09
0.215	0.675	-0.09
0.205	0.685	-0.09
0.205	0.695	-0.09
0.205	0.705	-0.09
0.205	0.715	-0.09
0.205	0.725	-0.09
0.205	0.735	-0.09
0.205	0.745	-0.09
0.205	0.755	-0.09
0.205	0.765	-0.09
0.205	0.775	-0.09
0.205	0.785	-0.09
0.205	0.795	-0.09
0.205	0.805	-0.09
0.205	0.815	-0.09
0.215	0.825	-0.09
0.215	0.835	-0.09
0.215	0.845	-0.09
0.225	0.855	-0.09
0.265	0.575	-0.09
0.255	0.585	-0.09
0.245	0.595	-0.09
0.245	0.605	-0.09
0.235	0.605	-0.09
0.235	0.615	-0.09
0.225	0.625	-0.09
0.225	0.635	-0.09
0.225	0.865	-0.09
0.225	0.875	-0.09
0.235	0.885	-0.09
0.235	0.895	-0.09
0.245	0.895	-0.09
0.245	0.905	-0.09
0.255	0.915	-0.09
0.265	0.925	-0.09
0.345	0.515	-0.09
0.335	0.525	-0.09
0.325	0.525	-0.09
0.315	0.525	-0.09
0.305	0.535	-0.09
0.295	0.535	-0.09
0.295	0.545	-0.09
0.285	0.545	-0.09
0.275	0.555	-0.09
0.265	0.565	-0.09
0.265	0.935	-0.09
0.275	0.945	-0.09
0.285	0.955	-0.09
0.295	0.955	-0.09
0.295	0.965	-0.09
0.305	0.965	-0.09
0.315	0.975	-0.09
0.325	0.975	-0.09
0.335	0.975	-0.09
0.345	0.985	-0.09
0.355	0.505	-0.09
0.355	0.995	-0.09
0.365	0.495	-0.09
0.375	0.485	-0.09
0.385	0.485	-0.09
0.395	0.475	-0.09
0.405	0.465	-0.09
0.415	0.465	-0.09
0.425	0.465	-0.09
0.435	0.455	-0.09
0.445	0.455	-0.09
0.455	0.455	-0.09
0.465	0.455	-0.09
0.475	0.455	-0.09
0.485	0.455	-0.09
0.495	0.455	-0.09
0.505	0.455	-0.09
0.515	0.455	-0.09
0.525	0.455	-0.09
0.535	0.455	-0.09
0.545	0.455	-0.09
0.555	0.455	-0.09
0.565	0.455	-0.09
0.575	0.465	-0.09
0.585	0.465	-0.09
0.595	0.465	-0.09
0.605	0.475	-0.09
0.615	0.475	-0.09
0.625	0.475	-0.09
0.635	0.485	-0.09
0.645	0.485	-0.09
0.645	0.495	-0.09
0.655	0.495	-0.09
0.665	0.505	-0.09
0.675	0.515	-0.09
0.665	0.995	-0.09
0.675	0.985	-0.09
0.685	0.515	-0.09
0.695	0.525	-0.09
0.705	0.535	-0.09
0.705	0.545	-0.09
0.715	0.545	-0.09
0.715	0.555	-0.09
0.725	0.565	-0.09
0.725	0.575	-0.09
0.725	0.585	-0.09
0.735	0.595	-0.09
0.735	0.905	-0.09
0.725	0.915	-0.09
0.725	0.925	-0.09
0.725	0.935	-0.09
0.715	0.945	-0.09
0.705	0.955	-0.09
0.715	0.955	-0.09
0.705	0.965	-0.09
0.695	0.975	-0.09
0.685	0.985	-0.09
0.745	0.605	-0.09
0.745	0.895	-0.09
0.755	0.615	-0.09
0.755	0.885	-0.09
0.765	0.625	-0.09
0.765	0.635	-0.09
0.765	0.865	-0.09
0.765	0.875	-0.09
0.775	0.645	-0.09
0.775	0.855	-0.09
0.785	0.655	-0.09
0.785	0.665	-0.09
0.785	0.675	-0.09
0.785	0.825	-0.09
0.785	0.835	-0.09
0.785	0.845	-0.09
0.795	0.685	-0.09
0.795	0.695	-0.09
0.795	0.705	-0.09
0.795	0.715	-0.09
0.795	0.725	-0.09
0.795	0.735	-0.09
0.795	0.745	-0.09
0.795	0.755	-0.09
0.795	0.765	-0.09
0.795	0.775	-0.09
0.795	0.785	-0.09
0.795	0.795	-0.09
0.795	0.805	-0.09
0.795	0.815	-0.09
