0.115	0.575	-0.00452222
0.115	0.565	4.95232e-05
0.395	0.555	-0.00570319
0.105	0.565	-0.00900748
0.105	0.555	-0.00520855
0.105	0.545	-0.00196528
0.385	0.475	-0.00219051
0.105	0.535	0.000681079
0.105	0.525	0.00269467
0.385	0.545	0.00564489
0.395	0.545	-0.00378136
0.105	0.515	0.00404679
0.385	0.465	0.00386246
0.105	0.505	0.00471283
0.105	0.495	0.00467918
0.095	0.535	-0.00900444
0.385	0.455	0.00538045
0.095	0.525	-0.00709072
0.105	0.485	0.00395367
0.385	0.535	0.00355474
0.375	0.485	-0.00982542
0.095	0.515	-0.00580116
0.375	0.535	0.00878591
0.365	0.485	-0.0102082
0.125	0.595	-0.00705765
0.155	0.525	0.00761353
0.095	0.505	-0.00516677
0.375	0.435	0.00883043
0.105	0.475	0.00256192
0.355	0.535	0.0100557
0.115	0.455	0.00733643
0.385	0.575	-0.00456019
0.395	0.465	-0.00494005
0.385	0.445	0.00341578
0.345	0.535	0.00993785
0.125	0.435	0.00888728
0.335	0.535	0.00985495
0.325	0.485	-0.00948019
0.325	0.535	0.00983521
0.155	0.515	-0.000216057
0.095	0.495	-0.00519823
0.375	0.595	-0.00703422
0.105	0.465	0.00053411
0.115	0.445	0.00394105
0.315	0.485	-0.00923955
0.315	0.535	0.00987807
0.305	0.485	-0.0090252
0.135	0.605	-0.00576182
0.385	0.565	-5.7365e-05
0.365	0.415	0.00696036
0.295	0.485	-0.00882369
0.285	0.485	-0.00865038
0.145	0.515	0.00818694
0.155	0.505	-0.00488289
0.125	0.585	-0.00123843
0.115	0.555	0.00407561
0.375	0.425	0.00411698
0.365	0.605	-0.00574651
0.125	0.425	0.0040797
0.135	0.415	0.00691061
0.185	0.645	-0.00890527
0.275	0.485	-0.0085156
0.265	0.485	-0.00840761
0.385	0.555	0.0036624
0.375	0.475	0.000903439
0.395	0.455	-0.00413363
0.145	0.615	-0.00574406
0.095	0.485	-0.00588408
0.385	0.435	-0.000146683
0.155	0.625	-0.00700842
0.375	0.585	-0.00122335
0.375	0.525	-0.000123693
0.105	0.455	-0.00210254
0.365	0.475	0.000274529
0.365	0.525	0.000107742
0.355	0.615	-0.00573621
0.355	0.475	-0.00025578
0.345	0.625	-0.00701098
0.335	0.385	0.00698736
0.215	0.655	-0.00890433
0.315	0.645	-0.0089071
0.165	0.385	0.00697512
0.255	0.485	-0.00831507
0.285	0.655	-0.00890077
0.295	0.365	0.00769186
0.205	0.365	0.00768317
0.245	0.485	-0.00825276
0.235	0.485	-0.0082301
0.395	0.535	-0.00474312
0.385	0.525	-0.00290039
0.115	0.435	-4.88063e-05
0.355	0.525	-6.65905e-05
0.345	0.475	-0.00028513
0.175	0.635	-0.00443403
0.345	0.525	-0.000182389
0.335	0.475	-0.000173122
0.195	0.645	-0.00508465
0.325	0.375	0.00421662
0.225	0.655	-0.00700402
0.305	0.645	-0.0050823
0.275	0.655	-0.00699975
0.145	0.505	0.00457645
0.155	0.495	-0.00487146
0.235	0.655	-0.00572432
0.245	0.655	-0.00508035
0.225	0.485	-0.00824373
0.265	0.655	-0.00572131
0.255	0.655	-0.00507939
0.215	0.485	-0.00829936
0.205	0.485	-0.00839182
0.195	0.485	-0.00848542
0.185	0.485	-0.00845143
0.135	0.595	0.00078308
0.335	0.525	-0.000214185
0.325	0.475	1.49934e-06
0.325	0.635	-0.00443899
0.325	0.525	-0.000177352
0.315	0.475	0.000180206
0.315	0.525	-8.26614e-05
0.175	0.375	0.00420563
0.305	0.365	0.00422077
0.195	0.365	0.00421245
0.305	0.525	2.78863e-05
0.235	0.355	0.00422204
0.245	0.355	0.00491162
0.255	0.355	0.00491129
0.265	0.355	0.00422248
0.275	0.355	0.00285514
0.225	0.355	0.00285301
0.175	0.485	-0.00788754
0.165	0.485	-0.00570882
0.125	0.575	0.00413193
0.095	0.475	-0.00719908
0.165	0.525	0.00286059
0.375	0.415	-0.00121651
0.365	0.595	0.000807694
0.365	0.405	0.000810978
0.355	0.395	0.00148931
0.165	0.625	-0.00116275
0.125	0.415	-0.0012533
0.135	0.405	0.000791794
0.345	0.385	0.000823996
0.145	0.395	0.00148516
0.335	0.625	-0.00116535
0.155	0.385	0.000816202
0.305	0.475	0.000347586
0.205	0.645	-0.00182597
0.295	0.475	0.00051192
0.295	0.525	0.00012585
0.315	0.365	0.000159342
0.285	0.475	0.000651476
0.285	0.525	0.000215635
0.295	0.645	-0.00182026
0.275	0.475	0.000756903
0.275	0.525	0.000292727
0.185	0.365	0.000154764
0.285	0.355	0.000828872
0.215	0.355	0.000827245
0.265	0.525	0.000345582
0.255	0.525	0.000369763
0.245	0.525	0.000372477
0.115	0.545	0.00751881
0.395	0.445	-0.00596784
0.375	0.575	0.00411156
0.145	0.605	0.00148035
0.385	0.425	-0.00457304
0.105	0.445	-0.00532317
0.155	0.615	0.000825443
0.355	0.605	0.00149355
0.115	0.425	-0.00458944
0.345	0.615	0.000832186
0.185	0.635	0.000164327
0.335	0.375	-0.00117141
0.315	0.635	0.000166659
0.165	0.375	-0.00118032
0.145	0.495	0.00429138
0.215	0.645	0.000833444
0.265	0.475	0.000835675
0.285	0.645	0.000839205
0.255	0.475	0.000900592
0.205	0.355	-0.00182868
0.295	0.355	-0.00182858
0.155	0.485	-0.000584169
0.175	0.525	0.000754166
0.245	0.475	0.000940841
0.235	0.525	0.000353689
0.235	0.475	0.000946297
0.225	0.525	0.000300311
0.225	0.475	0.000915104
0.215	0.525	0.000212436
0.205	0.525	0.000112252
0.185	0.525	0.000153014
0.215	0.475	0.000841442
0.205	0.475	0.000730254
0.195	0.475	0.000609626
0.195	0.525	5.03162e-05
0.175	0.625	0.00422579
0.195	0.635	0.00422211
0.325	0.625	0.00422709
0.225	0.645	0.00286009
0.305	0.635	0.00422811
0.275	0.645	0.00286312
0.235	0.645	0.00422661
0.265	0.645	0.00422742
0.245	0.645	0.0049144
0.255	0.645	0.00491459
0.185	0.475	0.000589512
0.175	0.475	0.000997012
0.165	0.475	0.0026222
0.325	0.365	-0.00444287
0.175	0.365	-0.00444368
0.305	0.355	-0.00508666
0.195	0.355	-0.00508383
0.225	0.345	-0.00700937
0.235	0.345	-0.00572801
0.245	0.345	-0.00508343
0.255	0.345	-0.005084
0.265	0.345	-0.00572863
0.275	0.345	-0.00700924
0.135	0.585	0.00692658
0.165	0.515	-0.0061153
0.095	0.465	-0.00911492
0.375	0.565	0.00891472
0.365	0.585	0.00693425
0.375	0.405	-0.00703328
0.365	0.395	-0.0057449
0.355	0.385	-0.00574015
0.125	0.405	-0.0070558
0.135	0.395	-0.00574793
0.145	0.385	-0.00574145
0.165	0.615	0.00699071
0.365	0.515	-0.0100987
0.355	0.465	0.0102626
0.345	0.465	0.0100025
0.335	0.615	0.00699414
0.345	0.375	-0.00701452
0.155	0.375	-0.0070174
0.335	0.465	0.0099469
0.205	0.635	0.00769408
0.295	0.635	0.00769749
0.145	0.485	0.00719832
0.305	0.515	-0.00949038
0.315	0.355	-0.00890875
0.185	0.355	-0.00890298
0.295	0.515	-0.00934662
0.285	0.345	-0.00890993
0.215	0.345	-0.00890924
0.155	0.475	0.00647197
0.175	0.515	-0.00864035
0.285	0.515	-0.00921127
0.275	0.515	-0.00910022
0.265	0.515	-0.00901988
0.255	0.515	-0.00897499
0.245	0.515	-0.0089608
0.235	0.515	-0.00897629
0.185	0.515	-0.00926646
0.225	0.515	-0.00902545
0.215	0.515	-0.00911132
0.205	0.515	-0.00922809
0.195	0.515	-0.00932587
0.125	0.565	0.00897126
0.105	0.575	-0.0133258
0.105	0.585	-0.0181303
0.115	0.585	-0.00959944
0.125	0.555	0.0132168
0.405	0.545	-0.0133041
0.405	0.555	-0.0151169
0.395	0.565	-0.0091452
0.405	0.565	-0.018307
0.095	0.555	-0.0145657
0.095	0.565	-0.018155
0.095	0.575	-0.0222455
0.095	0.545	-0.0115062
0.115	0.535	0.0103005
0.375	0.465	0.0100877
0.395	0.475	-0.00898581
0.385	0.485	-0.0111033
0.395	0.485	-0.0154059
0.115	0.525	0.0123448
0.115	0.515	0.0136608
0.375	0.545	0.0138071
0.375	0.555	0.0127886
0.405	0.535	-0.0136845
0.115	0.505	0.0143076
0.375	0.455	0.0139228
0.115	0.495	0.0142933
0.115	0.485	0.0135906
0.085	0.525	-0.0169265
0.085	0.535	-0.0187287
0.085	0.545	-0.0210877
0.375	0.445	0.0125559
0.085	0.515	-0.0157112
0.115	0.475	0.0121893
0.395	0.525	-0.00908534
0.365	0.495	-0.0182278
0.375	0.495	-0.0180954
0.385	0.495	-0.0190015
0.085	0.505	-0.0151078
0.365	0.535	0.0100195
0.365	0.545	0.0182484
0.355	0.485	-0.0101989
0.355	0.495	-0.0180164
0.115	0.595	-0.0151254
0.115	0.605	-0.0210613
0.125	0.605	-0.0132914
0.145	0.525	0.0144256
0.145	0.535	0.0216709
0.155	0.535	0.0165645
0.165	0.535	0.0126374
0.085	0.495	-0.0151266
0.365	0.425	0.0126016
0.365	0.435	0.0174745
0.365	0.445	0.0206741
0.115	0.465	0.0100972
0.345	0.545	0.019815
0.355	0.545	0.0195731
0.125	0.445	0.0130952
0.125	0.455	0.0166127
0.125	0.465	0.019315
0.395	0.575	-0.0133706
0.385	0.585	-0.00959676
0.395	0.585	-0.0181421
0.405	0.455	-0.0135591
0.405	0.465	-0.0139162
0.405	0.475	-0.0167582
0.395	0.435	-0.00926401
0.335	0.545	0.0198483
0.135	0.425	0.0125716
0.135	0.435	0.0176713
0.135	0.445	0.0219162
0.325	0.545	0.0198646
0.335	0.485	-0.00975053
0.315	0.495	-0.0167253
0.325	0.495	-0.0170306
0.335	0.495	-0.0174095
0.315	0.545	0.019898
0.165	0.505	-0.0121187
0.085	0.485	-0.0157608
0.385	0.595	-0.0151111
0.375	0.605	-0.0132746
0.385	0.605	-0.0210515
0.095	0.455	-0.0116069
0.105	0.435	-0.00909751
0.305	0.495	-0.0164605
0.305	0.535	0.00994676
0.305	0.545	0.0199413
0.295	0.495	-0.0162168
0.145	0.595	0.00835607
0.125	0.615	-0.0198834
0.135	0.615	-0.012662
0.355	0.405	0.00838505
0.355	0.415	0.0148705
0.355	0.425	0.0207509
0.285	0.495	-0.0159929
0.275	0.495	-0.0158133
0.135	0.505	0.0146337
0.135	0.515	0.0172555
0.135	0.525	0.0211678
0.165	0.495	-0.0117188
0.135	0.575	0.0125865
0.125	0.545	0.0168092
0.385	0.415	-0.00959741
0.355	0.595	0.00836497
0.365	0.615	-0.0126521
0.375	0.615	-0.019873
0.115	0.415	-0.00963254
0.145	0.405	0.00836229
0.145	0.415	0.0148456
0.145	0.425	0.0208142
0.175	0.645	-0.013249
0.175	0.655	-0.0221936
0.185	0.655	-0.0180808
0.195	0.655	-0.0144726
0.265	0.495	-0.0156653
0.255	0.495	-0.015545
0.365	0.465	0.0109452
0.405	0.445	-0.0153174
0.155	0.605	0.00838002
0.135	0.625	-0.0198706
0.145	0.625	-0.0132593
0.085	0.475	-0.0169919
0.395	0.425	-0.0134085
0.145	0.635	-0.02103
0.155	0.635	-0.0150762
0.165	0.635	-0.00952958
0.365	0.575	0.0126171
0.375	0.515	-0.0104476
0.385	0.515	-0.0120739
0.095	0.445	-0.0146522
0.355	0.515	-0.0100784
0.345	0.605	0.00838713
0.355	0.625	-0.0132579
0.365	0.625	-0.0198646
0.345	0.485	-0.00998458
0.335	0.635	-0.00953785
0.345	0.635	-0.0150839
0.355	0.635	-0.0210351
0.325	0.385	0.0126965
0.325	0.395	0.020946
0.335	0.395	0.0148979
0.345	0.395	0.00839052
0.205	0.655	-0.0114031
0.205	0.665	-0.0210291
0.215	0.665	-0.0186732
0.225	0.665	-0.0168847
0.325	0.645	-0.0132537
0.305	0.655	-0.014472
0.315	0.655	-0.0180809
0.325	0.655	-0.0221951
0.175	0.385	0.0126862
0.155	0.395	0.00837947
0.165	0.395	0.0148913
0.175	0.395	0.0209521
0.245	0.495	-0.0154648
0.295	0.655	-0.0114013
0.275	0.665	-0.0168825
0.285	0.665	-0.0186717
0.295	0.665	-0.0210275
0.285	0.365	0.0105297
0.285	0.375	0.0201774
0.295	0.375	0.0171384
0.305	0.375	0.0134297
0.215	0.365	0.0105227
0.195	0.375	0.0134176
0.205	0.375	0.0171301
0.215	0.375	0.0201738
0.235	0.495	-0.01543
0.225	0.495	-0.0154227
0.405	0.525	-0.0167277
0.395	0.515	-0.0160864
0.105	0.425	-0.0133913
0.345	0.515	-0.0100567
0.185	0.625	0.00910977
0.165	0.645	-0.018076
0.335	0.515	-0.009985
0.325	0.465	0.00999524
0.335	0.365	-0.00954041
0.315	0.375	0.00910292
0.315	0.385	0.0178919
0.235	0.665	-0.0156817
0.265	0.665	-0.0156795
0.135	0.495	0.0141907
0.245	0.665	-0.0150765
0.255	0.665	-0.0150755
0.215	0.495	-0.0154387
0.205	0.495	-0.01549
0.195	0.495	-0.0155342
0.185	0.495	-0.0154223
0.175	0.495	-0.0146752
0.145	0.585	0.0148381
0.325	0.515	-0.00982469
0.315	0.465	0.0100821
0.315	0.625	0.00910881
0.335	0.645	-0.0180831
0.315	0.515	-0.00965387
0.305	0.465	0.0101804
0.165	0.365	-0.00953668
0.185	0.375	0.00909026
0.185	0.385	0.0178868
0.295	0.535	0.0100122
0.225	0.365	0.0126921
0.235	0.365	0.0141601
0.245	0.365	0.0149013
0.255	0.365	0.0149018
0.265	0.365	0.0141626
0.275	0.365	0.0126971
0.135	0.565	0.0177053
0.085	0.465	-0.0187965
0.175	0.535	0.0108198
0.385	0.405	-0.0151111
0.355	0.585	0.0148567
0.375	0.395	-0.0132707
0.365	0.385	-0.01265
0.345	0.405	0.0156322
0.175	0.615	0.0127081
0.115	0.405	-0.0151401
0.125	0.395	-0.013283
0.355	0.375	-0.0132585
0.135	0.385	-0.0126536
0.155	0.405	0.0156247
0.325	0.615	0.012694
0.145	0.375	-0.0132593
0.295	0.465	0.0102876
0.215	0.635	0.0105348
0.285	0.465	0.0103834
0.285	0.535	0.0100747
0.325	0.355	-0.0132554
0.275	0.465	0.0104563
0.275	0.535	0.0101314
0.285	0.635	0.0105342
0.265	0.465	0.0105078
0.265	0.535	0.0101712
0.175	0.355	-0.0132479
0.295	0.345	-0.0114074
0.205	0.345	-0.0114055
0.255	0.535	0.0101907
0.245	0.535	0.010196
0.235	0.535	0.0101863
0.125	0.535	0.0194218
0.405	0.435	-0.0184199
0.365	0.565	0.017657
0.155	0.595	0.0156228
0.395	0.415	-0.0181519
0.095	0.435	-0.0182251
0.165	0.605	0.0149041
0.345	0.595	0.0156135
0.105	0.415	-0.018173
0.335	0.605	0.0148849
0.195	0.625	0.0134348
0.345	0.365	-0.0150835
0.305	0.625	0.0134281
0.155	0.365	-0.0150797
0.135	0.485	0.0162653
0.225	0.635	0.0127037
0.255	0.465	0.010548
0.275	0.635	0.0127021
0.245	0.465	0.01057
0.195	0.345	-0.0144732
0.305	0.345	-0.0144759
0.145	0.475	0.0127185
0.185	0.535	0.010219
0.235	0.465	0.0105635
0.225	0.535	0.010152
0.225	0.465	0.0105256
0.215	0.535	0.0100989
0.215	0.465	0.0104549
0.205	0.535	0.0100502
0.195	0.535	0.0100531
0.205	0.465	0.0103563
0.195	0.465	0.010256
0.185	0.465	0.010255
0.185	0.615	0.0179088
0.205	0.625	0.0171449
0.315	0.615	0.0178865
0.235	0.635	0.0141682
0.295	0.625	0.0171381
0.265	0.635	0.0141676
0.245	0.635	0.0149062
0.255	0.635	0.0149062
0.175	0.465	0.0106333
0.165	0.465	0.0119978
0.155	0.465	0.0150384
0.335	0.355	-0.0180857
0.165	0.355	-0.0180796
0.315	0.345	-0.0180841
0.185	0.345	-0.0180835
0.215	0.335	-0.0186851
0.225	0.335	-0.0168935
0.235	0.335	-0.0156872
0.245	0.335	-0.0150812
0.255	0.335	-0.0150819
0.265	0.335	-0.0156875
0.275	0.335	-0.0168913
0.285	0.335	-0.0186803
0.145	0.575	0.0208321
0.175	0.505	-0.0152185
0.085	0.455	-0.021154
0.365	0.555	0.0209252
0.355	0.575	0.0208822
0.385	0.395	-0.0210495
0.375	0.385	-0.0198725
0.365	0.375	-0.0198662
0.115	0.395	-0.0210661
0.125	0.385	-0.0198724
0.135	0.375	-0.0198611
0.175	0.605	0.0209702
0.355	0.505	-0.0181476
0.365	0.505	-0.0184156
0.375	0.505	-0.0189096
0.345	0.455	0.0201818
0.355	0.455	0.0201207
0.365	0.455	0.0190022
0.335	0.455	0.0201471
0.325	0.605	0.0209455
0.355	0.365	-0.0210348
0.145	0.365	-0.0210309
0.325	0.455	0.0201384
0.215	0.625	0.0201868
0.285	0.625	0.0201854
0.135	0.475	0.0201402
0.295	0.505	-0.0166016
0.305	0.505	-0.0168258
0.315	0.505	-0.0170752
0.325	0.345	-0.0222009
0.175	0.345	-0.0222037
0.285	0.505	-0.0163851
0.295	0.335	-0.0210354
0.205	0.335	-0.0210426
0.145	0.465	0.019754
0.185	0.505	-0.0159669
0.275	0.505	-0.016211
0.265	0.505	-0.0160739
0.255	0.505	-0.0159769
0.245	0.505	-0.0159225
0.235	0.505	-0.0159093
0.225	0.505	-0.0159181
0.195	0.505	-0.0160692
0.215	0.505	-0.0159444
0.205	0.505	-0.0160111
0.095	0.585	-0.026809
0.105	0.595	-0.0233829
0.135	0.555	0.0220562
0.415	0.545	-0.0227098
0.415	0.555	-0.0245228
0.415	0.565	-0.0275287
0.405	0.575	-0.0222885
0.085	0.555	-0.0239782
0.085	0.565	-0.0273795
0.085	0.575	-0.0312692
0.405	0.485	-0.0215503
0.395	0.495	-0.0218688
0.125	0.525	0.0206469
0.125	0.515	0.0208291
0.415	0.535	-0.0226818
0.125	0.505	0.0211085
0.125	0.495	0.0214683
0.125	0.485	0.0216403
0.075	0.525	-0.0268079
0.075	0.535	-0.0285019
0.075	0.545	-0.0307275
0.075	0.515	-0.0256662
0.125	0.475	0.0210199
0.385	0.505	-0.0200809
0.075	0.505	-0.025094
0.345	0.495	-0.017702
0.105	0.605	-0.0290448
0.115	0.615	-0.027365
0.135	0.535	0.0245372
0.145	0.545	0.0272985
0.155	0.545	0.025071
0.165	0.545	0.0222464
0.075	0.495	-0.0251011
0.355	0.435	0.0254254
0.355	0.445	0.0262026
0.345	0.555	0.0286378
0.355	0.555	0.0262879
0.135	0.455	0.0244109
0.135	0.465	0.0238056
0.405	0.585	-0.0268245
0.395	0.595	-0.0233821
0.415	0.455	-0.0228368
0.415	0.465	-0.0227867
0.415	0.475	-0.0247657
0.335	0.555	0.0293803
0.145	0.435	0.0258888
0.145	0.445	0.0285019
0.325	0.555	0.0296764
0.325	0.505	-0.0173655
0.335	0.505	-0.0177246
0.315	0.555	0.0298143
0.075	0.485	-0.0256851
0.395	0.605	-0.0290464
0.385	0.615	-0.0273617
0.295	0.545	0.0199845
0.305	0.555	0.0298829
0.125	0.625	-0.0267958
0.345	0.415	0.0224225
0.345	0.425	0.0283843
0.135	0.545	0.0248467
0.375	0.625	-0.0267902
0.155	0.415	0.022451
0.155	0.425	0.0285282
0.165	0.655	-0.0267759
0.175	0.665	-0.0312488
0.185	0.665	-0.0273453
0.195	0.665	-0.0239289
0.415	0.445	-0.0246295
0.135	0.635	-0.0273484
0.075	0.475	-0.0268342
0.405	0.425	-0.0223368
0.145	0.645	-0.029023
0.155	0.645	-0.0233467
0.085	0.445	-0.0240391
0.365	0.635	-0.0273504
0.345	0.645	-0.0233556
0.355	0.645	-0.0290317
0.315	0.395	0.0264574
0.325	0.405	0.0288354
0.335	0.405	0.0224801
0.205	0.675	-0.0306961
0.215	0.675	-0.0284684
0.225	0.675	-0.0267795
0.335	0.655	-0.0267798
0.305	0.665	-0.0239265
0.315	0.665	-0.0273424
0.325	0.665	-0.0312461
0.185	0.395	0.0264795
0.165	0.405	0.0224928
0.175	0.405	0.0288748
0.275	0.675	-0.0267772
0.285	0.675	-0.0284657
0.295	0.675	-0.0306926
0.275	0.375	0.0225036
0.285	0.385	0.0297302
0.295	0.385	0.0264721
0.305	0.385	0.0225058
0.225	0.375	0.0225025
0.195	0.385	0.0225092
0.205	0.385	0.0264836
0.215	0.385	0.0297462
0.405	0.515	-0.0220477
0.415	0.525	-0.0248765
0.395	0.505	-0.0227135
0.095	0.425	-0.0223003
0.345	0.505	-0.0179346
0.235	0.675	-0.0256444
0.265	0.675	-0.0256428
0.245	0.675	-0.0250738
0.255	0.675	-0.0250732
0.155	0.585	0.0224458
0.315	0.455	0.0201567
0.305	0.455	0.0201903
0.235	0.375	0.024079
0.245	0.375	0.0248757
0.255	0.375	0.024877
0.265	0.375	0.0240806
0.145	0.565	0.0259442
0.075	0.465	-0.0285331
0.175	0.545	0.0208123
0.395	0.405	-0.0233826
0.345	0.585	0.0224892
0.105	0.405	-0.0234134
0.295	0.455	0.0202367
0.285	0.455	0.020285
0.285	0.545	0.0200281
0.275	0.455	0.0203237
0.275	0.545	0.0200693
0.265	0.455	0.0203498
0.265	0.545	0.0201004
0.255	0.545	0.02012
0.245	0.545	0.0201309
0.235	0.545	0.0201316
0.415	0.435	-0.0276064
0.355	0.565	0.0258102
0.165	0.595	0.0224993
0.405	0.415	-0.0268351
0.085	0.435	-0.0274333
0.335	0.595	0.0225024
0.095	0.415	-0.0268517
0.195	0.615	0.0225234
0.345	0.355	-0.0233545
0.305	0.615	0.0225136
0.155	0.355	-0.023359
0.225	0.625	0.0225143
0.255	0.455	0.0203693
0.275	0.625	0.0225183
0.245	0.455	0.0203778
0.195	0.335	-0.0239444
0.305	0.335	-0.0239344
0.185	0.545	0.0203103
0.235	0.455	0.0203657
0.225	0.545	0.020119
0.225	0.455	0.0203306
0.215	0.545	0.0201017
0.215	0.455	0.0202756
0.205	0.545	0.0200967
0.195	0.545	0.0201388
0.205	0.455	0.0202065
0.195	0.455	0.0201485
0.185	0.455	0.020188
0.185	0.605	0.0264897
0.205	0.615	0.026488
0.315	0.605	0.0264988
0.235	0.625	0.0240903
0.295	0.615	0.0265024
0.265	0.625	0.024096
0.245	0.625	0.0248877
0.255	0.625	0.0248904
0.175	0.455	0.02056
0.165	0.455	0.0217039
0.155	0.455	0.0239253
0.335	0.345	-0.0267849
0.165	0.345	-0.026799
0.315	0.335	-0.0273516
0.185	0.335	-0.0273656
0.215	0.325	-0.0284877
0.225	0.325	-0.0267936
0.235	0.325	-0.0256543
0.245	0.325	-0.0250826
0.255	0.325	-0.0250833
0.265	0.325	-0.0256544
0.275	0.325	-0.0267899
0.285	0.325	-0.0284791
0.155	0.575	0.0284649
0.075	0.455	-0.0307627
0.345	0.575	0.0287108
0.385	0.385	-0.0273556
0.395	0.395	-0.0290426
0.375	0.375	-0.0267905
0.365	0.365	-0.0273568
0.115	0.385	-0.0273557
0.105	0.395	-0.0290611
0.125	0.375	-0.0267841
0.135	0.365	-0.0273529
0.175	0.595	0.0288574
0.345	0.445	0.0288794
0.335	0.445	0.029727
0.325	0.595	0.0289477
0.355	0.355	-0.029042
0.145	0.355	-0.0290469
0.325	0.445	0.0300185
0.215	0.615	0.0297459
0.285	0.615	0.0297826
0.325	0.335	-0.0312572
0.175	0.335	-0.031277
0.295	0.325	-0.0307061
0.205	0.325	-0.0307197
0.145	0.455	0.0262532
0.085	0.585	-0.0356198
0.095	0.595	-0.0318141
0.145	0.555	0.0288586
0.425	0.545	-0.0320493
0.425	0.555	-0.0339254
0.425	0.565	-0.0368162
0.415	0.575	-0.0313022
0.075	0.555	-0.0334642
0.075	0.565	-0.0366933
0.075	0.575	-0.0403953
0.415	0.485	-0.0284306
0.405	0.495	-0.0266629
0.425	0.535	-0.0316867
0.065	0.525	-0.0367121
0.065	0.535	-0.038314
0.065	0.545	-0.040423
0.065	0.515	-0.0356337
0.065	0.505	-0.035091
0.095	0.605	-0.0372258
0.105	0.615	-0.0350808
0.115	0.625	-0.0339988
0.155	0.555	0.0310904
0.165	0.555	0.0307769
0.065	0.495	-0.0350926
0.345	0.435	0.0318371
0.345	0.565	0.0323115
0.415	0.585	-0.0356323
0.405	0.595	-0.0318225
0.425	0.455	-0.0320348
0.425	0.465	-0.0316193
0.425	0.475	-0.0329454
0.335	0.565	0.0362532
0.155	0.435	0.0324304
0.155	0.445	0.0309883
0.325	0.565	0.0382648
0.315	0.565	0.0391248
0.065	0.485	-0.0356369
0.405	0.605	-0.037233
0.395	0.615	-0.0350847
0.385	0.625	-0.0339975
0.295	0.555	0.029931
0.305	0.565	0.0394716
0.125	0.635	-0.0339921
0.335	0.415	0.0295035
0.335	0.425	0.0351621
0.375	0.635	-0.0339927
0.165	0.415	0.0295534
0.165	0.425	0.0352122
0.155	0.655	-0.0317937
0.165	0.665	-0.0356089
0.175	0.675	-0.040399
0.185	0.675	-0.0366857
0.195	0.675	-0.0334428
0.425	0.445	-0.0339335
0.135	0.645	-0.0350674
0.065	0.475	-0.0367168
0.415	0.425	-0.0313461
0.145	0.655	-0.0372138
0.075	0.445	-0.0334979
0.365	0.645	-0.0350739
0.345	0.655	-0.0317995
0.355	0.655	-0.0372195
0.305	0.395	0.0313587
0.315	0.405	0.0346029
0.325	0.415	0.035969
0.205	0.685	-0.0403967
0.215	0.685	-0.0382846
0.225	0.685	-0.036685
0.335	0.665	-0.0356072
0.305	0.675	-0.0334383
0.315	0.675	-0.03668
0.325	0.675	-0.0403929
0.195	0.395	0.0313997
0.185	0.405	0.0346591
0.175	0.415	0.0360204
0.275	0.685	-0.0366819
0.285	0.685	-0.0382811
0.295	0.685	-0.0403932
0.275	0.385	0.0322305
0.285	0.395	0.0390382
0.295	0.395	0.0355757
0.225	0.385	0.0322446
0.205	0.395	0.0356277
0.215	0.395	0.0390872
0.405	0.505	-0.0272982
0.415	0.515	-0.0290122
0.425	0.525	-0.0332501
0.085	0.425	-0.031316
0.235	0.685	-0.0356108
0.265	0.685	-0.0356086
0.245	0.685	-0.0350711
0.255	0.685	-0.0350702
0.165	0.585	0.029501
0.315	0.445	0.030128
0.305	0.445	0.0301719
0.235	0.385	0.0339336
0.245	0.385	0.0347855
0.255	0.385	0.0347855
0.265	0.385	0.0339282
0.155	0.565	0.0323078
0.065	0.465	-0.0383216
0.175	0.555	0.0301792
0.405	0.405	-0.0318215
0.335	0.585	0.0297273
0.095	0.405	-0.0318421
0.295	0.445	0.0301981
0.285	0.445	0.0302213
0.285	0.555	0.029972
0.275	0.445	0.0302402
0.275	0.555	0.0300062
0.265	0.445	0.0302519
0.265	0.555	0.0300328
0.255	0.555	0.0300517
0.245	0.555	0.0300625
0.235	0.555	0.0300625
0.425	0.435	-0.0368486
0.415	0.415	-0.03565
0.075	0.435	-0.0367332
0.085	0.415	-0.0356549
0.195	0.605	0.0313841
0.345	0.345	-0.0318081
0.305	0.605	0.0314584
0.155	0.345	-0.0318307
0.225	0.615	0.0322475
0.255	0.445	0.0302581
0.275	0.615	0.0322936
0.245	0.445	0.030257
0.195	0.325	-0.0334711
0.305	0.325	-0.0334519
0.185	0.555	0.0300342
0.235	0.445	0.0302411
0.225	0.555	0.030053
0.225	0.445	0.030208
0.215	0.555	0.0300382
0.215	0.445	0.0301615
0.205	0.555	0.030022
0.195	0.555	0.0300121
0.205	0.445	0.0301034
0.195	0.445	0.0300437
0.185	0.445	0.0300364
0.185	0.595	0.034601
0.205	0.605	0.0355853
0.315	0.595	0.0348506
0.235	0.615	0.0339508
0.295	0.605	0.0357391
0.265	0.615	0.0339885
0.245	0.615	0.0348212
0.255	0.615	0.0348356
0.175	0.445	0.0302143
0.165	0.445	0.0307422
0.335	0.335	-0.0356215
0.165	0.335	-0.035646
0.315	0.325	-0.0366934
0.185	0.325	-0.0367202
0.215	0.315	-0.03832
0.225	0.315	-0.0367136
0.235	0.315	-0.0356346
0.245	0.315	-0.035093
0.255	0.315	-0.0350934
0.265	0.315	-0.0356341
0.275	0.315	-0.0367101
0.285	0.315	-0.038311
0.165	0.575	0.0349761
0.065	0.455	-0.0404325
0.335	0.575	0.035702
0.385	0.375	-0.0339938
0.395	0.385	-0.0350848
0.405	0.395	-0.0372445
0.375	0.365	-0.0339925
0.365	0.355	-0.03508
0.115	0.375	-0.034001
0.105	0.385	-0.0350789
0.095	0.395	-0.0372496
0.125	0.365	-0.0340124
0.135	0.355	-0.0351028
0.175	0.585	0.035842
0.335	0.435	0.0360764
0.325	0.585	0.0363791
0.355	0.345	-0.037227
0.145	0.345	-0.0372564
0.325	0.435	0.0383177
0.215	0.605	0.03904
0.285	0.605	0.0392459
0.325	0.325	-0.040408
0.175	0.325	-0.0404414
0.295	0.315	-0.0404231
0.205	0.315	-0.0404409
0.075	0.585	-0.0445471
0.075	0.595	-0.0491221
0.085	0.595	-0.0404001
0.085	0.605	-0.0455793
0.435	0.535	-0.0407121
0.435	0.545	-0.0413751
0.435	0.555	-0.0433451
0.435	0.565	-0.0461722
0.425	0.575	-0.040416
0.435	0.575	-0.0496317
0.425	0.585	-0.044561
0.065	0.555	-0.0430213
0.065	0.565	-0.0460927
0.065	0.575	-0.0496234
0.065	0.585	-0.053596
0.425	0.485	-0.0357358
0.415	0.495	-0.0325359
0.425	0.495	-0.0390746
0.415	0.505	-0.0331675
0.435	0.525	-0.0417612
0.055	0.515	-0.0456094
0.055	0.525	-0.0466296
0.055	0.535	-0.0481481
0.055	0.545	-0.0501541
0.055	0.555	-0.0526345
0.055	0.505	-0.0450964
0.055	0.495	-0.0450973
0.085	0.615	-0.0511303
0.095	0.615	-0.0430099
0.095	0.625	-0.0491348
0.105	0.625	-0.0414539
0.105	0.635	-0.0481304
0.115	0.635	-0.040929
0.165	0.565	0.0358809
0.175	0.565	0.0377302
0.055	0.485	-0.0456105
0.415	0.595	-0.040413
0.425	0.595	-0.0491402
0.415	0.605	-0.045591
0.435	0.445	-0.0433087
0.435	0.455	-0.0413166
0.435	0.465	-0.0405589
0.435	0.475	-0.0412906
0.435	0.485	-0.0433776
0.325	0.575	0.0411523
0.165	0.435	0.0362943
0.315	0.575	0.044703
0.305	0.575	0.0467779
0.055	0.475	-0.0466337
0.405	0.615	-0.0430172
0.415	0.615	-0.0511373
0.395	0.625	-0.0414554
0.405	0.625	-0.0491373
0.385	0.635	-0.0409282
0.395	0.635	-0.0481266
0.285	0.565	0.0397617
0.295	0.565	0.0396538
0.295	0.575	0.0479457
0.115	0.645	-0.0481267
0.125	0.645	-0.0414453
0.325	0.425	0.0405255
0.375	0.645	-0.0414482
0.385	0.645	-0.0481234
0.175	0.425	0.0403547
0.175	0.435	0.0381823
0.145	0.665	-0.0455789
0.155	0.665	-0.0403957
0.155	0.675	-0.0491287
0.165	0.675	-0.044556
0.165	0.685	-0.0535909
0.175	0.685	-0.0496259
0.185	0.685	-0.0460886
0.195	0.685	-0.0430046
0.435	0.435	-0.0461847
0.125	0.655	-0.0491298
0.135	0.655	-0.0430029
0.055	0.465	-0.0481562
0.425	0.415	-0.0445966
0.425	0.425	-0.0404762
0.135	0.665	-0.0511278
0.065	0.435	-0.0461213
0.065	0.445	-0.0430339
0.365	0.655	-0.043006
0.375	0.655	-0.0491281
0.345	0.665	-0.0403946
0.355	0.665	-0.0455772
0.365	0.665	-0.051126
0.295	0.405	0.0440093
0.305	0.405	0.0396917
0.305	0.415	0.0461905
0.315	0.415	0.0416148
0.315	0.425	0.0442636
0.195	0.695	-0.0525989
0.205	0.695	-0.05012
0.215	0.695	-0.0481142
0.225	0.695	-0.0465962
0.235	0.695	-0.0455774
0.335	0.675	-0.0445503
0.345	0.675	-0.0491248
0.305	0.685	-0.0430016
0.315	0.685	-0.0460867
0.325	0.685	-0.0496267
0.335	0.685	-0.0535982
0.195	0.405	0.0397676
0.205	0.405	0.0440887
0.185	0.415	0.0416012
0.195	0.415	0.0461093
0.185	0.425	0.043938
0.265	0.695	-0.0455761
0.275	0.695	-0.046596
0.285	0.695	-0.0481165
0.295	0.695	-0.0501264
0.305	0.695	-0.0526112
0.265	0.395	0.0434791
0.275	0.395	0.0416879
0.275	0.405	0.050047
0.285	0.405	0.0474751
0.225	0.395	0.0417261
0.235	0.395	0.0434988
0.215	0.405	0.047525
0.225	0.405	0.0500594
0.425	0.505	-0.0397665
0.425	0.515	-0.0364955
0.435	0.515	-0.0442943
0.075	0.415	-0.0445779
0.075	0.425	-0.0404314
0.245	0.695	-0.0450653
0.255	0.695	-0.0450647
0.175	0.575	0.0399483
0.305	0.435	0.0396661
0.315	0.435	0.0392593
0.295	0.435	0.039862
0.245	0.395	0.0443854
0.255	0.395	0.044381
0.055	0.455	-0.0501625
0.185	0.565	0.0387387
0.415	0.395	-0.0456019
0.415	0.405	-0.0404229
0.085	0.395	-0.0456194
0.085	0.405	-0.0404153
0.285	0.435	0.039966
0.275	0.435	0.0400278
0.275	0.565	0.0398237
0.265	0.435	0.0400598
0.265	0.565	0.0398596
0.255	0.435	0.0400658
0.255	0.565	0.0398759
0.245	0.565	0.0398714
0.235	0.565	0.0398427
0.225	0.565	0.0397875
0.435	0.425	-0.0496947
0.425	0.405	-0.049149
0.065	0.425	-0.0496421
0.075	0.405	-0.049146
0.195	0.595	0.0396373
0.205	0.595	0.0438917
0.345	0.335	-0.0404045
0.355	0.335	-0.0455776
0.295	0.595	0.04445
0.305	0.595	0.0400495
0.145	0.335	-0.0456247
0.155	0.335	-0.0404393
0.225	0.605	0.0416995
0.235	0.605	0.0435222
0.245	0.435	0.0400523
0.265	0.605	0.0436654
0.275	0.605	0.0419004
0.235	0.435	0.0400184
0.185	0.315	-0.0461676
0.195	0.315	-0.0430623
0.305	0.315	-0.0430315
0.315	0.315	-0.0461172
0.195	0.565	0.0392566
0.225	0.435	0.0399582
0.215	0.565	0.0396935
0.215	0.435	0.0398622
0.205	0.565	0.0395331
0.205	0.435	0.0397065
0.195	0.435	0.0394319
0.185	0.435	0.0389962
0.185	0.585	0.0413313
0.195	0.585	0.0457734
0.215	0.595	0.047331
0.305	0.585	0.0468717
0.315	0.585	0.042215
0.245	0.605	0.0444719
0.285	0.595	0.0479491
0.255	0.605	0.0445233
0.335	0.325	-0.0445643
0.345	0.325	-0.0491371
0.155	0.325	-0.0492069
0.165	0.325	-0.0446091
0.325	0.315	-0.0496604
0.175	0.315	-0.0497427
0.205	0.305	-0.0502639
0.215	0.305	-0.0482206
0.225	0.305	-0.0466823
0.235	0.305	-0.045652
0.245	0.305	-0.0451337
0.255	0.305	-0.0451344
0.265	0.305	-0.0456461
0.275	0.305	-0.0466864
0.285	0.305	-0.0482225
0.295	0.305	-0.0502318
0.055	0.445	-0.0526518
0.385	0.365	-0.0409453
0.395	0.365	-0.0481435
0.395	0.375	-0.0414664
0.405	0.375	-0.0491407
0.405	0.385	-0.0430318
0.415	0.385	-0.0511351
0.375	0.355	-0.0414603
0.385	0.355	-0.048149
0.365	0.345	-0.0430095
0.375	0.345	-0.0491545
0.105	0.365	-0.0481694
0.115	0.365	-0.0409682
0.105	0.375	-0.0414759
0.095	0.375	-0.0491646
0.095	0.385	-0.043027
0.085	0.385	-0.0511834
0.115	0.355	-0.0481687
0.125	0.355	-0.0414845
0.125	0.345	-0.0491733
0.135	0.345	-0.0430411
0.185	0.575	0.0434453
0.365	0.335	-0.0511514
0.135	0.335	-0.0511985
0.225	0.595	0.0499255
0.275	0.595	0.0504668
0.335	0.315	-0.0536347
0.165	0.315	-0.0537912
0.305	0.305	-0.0527187
0.195	0.305	-0.052815
0.065	0.595	-0.0579873
0.075	0.605	-0.0540942
0.445	0.535	-0.0498094
0.445	0.545	-0.0507427
0.445	0.555	-0.0528105
0.445	0.565	-0.055597
0.445	0.575	-0.0589343
0.435	0.585	-0.0536031
0.055	0.565	-0.0555754
0.055	0.575	-0.0589603
0.055	0.585	-0.0627679
0.435	0.495	-0.0460822
0.445	0.525	-0.0504346
0.045	0.515	-0.0556098
0.045	0.525	-0.0565796
0.045	0.535	-0.0580268
0.045	0.545	-0.0599441
0.045	0.555	-0.0623193
0.045	0.505	-0.055124
0.045	0.495	-0.0551269
0.075	0.615	-0.0594359
0.085	0.625	-0.057026
0.095	0.635	-0.0555694
0.105	0.645	-0.0550797
0.045	0.485	-0.0556182
0.425	0.605	-0.0541011
0.435	0.595	-0.0579864
0.445	0.445	-0.0527955
0.445	0.455	-0.0507332
0.445	0.465	-0.0496839
0.445	0.475	-0.0499004
0.445	0.485	-0.0513792
0.045	0.475	-0.0565991
0.415	0.625	-0.0570183
0.425	0.615	-0.0594199
0.405	0.635	-0.0555617
0.395	0.645	-0.0550723
0.285	0.575	0.0485746
0.295	0.585	0.0502566
0.115	0.655	-0.0555608
0.385	0.655	-0.0555583
0.145	0.675	-0.0540869
0.155	0.685	-0.0579546
0.165	0.695	-0.0626683
0.175	0.695	-0.0588974
0.185	0.695	-0.0555321
0.445	0.435	-0.0556217
0.125	0.665	-0.0570088
0.045	0.465	-0.0580546
0.435	0.415	-0.0536278
0.135	0.675	-0.0593974
0.055	0.435	-0.055593
0.375	0.665	-0.0570136
0.355	0.675	-0.0540897
0.365	0.675	-0.0594183
0.295	0.415	0.049614
0.305	0.425	0.0466098
0.195	0.705	-0.062196
0.205	0.705	-0.0598458
0.215	0.705	-0.0579432
0.225	0.705	-0.0565027
0.235	0.705	-0.0555358
0.345	0.685	-0.0579773
0.315	0.695	-0.0555535
0.325	0.695	-0.0589342
0.335	0.695	-0.0627313
0.205	0.415	0.0494988
0.195	0.425	0.0462864
0.265	0.705	-0.0555424
0.275	0.705	-0.056515
0.285	0.705	-0.0579645
0.295	0.705	-0.0598803
0.305	0.705	-0.0622491
0.265	0.405	0.0517225
0.275	0.415	0.0536119
0.285	0.415	0.0520147
0.235	0.405	0.0517076
0.215	0.415	0.0518623
0.225	0.415	0.0534478
0.435	0.505	-0.0468355
0.445	0.515	-0.052405
0.065	0.415	-0.0536398
0.245	0.705	-0.0550511
0.255	0.705	-0.0550532
0.295	0.425	0.0478978
0.245	0.405	0.0525221
0.255	0.405	0.0525325
0.045	0.455	-0.0599876
0.425	0.395	-0.0541098
0.075	0.395	-0.0541458
0.285	0.425	0.0485807
0.275	0.425	0.0489625
0.275	0.575	0.0488845
0.265	0.425	0.0491606
0.265	0.575	0.0490259
0.255	0.425	0.0492204
0.255	0.575	0.0490619
0.245	0.575	0.0490093
0.235	0.575	0.0488611
0.225	0.575	0.048583
0.445	0.425	-0.0589919
0.435	0.405	-0.058028
0.055	0.425	-0.0589854
0.065	0.405	-0.0580388
0.205	0.585	0.049098
0.355	0.325	-0.0541367
0.145	0.325	-0.0542504
0.235	0.595	0.0516816
0.245	0.425	0.0491804
0.265	0.595	0.0520428
0.235	0.425	0.0490535
0.185	0.305	-0.0558726
0.315	0.305	-0.0556764
0.195	0.575	0.045789
0.225	0.425	0.0488191
0.215	0.575	0.0480917
0.215	0.425	0.0484035
0.205	0.575	0.047232
0.205	0.425	0.0476656
0.215	0.585	0.0514746
0.245	0.595	0.0526173
0.285	0.585	0.0524991
0.255	0.595	0.0527435
0.345	0.315	-0.0580483
0.155	0.315	-0.0583751
0.325	0.305	-0.0590677
0.175	0.305	-0.0594339
0.205	0.295	-0.0603809
0.215	0.295	-0.0583441
0.225	0.295	-0.0568205
0.235	0.295	-0.0558157
0.245	0.295	-0.0552986
0.255	0.295	-0.0552752
0.265	0.295	-0.0557462
0.275	0.295	-0.056748
0.285	0.295	-0.0582401
0.295	0.295	-0.0601874
0.045	0.445	-0.0623843
0.395	0.355	-0.0550925
0.405	0.365	-0.0555841
0.415	0.375	-0.0570545
0.425	0.385	-0.0594754
0.385	0.345	-0.0555769
0.375	0.335	-0.0570353
0.105	0.355	-0.0551397
0.095	0.365	-0.0556112
0.085	0.375	-0.0570803
0.075	0.385	-0.059514
0.115	0.345	-0.0557002
0.125	0.335	-0.0572537
0.365	0.325	-0.0594742
0.135	0.325	-0.0598642
0.225	0.585	0.0530914
0.275	0.585	0.053852
0.335	0.305	-0.0628974
0.165	0.305	-0.0635287
0.305	0.295	-0.0625771
0.195	0.295	-0.0629398
0.055	0.595	-0.0669659
0.065	0.605	-0.0627647
0.065	0.615	-0.0678738
0.455	0.535	-0.059064
0.455	0.545	-0.060212
0.455	0.555	-0.0623376
0.455	0.565	-0.0650737
0.455	0.575	-0.0682882
0.445	0.585	-0.062734
0.445	0.595	-0.0669141
0.045	0.565	-0.0651346
0.045	0.575	-0.0683681
0.045	0.585	-0.0719831
0.445	0.495	-0.0534888
0.455	0.525	-0.059382
0.035	0.515	-0.065735
0.035	0.525	-0.0666515
0.035	0.535	-0.068013
0.035	0.545	-0.0698135
0.035	0.555	-0.0720469
0.035	0.505	-0.0652748
0.035	0.495	-0.0652792
0.075	0.625	-0.0650997
0.075	0.635	-0.0709921
0.085	0.635	-0.0632219
0.085	0.645	-0.0696283
0.095	0.645	-0.0622706
0.105	0.655	-0.062257
0.035	0.485	-0.0657534
0.435	0.605	-0.0627342
0.435	0.615	-0.0678195
0.455	0.445	-0.062404
0.455	0.455	-0.0602756
0.455	0.465	-0.0589875
0.455	0.475	-0.0588662
0.455	0.485	-0.0598978
0.035	0.475	-0.0666994
0.425	0.625	-0.0650612
0.415	0.635	-0.0632007
0.425	0.635	-0.0709774
0.405	0.645	-0.0622634
0.415	0.645	-0.0696369
0.395	0.655	-0.0622657
0.115	0.665	-0.0631772
0.385	0.665	-0.0632078
0.135	0.685	-0.0677321
0.145	0.685	-0.0626834
0.145	0.695	-0.071267
0.155	0.695	-0.0668078
0.165	0.705	-0.0716841
0.175	0.705	-0.0681483
0.185	0.705	-0.0649726
0.455	0.435	-0.0652295
0.125	0.675	-0.065015
0.035	0.465	-0.0681032
0.445	0.415	-0.0627804
0.045	0.435	-0.0652146
0.375	0.675	-0.0650765
0.355	0.685	-0.0627369
0.365	0.685	-0.0678434
0.195	0.715	-0.0716893
0.205	0.715	-0.0694989
0.215	0.715	-0.0677153
0.225	0.715	-0.0663616
0.235	0.715	-0.0654534
0.345	0.695	-0.0669188
0.355	0.695	-0.0714588
0.315	0.705	-0.065055
0.325	0.705	-0.0682777
0.335	0.705	-0.0718874
0.265	0.715	-0.0654792
0.275	0.715	-0.0664065
0.285	0.715	-0.0677849
0.295	0.715	-0.0696035
0.305	0.715	-0.0718445
0.255	0.415	0.0549478
0.265	0.415	0.0545526
0.235	0.415	0.0544115
0.245	0.415	0.0548918
0.445	0.505	-0.054324
0.455	0.515	-0.0609726
0.055	0.415	-0.0628387
0.245	0.715	-0.0650012
0.255	0.715	-0.0650097
0.035	0.455	-0.0699687
0.435	0.395	-0.0630187
0.065	0.395	-0.0628346
0.265	0.585	0.0545762
0.255	0.585	0.0548291
0.245	0.585	0.0546778
0.235	0.585	0.0541206
0.455	0.425	-0.0686348
0.445	0.405	-0.0672426
0.045	0.425	-0.0684962
0.055	0.405	-0.0670561
0.355	0.315	-0.0628462
0.145	0.315	-0.0636347
0.185	0.295	-0.0660063
0.315	0.295	-0.0653972
0.345	0.305	-0.0671185
0.155	0.305	-0.0682508
0.325	0.295	-0.0686397
0.175	0.295	-0.0695708
0.205	0.285	-0.0706913
0.215	0.285	-0.0686488
0.225	0.285	-0.0671435
0.235	0.285	-0.066134
0.245	0.285	-0.0655976
0.255	0.285	-0.0655346
0.265	0.285	-0.065959
0.275	0.285	-0.0669062
0.285	0.285	-0.0683672
0.295	0.285	-0.0702505
0.035	0.445	-0.0722775
0.395	0.345	-0.0624261
0.405	0.355	-0.0627515
0.415	0.355	-0.0719149
0.415	0.365	-0.0636017
0.425	0.365	-0.0730134
0.425	0.375	-0.0656354
0.435	0.385	-0.0684936
0.385	0.335	-0.0633001
0.375	0.325	-0.0651639
0.105	0.345	-0.0628657
0.095	0.355	-0.0624117
0.085	0.355	-0.0701498
0.085	0.365	-0.0633656
0.075	0.365	-0.0716503
0.075	0.375	-0.0653618
0.065	0.385	-0.0682616
0.115	0.335	-0.0643811
0.125	0.325	-0.0666399
0.365	0.315	-0.0680615
0.135	0.315	-0.06983
0.335	0.295	-0.0722832
0.165	0.295	-0.0736677
0.305	0.285	-0.0725204
0.195	0.285	-0.073231
0.045	0.595	-0.0759025
0.055	0.605	-0.071497
0.055	0.615	-0.0762566
0.065	0.625	-0.0732191
0.465	0.535	-0.0685327
0.465	0.545	-0.0697998
0.465	0.555	-0.0719168
0.465	0.565	-0.0745466
0.465	0.575	-0.0775668
0.455	0.585	-0.0718994
0.455	0.595	-0.0758265
0.445	0.605	-0.0714328
0.035	0.565	-0.0746938
0.035	0.575	-0.0776866
0.035	0.585	-0.0809009
0.455	0.495	-0.0614218
0.465	0.525	-0.0686552
0.025	0.515	-0.0759678
0.025	0.525	-0.0768013
0.025	0.535	-0.0780373
0.025	0.545	-0.0796473
0.025	0.555	-0.0815778
0.025	0.505	-0.075554
0.025	0.495	-0.0755738
0.065	0.635	-0.0786439
0.075	0.645	-0.0769604
0.085	0.655	-0.0760854
0.095	0.655	-0.0691525
0.105	0.665	-0.0695725
0.025	0.485	-0.076029
0.445	0.615	-0.0762293
0.435	0.625	-0.0731893
0.465	0.445	-0.0723956
0.465	0.455	-0.070088
0.465	0.465	-0.0685293
0.465	0.475	-0.068168
0.465	0.485	-0.0688906
0.025	0.475	-0.0769459
0.435	0.635	-0.0787295
0.425	0.645	-0.077067
0.405	0.655	-0.0691933
0.415	0.655	-0.0762278
0.395	0.665	-0.0696523
0.115	0.675	-0.070876
0.385	0.675	-0.0710074
0.125	0.685	-0.0730267
0.135	0.695	-0.0759535
0.145	0.705	-0.0795098
0.155	0.705	-0.0755118
0.165	0.715	-0.0802342
0.175	0.715	-0.0771355
0.185	0.715	-0.0742514
0.465	0.435	-0.0754957
0.025	0.465	-0.0782805
0.455	0.415	-0.07255
0.035	0.435	-0.0749972
0.375	0.685	-0.0732332
0.365	0.695	-0.0762704
0.195	0.725	-0.0806054
0.205	0.725	-0.0787459
0.215	0.725	-0.0771764
0.225	0.725	-0.0759678
0.235	0.725	-0.0751545
0.345	0.705	-0.0758295
0.355	0.705	-0.0799869
0.315	0.715	-0.0744829
0.325	0.715	-0.0774782
0.335	0.715	-0.0807342
0.265	0.725	-0.0752172
0.275	0.725	-0.0760814
0.285	0.725	-0.0773551
0.295	0.725	-0.0790128
0.305	0.725	-0.080996
0.455	0.505	-0.0623703
0.465	0.515	-0.0700108
0.045	0.415	-0.0721857
0.245	0.725	-0.0747537
0.255	0.725	-0.0747735
0.025	0.455	-0.0800186
0.445	0.395	-0.0725698
0.055	0.395	-0.0718106
0.465	0.425	-0.0791195
0.455	0.405	-0.0776943
0.035	0.425	-0.0781077
0.045	0.405	-0.076242
0.355	0.305	-0.0717689
0.145	0.305	-0.0737554
0.185	0.285	-0.076234
0.315	0.285	-0.0751371
0.345	0.295	-0.0762923
0.155	0.295	-0.078366
0.325	0.285	-0.0782363
0.175	0.285	-0.0796395
0.205	0.275	-0.0806894
0.215	0.275	-0.0787711
0.225	0.275	-0.0773285
0.235	0.275	-0.0764504
0.245	0.275	-0.0760233
0.255	0.275	-0.076006
0.265	0.275	-0.0764209
0.275	0.275	-0.0772981
0.285	0.275	-0.0785911
0.295	0.275	-0.0802074
0.025	0.445	-0.0822666
0.395	0.335	-0.0745596
0.405	0.345	-0.070799
0.415	0.345	-0.0807596
0.425	0.355	-0.081431
0.435	0.365	-0.0829674
0.435	0.375	-0.0752072
0.445	0.385	-0.0812929
0.385	0.325	-0.0747312
0.375	0.315	-0.0757439
0.105	0.335	-0.0741236
0.095	0.345	-0.0709884
0.085	0.345	-0.0778771
0.075	0.355	-0.0785921
0.065	0.365	-0.0806702
0.065	0.375	-0.0743434
0.055	0.385	-0.0778495
0.115	0.325	-0.075424
0.125	0.315	-0.0774283
0.365	0.305	-0.0776518
0.135	0.305	-0.0804199
0.335	0.285	-0.0816577
0.165	0.285	-0.0834088
0.305	0.275	-0.0821357
0.195	0.275	-0.0829522
0.035	0.595	-0.0841348
0.045	0.605	-0.0799855
0.045	0.615	-0.0839739
0.055	0.625	-0.0810486
0.055	0.635	-0.0853493
0.475	0.535	-0.0781247
0.475	0.545	-0.0793635
0.475	0.555	-0.0813164
0.475	0.565	-0.0835873
0.475	0.575	-0.0858883
0.465	0.585	-0.0808458
0.465	0.595	-0.0841447
0.455	0.605	-0.0799801
0.455	0.615	-0.08411
0.025	0.565	-0.0837244
0.025	0.575	-0.0858916
0.025	0.585	-0.0876902
0.465	0.495	-0.0702304
0.475	0.525	-0.0781477
0.015	0.515	-0.0859319
0.015	0.525	-0.086337
0.015	0.535	-0.0869366
0.015	0.545	-0.0877101
0.015	0.555	-0.0885057
0.015	0.505	-0.0857304
0.015	0.495	-0.085795
0.065	0.645	-0.0837386
0.065	0.655	-0.0875197
0.075	0.655	-0.0826543
0.085	0.665	-0.0822414
0.095	0.665	-0.0760495
0.105	0.675	-0.0768404
0.015	0.485	-0.0861658
0.445	0.625	-0.0811401
0.445	0.635	-0.0856672
0.475	0.445	-0.0828978
0.475	0.455	-0.0806213
0.475	0.465	-0.0790697
0.475	0.475	-0.0785161
0.475	0.485	-0.078481
0.015	0.475	-0.0868239
0.435	0.645	-0.0840829
0.425	0.655	-0.0830372
0.435	0.655	-0.0880731
0.405	0.665	-0.0762377
0.415	0.665	-0.0826779
0.395	0.675	-0.0770934
0.115	0.685	-0.0784167
0.385	0.685	-0.0787684
0.125	0.695	-0.0806625
0.125	0.705	-0.0865238
0.135	0.705	-0.0833382
0.145	0.715	-0.0860152
0.155	0.715	-0.0832961
0.165	0.725	-0.0866395
0.175	0.725	-0.0847146
0.185	0.725	-0.0826423
0.475	0.435	-0.0856162
0.015	0.465	-0.0876885
0.465	0.415	-0.0829556
0.025	0.435	-0.0844757
0.375	0.695	-0.0811789
0.365	0.705	-0.0840834
0.195	0.735	-0.0870453
0.205	0.735	-0.0860199
0.215	0.735	-0.0850583
0.225	0.735	-0.0842653
0.235	0.735	-0.083714
0.345	0.715	-0.0840101
0.355	0.715	-0.0868978
0.315	0.725	-0.0831859
0.325	0.725	-0.0854131
0.335	0.725	-0.0874405
0.265	0.735	-0.0838407
0.275	0.735	-0.0844883
0.285	0.735	-0.0853979
0.295	0.735	-0.0864885
0.305	0.735	-0.0876148
0.465	0.505	-0.0711023
0.475	0.515	-0.0793793
0.035	0.415	-0.0815419
0.245	0.735	-0.0834492
0.255	0.735	-0.08349
0.015	0.455	-0.0885839
0.455	0.395	-0.0836132
0.045	0.395	-0.080951
0.475	0.425	-0.0883681
0.465	0.405	-0.0874235
0.025	0.425	-0.0867339
0.035	0.405	-0.0851068
0.355	0.295	-0.081371
0.145	0.295	-0.0836511
0.185	0.275	-0.0854626
0.315	0.275	-0.0843403
0.345	0.285	-0.0868889
0.155	0.285	-0.0875962
0.325	0.275	-0.0876341
0.175	0.275	-0.0882013
0.205	0.265	-0.0885944
0.215	0.265	-0.0877831
0.225	0.265	-0.087297
0.235	0.265	-0.0870466
0.245	0.265	-0.0869868
0.255	0.265	-0.087073
0.265	0.265	-0.087305
0.275	0.265	-0.0876765
0.285	0.265	-0.0881368
0.295	0.265	-0.0886716
0.015	0.445	-0.09
0.395	0.325	-0.0895043
0.405	0.335	-0.0895295
0.415	0.335	-0.09
0.425	0.345	-0.09
0.435	0.345	-0.09
0.435	0.355	-0.0882085
0.445	0.365	-0.09
0.445	0.375	-0.0852273
0.455	0.385	-0.09
0.385	0.315	-0.089596
0.375	0.305	-0.0897674
0.105	0.325	-0.0898395
0.095	0.335	-0.0898989
0.085	0.335	-0.09
0.075	0.345	-0.09
0.065	0.345	-0.09
0.065	0.355	-0.0859162
0.055	0.365	-0.0899966
0.055	0.375	-0.0839046
0.045	0.385	-0.089862
0.115	0.315	-0.0899264
0.125	0.305	-0.0899795
0.365	0.295	-0.089949
0.135	0.295	-0.09
0.335	0.275	-0.09
0.165	0.275	-0.09
0.305	0.265	-0.09
0.195	0.265	-0.09
0.025	0.595	-0.0889062
0.025	0.605	-0.0896004
0.035	0.605	-0.0868786
0.035	0.615	-0.088688
0.035	0.625	-0.0895529
0.045	0.625	-0.0871692
0.045	0.635	-0.0890112
0.055	0.645	-0.0882619
0.485	0.525	-0.086931
0.485	0.535	-0.0867837
0.485	0.545	-0.0875229
0.485	0.555	-0.0884777
0.485	0.565	-0.0892151
0.485	0.575	-0.0897459
0.475	0.585	-0.0878962
0.485	0.585	-0.0899879
0.475	0.595	-0.0891501
0.465	0.605	-0.0870404
0.475	0.605	-0.0897522
0.465	0.615	-0.0890424
0.455	0.625	-0.0874497
0.015	0.565	-0.0892029
0.015	0.575	-0.0897402
0.015	0.585	-0.09
0.015	0.595	-0.09
0.475	0.495	-0.0796121
0.475	0.505	-0.0802944
0.485	0.515	-0.0878949
0.005	0.505	-0.09
0.005	0.515	-0.09
0.005	0.525	-0.09
0.005	0.535	-0.09
0.005	0.545	-0.09
0.005	0.555	-0.09
0.005	0.565	-0.09
0.005	0.495	-0.09
0.005	0.485	-0.09
0.055	0.655	-0.0895119
0.065	0.665	-0.0893211
0.075	0.665	-0.0870396
0.075	0.675	-0.0892165
0.085	0.675	-0.0869638
0.095	0.675	-0.0825307
0.095	0.685	-0.0872926
0.105	0.685	-0.0834607
0.005	0.475	-0.09
0.455	0.635	-0.089371
0.445	0.645	-0.0886994
0.485	0.435	-0.09
0.485	0.445	-0.09
0.485	0.455	-0.09
0.485	0.465	-0.09
0.485	0.475	-0.09
0.485	0.485	-0.0899104
0.485	0.495	-0.0898959
0.005	0.465	-0.09
0.445	0.655	-0.0898005
0.425	0.665	-0.0876763
0.435	0.665	-0.0896876
0.405	0.675	-0.0830394
0.415	0.675	-0.0876442
0.425	0.675	-0.0896145
0.395	0.685	-0.0840916
0.405	0.685	-0.0880247
0.105	0.695	-0.0879207
0.115	0.695	-0.0848782
0.385	0.695	-0.0856682
0.395	0.695	-0.0886706
0.115	0.705	-0.088642
0.125	0.715	-0.0892469
0.135	0.715	-0.0880802
0.135	0.725	-0.0896499
0.145	0.725	-0.0891525
0.155	0.725	-0.0881797
0.155	0.735	-0.089696
0.165	0.735	-0.0893667
0.175	0.735	-0.0888103
0.185	0.735	-0.0880147
0.485	0.425	-0.09
0.005	0.455	-0.09
0.475	0.405	-0.0899506
0.475	0.415	-0.09
0.015	0.425	-0.09
0.015	0.435	-0.09
0.375	0.705	-0.0874313
0.385	0.705	-0.0893152
0.365	0.715	-0.0888888
0.375	0.715	-0.0897383
0.185	0.745	-0.0896903
0.195	0.745	-0.0895188
0.205	0.745	-0.0893038
0.215	0.745	-0.089057
0.225	0.745	-0.0888267
0.235	0.745	-0.0886614
0.245	0.745	-0.0885925
0.345	0.725	-0.0889054
0.355	0.725	-0.0896585
0.365	0.725	-0.0899289
0.315	0.735	-0.0886045
0.325	0.735	-0.0893276
0.335	0.735	-0.0897506
0.345	0.735	-0.0899316
0.255	0.745	-0.0886299
0.265	0.745	-0.088768
0.275	0.745	-0.088989
0.285	0.745	-0.0892675
0.295	0.745	-0.0895494
0.305	0.745	-0.0897588
0.315	0.745	-0.0898883
0.485	0.505	-0.0892051
0.025	0.405	-0.0899836
0.025	0.415	-0.09
0.005	0.445	-0.09
0.465	0.385	-0.09
0.465	0.395	-0.0899506
0.035	0.385	-0.09
0.035	0.395	-0.0898678
0.485	0.415	-0.09
0.475	0.395	-0.09
0.015	0.415	-0.09
0.025	0.395	-0.09
0.355	0.285	-0.09
0.365	0.285	-0.09
0.135	0.285	-0.09
0.145	0.285	-0.09
0.175	0.265	-0.09
0.185	0.265	-0.09
0.315	0.265	-0.09
0.325	0.265	-0.09
0.345	0.275	-0.09
0.355	0.275	-0.09
0.145	0.275	-0.09
0.155	0.275	-0.09
0.335	0.265	-0.09
0.165	0.265	-0.09
0.195	0.255	-0.09
0.205	0.255	-0.09
0.215	0.255	-0.09
0.225	0.255	-0.09
0.235	0.255	-0.09
0.245	0.255	-0.09
0.255	0.255	-0.09
0.265	0.255	-0.09
0.275	0.255	-0.09
0.285	0.255	-0.09
0.295	0.255	-0.09
0.305	0.255	-0.09
0.005	0.435	-0.09
0.395	0.315	-0.09
0.405	0.315	-0.09
0.405	0.325	-0.09
0.415	0.325	-0.09
0.425	0.325	-0.09
0.425	0.335	-0.09
0.435	0.335	-0.09
0.445	0.345	-0.09
0.445	0.355	-0.09
0.455	0.355	-0.09
0.455	0.365	-0.09
0.455	0.375	-0.09
0.465	0.375	-0.09
0.385	0.305	-0.09
0.395	0.305	-0.09
0.375	0.295	-0.09
0.385	0.295	-0.09
0.095	0.315	-0.09
0.105	0.315	-0.09
0.095	0.325	-0.09
0.085	0.325	-0.09
0.075	0.325	-0.09
0.075	0.335	-0.09
0.065	0.335	-0.09
0.055	0.345	-0.09
0.055	0.355	-0.09
0.045	0.355	-0.09
0.045	0.365	-0.09
0.045	0.375	-0.0899897
0.035	0.375	-0.09
0.105	0.305	-0.09
0.115	0.305	-0.09
0.115	0.295	-0.09
0.125	0.295	-0.09
0.375	0.285	-0.09
0.125	0.285	-0.09
0.345	0.265	-0.09
0.155	0.265	-0.09
0.315	0.255	-0.09
0.185	0.255	-0.09
0.015	0.605	-0.09
0.025	0.615	-0.0898808
0.025	0.625	-0.0899739
0.035	0.635	-0.089864
0.045	0.645	-0.0897137
0.495	0.525	-0.09
0.495	0.535	-0.09
0.495	0.545	-0.09
0.495	0.555	-0.09
0.495	0.565	-0.09
0.495	0.575	-0.09
0.495	0.585	-0.09
0.485	0.595	-0.09
0.485	0.605	-0.09
0.475	0.615	-0.0899937
0.465	0.625	-0.0897606
0.005	0.575	-0.09
0.005	0.585	-0.09
0.005	0.595	-0.09
0.495	0.515	-0.09
0.045	0.655	-0.0899239
0.055	0.665	-0.0898796
0.065	0.675	-0.0898441
0.075	0.685	-0.0898323
0.085	0.685	-0.0892444
0.095	0.695	-0.0893829
0.465	0.635	-0.0899863
0.455	0.645	-0.0898934
0.495	0.435	-0.09
0.495	0.445	-0.09
0.495	0.455	-0.09
0.495	0.465	-0.09
0.495	0.475	-0.09
0.495	0.485	-0.09
0.495	0.495	-0.09
0.455	0.655	-0.09
0.445	0.665	-0.0899873
0.435	0.675	-0.0899666
0.415	0.685	-0.0896572
0.425	0.685	-0.0899672
0.405	0.695	-0.0897614
0.105	0.705	-0.0895702
0.395	0.705	-0.0898761
0.115	0.715	-0.0897485
0.125	0.725	-0.0898795
0.135	0.735	-0.0899566
0.145	0.735	-0.0898728
0.155	0.745	-0.0899689
0.165	0.745	-0.0899182
0.175	0.745	-0.0898239
0.495	0.425	-0.09
0.485	0.405	-0.09
0.005	0.425	-0.09
0.385	0.715	-0.0899588
0.375	0.725	-0.0899922
0.185	0.755	-0.0899736
0.195	0.755	-0.0899559
0.205	0.755	-0.089931
0.215	0.755	-0.0898997
0.225	0.755	-0.0898707
0.235	0.755	-0.0898544
0.245	0.755	-0.0898536
0.355	0.735	-0.0899886
0.365	0.735	-0.0899991
0.325	0.745	-0.0899662
0.335	0.745	-0.0899955
0.345	0.745	-0.0899997
0.255	0.755	-0.0898653
0.265	0.755	-0.089885
0.275	0.755	-0.0899117
0.285	0.755	-0.0899465
0.295	0.755	-0.0899818
0.305	0.755	-0.0899976
0.315	0.755	-0.0899999
0.495	0.505	-0.09
0.015	0.405	-0.09
0.475	0.385	-0.09
0.025	0.385	-0.09
0.495	0.415	-0.09
0.485	0.395	-0.09
0.005	0.415	-0.09
0.015	0.395	-0.09
0.365	0.275	-0.09
0.135	0.275	-0.09
0.175	0.255	-0.09
0.325	0.255	-0.09
0.355	0.265	-0.09
0.145	0.265	-0.09
0.335	0.255	-0.09
0.165	0.255	-0.09
0.195	0.245	-0.09
0.205	0.245	-0.09
0.215	0.245	-0.09
0.225	0.245	-0.09
0.235	0.245	-0.09
0.245	0.245	-0.09
0.255	0.245	-0.09
0.265	0.245	-0.09
0.275	0.245	-0.09
0.285	0.245	-0.09
0.295	0.245	-0.09
0.305	0.245	-0.09
0.405	0.305	-0.09
0.415	0.315	-0.09
0.425	0.315	-0.09
0.435	0.325	-0.09
0.445	0.335	-0.09
0.455	0.345	-0.09
0.465	0.355	-0.09
0.465	0.365	-0.09
0.475	0.375	-0.09
0.395	0.295	-0.09
0.385	0.285	-0.09
0.095	0.305	-0.09
0.085	0.315	-0.09
0.075	0.315	-0.09
0.065	0.325	-0.09
0.055	0.335	-0.09
0.045	0.345	-0.09
0.035	0.355	-0.09
0.035	0.365	-0.09
0.025	0.375	-0.09
0.105	0.295	-0.09
0.115	0.285	-0.09
0.375	0.275	-0.09
0.125	0.275	-0.09
0.345	0.255	-0.09
0.155	0.255	-0.09
0.315	0.245	-0.09
0.185	0.245	-0.09
0.005	0.605	-0.09
0.015	0.615	-0.09
0.015	0.625	-0.09
0.025	0.635	-0.09
0.025	0.645	-0.09
0.035	0.645	-0.0899653
0.035	0.655	-0.0899941
0.505	0.525	-0.09
0.505	0.535	-0.09
0.505	0.545	-0.09
0.505	0.555	-0.09
0.505	0.565	-0.09
0.505	0.575	-0.09
0.505	0.585	-0.09
0.495	0.595	-0.09
0.495	0.605	-0.09
0.485	0.615	-0.09
0.475	0.625	-0.09
0.485	0.625	-0.09
0.475	0.635	-0.09
0.505	0.515	-0.09
0.035	0.665	-0.09
0.045	0.665	-0.0899834
0.045	0.675	-0.0899976
0.055	0.675	-0.0899723
0.055	0.685	-0.0899938
0.065	0.685	-0.0899672
0.075	0.695	-0.0899703
0.085	0.695	-0.0898511
0.095	0.705	-0.0898895
0.465	0.645	-0.09
0.475	0.645	-0.09
0.465	0.655	-0.09
0.505	0.435	-0.09
0.505	0.445	-0.09
0.505	0.455	-0.09
0.505	0.465	-0.09
0.505	0.475	-0.09
0.505	0.485	-0.09
0.505	0.495	-0.0899997
0.455	0.665	-0.09
0.465	0.665	-0.09
0.445	0.675	-0.09
0.455	0.675	-0.09
0.435	0.685	-0.09
0.445	0.685	-0.09
0.415	0.695	-0.089976
0.425	0.695	-0.09
0.405	0.705	-0.0899875
0.105	0.715	-0.0899327
0.395	0.715	-0.089997
0.105	0.725	-0.089993
0.115	0.725	-0.0899674
0.115	0.735	-0.0899977
0.125	0.735	-0.0899882
0.135	0.745	-0.0899976
0.145	0.745	-0.0899897
0.155	0.755	-0.0899991
0.165	0.755	-0.0899951
0.175	0.755	-0.0899864
0.505	0.425	-0.09
0.495	0.405	-0.09
0.385	0.725	-0.09
0.375	0.735	-0.09
0.185	0.765	-0.09
0.195	0.765	-0.0899999
0.205	0.765	-0.0899992
0.215	0.765	-0.0899978
0.225	0.765	-0.0899965
0.235	0.765	-0.0899965
0.245	0.765	-0.0899979
0.355	0.745	-0.09
0.365	0.745	-0.09
0.325	0.755	-0.09
0.335	0.755	-0.09
0.345	0.755	-0.09
0.255	0.765	-0.0899994
0.265	0.765	-0.09
0.275	0.765	-0.09
0.285	0.765	-0.09
0.295	0.765	-0.09
0.305	0.765	-0.09
0.315	0.765	-0.09
0.505	0.505	-0.09
0.005	0.405	-0.09
0.485	0.385	-0.09
0.015	0.385	-0.09
0.505	0.415	-0.09
0.495	0.395	-0.09
0.005	0.395	-0.09
0.365	0.265	-0.09
0.135	0.265	-0.09
0.175	0.245	-0.09
0.325	0.245	-0.09
0.355	0.255	-0.09
0.145	0.255	-0.09
0.335	0.245	-0.09
0.165	0.245	-0.09
0.195	0.235	-0.09
0.205	0.235	-0.09
0.215	0.235	-0.09
0.225	0.235	-0.09
0.235	0.235	-0.09
0.245	0.235	-0.09
0.255	0.235	-0.09
0.265	0.235	-0.09
0.275	0.235	-0.09
0.285	0.235	-0.09
0.295	0.235	-0.09
0.305	0.235	-0.09
0.405	0.295	-0.09
0.415	0.305	-0.09
0.425	0.305	-0.09
0.435	0.315	-0.09
0.445	0.315	-0.09
0.445	0.325	-0.09
0.455	0.325	-0.09
0.455	0.335	-0.09
0.465	0.335	-0.09
0.465	0.345	-0.09
0.475	0.355	-0.09
0.475	0.365	-0.09
0.485	0.375	-0.09
0.395	0.285	-0.09
0.385	0.275	-0.09
0.095	0.295	-0.09
0.085	0.305	-0.09
0.075	0.305	-0.09
0.065	0.315	-0.09
0.055	0.315	-0.09
0.055	0.325	-0.09
0.045	0.325	-0.09
0.045	0.335	-0.09
0.035	0.335	-0.09
0.035	0.345	-0.09
0.025	0.355	-0.09
0.025	0.365	-0.09
0.015	0.375	-0.09
0.105	0.285	-0.09
0.115	0.275	-0.09
0.375	0.265	-0.09
0.125	0.265	-0.09
0.345	0.245	-0.09
0.155	0.245	-0.09
0.315	0.235	-0.09
0.185	0.235	-0.09
0.005	0.615	-0.09
0.005	0.625	-0.09
0.015	0.635	-0.09
0.015	0.645	-0.09
0.025	0.655	-0.09
0.515	0.525	-0.09
0.515	0.535	-0.09
0.515	0.545	-0.09
0.515	0.555	-0.09
0.515	0.565	-0.09
0.515	0.575	-0.09
0.515	0.585	-0.09
0.505	0.595	-0.09
0.505	0.605	-0.09
0.495	0.615	-0.09
0.495	0.625	-0.09
0.485	0.635	-0.09
0.515	0.515	-0.09
0.025	0.665	-0.09
0.035	0.675	-0.09
0.045	0.685	-0.09
0.055	0.695	-0.0899996
0.065	0.695	-0.0899933
0.075	0.705	-0.0899961
0.085	0.705	-0.0899773
0.095	0.715	-0.0899856
0.475	0.655	-0.09
0.485	0.645	-0.09
0.515	0.435	-0.09
0.515	0.445	-0.09
0.515	0.455	-0.09
0.515	0.465	-0.09
0.515	0.475	-0.09
0.515	0.485	-0.09
0.515	0.495	-0.09
0.465	0.675	-0.09
0.475	0.665	-0.09
0.455	0.685	-0.09
0.435	0.695	-0.09
0.445	0.695	-0.09
0.415	0.705	-0.09
0.425	0.705	-0.09
0.405	0.715	-0.09
0.395	0.725	-0.09
0.095	0.725	-0.0899989
0.105	0.735	-0.0899995
0.115	0.745	-0.09
0.125	0.745	-0.0899994
0.135	0.755	-0.09
0.145	0.755	-0.0899999
0.155	0.765	-0.09
0.165	0.765	-0.09
0.175	0.765	-0.09
0.515	0.425	-0.09
0.505	0.405	-0.09
0.385	0.735	-0.09
0.375	0.745	-0.09
0.185	0.775	-0.09
0.195	0.775	-0.09
0.205	0.775	-0.09
0.215	0.775	-0.09
0.225	0.775	-0.09
0.235	0.775	-0.09
0.245	0.775	-0.09
0.355	0.755	-0.09
0.365	0.755	-0.09
0.325	0.765	-0.09
0.335	0.765	-0.09
0.345	0.765	-0.09
0.255	0.775	-0.09
0.265	0.775	-0.09
0.275	0.775	-0.09
0.285	0.775	-0.09
0.295	0.775	-0.09
0.305	0.775	-0.09
0.315	0.775	-0.09
0.515	0.505	-0.09
0.495	0.385	-0.09
0.005	0.385	-0.09
0.515	0.415	-0.09
0.505	0.395	-0.09
0.365	0.255	-0.09
0.135	0.255	-0.09
0.175	0.235	-0.09
0.325	0.235	-0.09
0.355	0.245	-0.09
0.145	0.245	-0.09
0.335	0.235	-0.09
0.165	0.235	-0.09
0.195	0.225	-0.09
0.205	0.225	-0.09
0.215	0.225	-0.09
0.225	0.225	-0.09
0.235	0.225	-0.09
0.245	0.225	-0.09
0.255	0.225	-0.09
0.265	0.225	-0.09
0.275	0.225	-0.09
0.285	0.225	-0.09
0.295	0.225	-0.09
0.305	0.225	-0.09
0.405	0.285	-0.09
0.415	0.295	-0.09
0.425	0.295	-0.09
0.435	0.305	-0.09
0.445	0.305	-0.09
0.455	0.315	-0.09
0.465	0.325	-0.09
0.475	0.335	-0.09
0.475	0.345	-0.09
0.485	0.355	-0.09
0.485	0.365	-0.09
0.495	0.375	-0.09
0.395	0.275	-0.09
0.385	0.265	-0.09
0.095	0.285	-0.09
0.085	0.295	-0.09
0.075	0.295	-0.09
0.065	0.305	-0.09
0.055	0.305	-0.09
0.045	0.315	-0.09
0.035	0.325	-0.09
0.025	0.335	-0.09
0.025	0.345	-0.09
0.015	0.355	-0.09
0.015	0.365	-0.09
0.005	0.375	-0.09
0.105	0.275	-0.09
0.115	0.265	-0.09
0.375	0.255	-0.09
0.125	0.255	-0.09
0.345	0.235	-0.09
0.155	0.235	-0.09
0.315	0.225	-0.09
0.185	0.225	-0.09
0.005	0.635	-0.09
0.005	0.645	-0.09
0.015	0.655	-0.09
0.015	0.665	-0.09
0.525	0.525	-0.09
0.525	0.535	-0.09
0.525	0.545	-0.09
0.525	0.555	-0.09
0.525	0.565	-0.09
0.525	0.575	-0.09
0.525	0.585	-0.09
0.515	0.595	-0.09
0.515	0.605	-0.09
0.505	0.615	-0.09
0.515	0.615	-0.09
0.505	0.625	-0.09
0.495	0.635	-0.09
0.495	0.645	-0.09
0.525	0.515	-0.09
0.025	0.675	-0.09
0.025	0.685	-0.09
0.035	0.685	-0.09
0.035	0.695	-0.09
0.045	0.695	-0.09
0.055	0.705	-0.09
0.065	0.705	-0.09
0.065	0.715	-0.09
0.075	0.715	-0.0899998
0.085	0.715	-0.0899978
0.485	0.655	-0.09
0.485	0.665	-0.09
0.525	0.435	-0.09
0.525	0.445	-0.09
0.525	0.455	-0.09
0.525	0.465	-0.09
0.525	0.475	-0.09
0.525	0.485	-0.09
0.525	0.495	-0.09
0.475	0.675	-0.09
0.465	0.685	-0.09
0.475	0.685	-0.09
0.455	0.695	-0.09
0.465	0.695	-0.09
0.435	0.705	-0.09
0.445	0.705	-0.09
0.415	0.715	-0.09
0.425	0.715	-0.09
0.435	0.715	-0.09
0.405	0.725	-0.09
0.395	0.735	-0.09
0.085	0.725	-0.09
0.085	0.735	-0.09
0.095	0.735	-0.09
0.095	0.745	-0.09
0.105	0.745	-0.09
0.115	0.755	-0.09
0.125	0.755	-0.09
0.125	0.765	-0.09
0.135	0.765	-0.09
0.145	0.765	-0.09
0.155	0.775	-0.09
0.165	0.775	-0.09
0.175	0.775	-0.09
0.525	0.425	-0.09
0.515	0.405	-0.09
0.385	0.745	-0.09
0.375	0.755	-0.09
0.185	0.785	-0.09
0.195	0.785	-0.09
0.205	0.785	-0.09
0.215	0.785	-0.09
0.225	0.785	-0.09
0.235	0.785	-0.09
0.245	0.785	-0.09
0.355	0.765	-0.09
0.365	0.765	-0.09
0.375	0.765	-0.09
0.325	0.775	-0.09
0.335	0.775	-0.09
0.345	0.775	-0.09
0.255	0.785	-0.09
0.265	0.785	-0.09
0.275	0.785	-0.09
0.285	0.785	-0.09
0.295	0.785	-0.09
0.305	0.785	-0.09
0.315	0.785	-0.09
0.525	0.505	-0.09
0.505	0.385	-0.09
0.525	0.415	-0.09
0.515	0.395	-0.09
0.365	0.245	-0.09
0.135	0.245	-0.09
0.175	0.225	-0.09
0.325	0.225	-0.09
0.355	0.235	-0.09
0.145	0.235	-0.09
0.335	0.225	-0.09
0.165	0.225	-0.09
0.195	0.215	-0.09
0.205	0.215	-0.09
0.215	0.215	-0.09
0.225	0.215	-0.09
0.235	0.215	-0.09
0.245	0.215	-0.09
0.255	0.215	-0.09
0.265	0.215	-0.09
0.275	0.215	-0.09
0.285	0.215	-0.09
0.295	0.215	-0.09
0.305	0.215	-0.09
0.405	0.275	-0.09
0.415	0.285	-0.09
0.425	0.285	-0.09
0.435	0.285	-0.09
0.435	0.295	-0.09
0.445	0.295	-0.09
0.455	0.305	-0.09
0.465	0.305	-0.09
0.465	0.315	-0.09
0.475	0.315	-0.09
0.475	0.325	-0.09
0.485	0.335	-0.09
0.485	0.345	-0.09
0.495	0.345	-0.09
0.495	0.355	-0.09
0.495	0.365	-0.09
0.505	0.375	-0.09
0.395	0.265	-0.09
0.385	0.255	-0.09
0.095	0.275	-0.09
0.085	0.285	-0.09
0.075	0.285	-0.09
0.065	0.285	-0.09
0.065	0.295	-0.09
0.055	0.295	-0.09
0.045	0.305	-0.09
0.035	0.305	-0.09
0.035	0.315	-0.09
0.025	0.315	-0.09
0.025	0.325	-0.09
0.015	0.335	-0.09
0.015	0.345	-0.09
0.005	0.345	-0.09
0.005	0.355	-0.09
0.005	0.365	-0.09
0.105	0.265	-0.09
0.115	0.255	-0.09
0.375	0.245	-0.09
0.125	0.245	-0.09
0.345	0.225	-0.09
0.155	0.225	-0.09
0.315	0.215	-0.09
0.185	0.215	-0.09
0.005	0.655	-0.09
0.005	0.665	-0.09
0.015	0.675	-0.09
0.535	0.525	-0.09
0.535	0.535	-0.09
0.535	0.545	-0.09
0.535	0.555	-0.09
0.535	0.565	-0.09
0.535	0.575	-0.09
0.535	0.585	-0.09
0.525	0.595	-0.09
0.525	0.605	-0.09
0.525	0.615	-0.09
0.515	0.625	-0.09
0.505	0.635	-0.09
0.515	0.635	-0.09
0.505	0.645	-0.09
0.495	0.655	-0.09
0.535	0.515	-0.09
0.015	0.685	-0.09
0.025	0.695	-0.09
0.035	0.705	-0.09
0.045	0.705	-0.09
0.045	0.715	-0.09
0.055	0.715	-0.09
0.065	0.725	-0.09
0.075	0.725	-0.09
0.495	0.665	-0.09
0.485	0.675	-0.09
0.535	0.435	-0.09
0.535	0.445	-0.09
0.535	0.455	-0.09
0.535	0.465	-0.09
0.535	0.475	-0.09
0.535	0.485	-0.09
0.535	0.495	-0.09
0.485	0.685	-0.09
0.475	0.695	-0.09
0.455	0.705	-0.09
0.465	0.705	-0.09
0.445	0.715	-0.09
0.455	0.715	-0.09
0.415	0.725	-0.09
0.425	0.725	-0.09
0.435	0.725	-0.09
0.405	0.735	-0.09
0.395	0.745	-0.09
0.075	0.735	-0.09
0.085	0.745	-0.09
0.095	0.755	-0.09
0.105	0.755	-0.09
0.105	0.765	-0.09
0.115	0.765	-0.09
0.125	0.775	-0.09
0.135	0.775	-0.09
0.145	0.775	-0.09
0.155	0.785	-0.09
0.165	0.785	-0.09
0.175	0.785	-0.09
0.535	0.425	-0.09
0.525	0.405	-0.09
0.385	0.755	-0.09
0.185	0.795	-0.09
0.195	0.795	-0.09
0.205	0.795	-0.09
0.215	0.795	-0.09
0.225	0.795	-0.09
0.235	0.795	-0.09
0.245	0.795	-0.09
0.355	0.775	-0.09
0.365	0.775	-0.09
0.375	0.775	-0.09
0.385	0.765	-0.09
0.325	0.785	-0.09
0.335	0.785	-0.09
0.345	0.785	-0.09
0.255	0.795	-0.09
0.265	0.795	-0.09
0.275	0.795	-0.09
0.285	0.795	-0.09
0.295	0.795	-0.09
0.305	0.795	-0.09
0.315	0.795	-0.09
0.535	0.505	-0.09
0.515	0.385	-0.09
0.535	0.415	-0.09
0.525	0.395	-0.09
0.365	0.235	-0.09
0.135	0.235	-0.09
0.175	0.215	-0.09
0.325	0.215	-0.09
0.355	0.225	-0.09
0.145	0.225	-0.09
0.335	0.215	-0.09
0.165	0.215	-0.09
0.195	0.205	-0.09
0.205	0.205	-0.09
0.215	0.205	-0.09
0.225	0.205	-0.09
0.235	0.205	-0.09
0.245	0.205	-0.09
0.255	0.205	-0.09
0.265	0.205	-0.09
0.275	0.205	-0.09
0.285	0.205	-0.09
0.295	0.205	-0.09
0.305	0.205	-0.09
0.405	0.265	-0.09
0.415	0.275	-0.09
0.425	0.275	-0.09
0.435	0.275	-0.09
0.445	0.285	-0.09
0.455	0.285	-0.09
0.455	0.295	-0.09
0.465	0.295	-0.09
0.475	0.305	-0.09
0.485	0.315	-0.09
0.485	0.325	-0.09
0.495	0.325	-0.09
0.495	0.335	-0.09
0.505	0.345	-0.09
0.505	0.355	-0.09
0.505	0.365	-0.09
0.515	0.375	-0.09
0.395	0.255	-0.09
0.385	0.245	-0.09
0.095	0.265	-0.09
0.085	0.275	-0.09
0.075	0.275	-0.09
0.065	0.275	-0.09
0.055	0.285	-0.09
0.045	0.285	-0.09
0.045	0.295	-0.09
0.035	0.295	-0.09
0.025	0.305	-0.09
0.015	0.315	-0.09
0.015	0.325	-0.09
0.005	0.325	-0.09
0.005	0.335	-0.09
0.105	0.255	-0.09
0.115	0.245	-0.09
0.375	0.235	-0.09
0.125	0.235	-0.09
0.345	0.215	-0.09
0.155	0.215	-0.09
0.315	0.205	-0.09
0.185	0.205	-0.09
