0.425	0.115	-0.00456543
0.435	0.115	-1.73118e-05
0.525	0.375	-0.000270842
0.445	0.395	-0.00630436
0.445	0.105	-0.00529963
0.455	0.105	-0.00205782
0.525	0.385	-0.00490905
0.465	0.105	0.000589258
0.475	0.105	0.00259061
0.485	0.105	0.00391106
0.455	0.385	0.00435321
0.535	0.385	0.00114361
0.495	0.105	0.00453451
0.455	0.395	-0.0051366
0.505	0.105	0.00446397
0.465	0.095	-0.00909746
0.545	0.385	0.0037088
0.475	0.095	-0.00718622
0.515	0.105	0.00371846
0.485	0.095	-0.0059205
0.465	0.375	0.00782021
0.515	0.365	-0.0100593
0.405	0.125	-0.00707324
0.465	0.385	0.00165046
0.565	0.375	0.00861773
0.525	0.105	0.00232397
0.465	0.355	0.00995175
0.545	0.115	0.00713565
0.425	0.385	-0.00465925
0.495	0.095	-0.00532393
0.465	0.345	0.00976592
0.555	0.385	0.00276329
0.565	0.125	0.00875726
0.465	0.335	0.00964393
0.465	0.325	0.00964874
0.485	0.155	0.000428274
0.435	0.385	-0.00022839
0.445	0.385	0.00319175
0.505	0.095	-0.00539223
0.405	0.375	-0.00709099
0.535	0.105	0.000306277
0.555	0.115	0.00377216
0.515	0.315	-0.00910006
0.465	0.315	0.00976849
0.395	0.135	-0.00577031
0.535	0.395	-0.00759421
0.585	0.365	0.0069113
0.515	0.305	-0.00863409
0.515	0.295	-0.00822124
0.415	0.125	-0.00125591
0.445	0.115	0.00399361
0.575	0.375	0.00402002
0.395	0.365	-0.00576547
0.575	0.125	0.00397758
0.585	0.135	0.00684158
0.355	0.185	-0.00890483
0.515	0.285	-0.00785844
0.515	0.275	-0.00755409
0.495	0.155	-0.0041082
0.525	0.365	0.000244986
0.385	0.145	-0.0057497
0.515	0.095	-0.00610441
0.565	0.385	-0.000407625
0.375	0.155	-0.0070145
0.415	0.375	-0.00131007
0.545	0.105	-0.00231205
0.475	0.365	4.21274e-05
0.475	0.375	-0.000881878
0.385	0.355	-0.00574473
0.525	0.355	-0.000404567
0.375	0.345	-0.00701004
0.615	0.335	0.00697887
0.345	0.215	-0.00890481
0.355	0.315	-0.00890498
0.615	0.165	0.00694744
0.515	0.265	-0.00731393
0.345	0.285	-0.00889891
0.635	0.295	0.00768499
0.635	0.205	0.00767962
0.515	0.255	-0.00712895
0.545	0.395	-0.00582954
0.565	0.115	-0.000190471
0.475	0.355	-0.000161783
0.525	0.345	-0.000565671
0.365	0.175	-0.00443573
0.475	0.345	-0.000358433
0.525	0.335	-0.000402093
0.355	0.195	-0.00508357
0.625	0.325	0.00420988
0.345	0.225	-0.00700431
0.355	0.305	-0.00508022
0.515	0.245	-0.00700405
0.345	0.275	-0.00699911
0.345	0.235	-0.00572427
0.345	0.245	-0.00508025
0.515	0.235	-0.00696375
0.345	0.265	-0.00572162
0.345	0.255	-0.00507963
0.515	0.225	-0.00702557
0.515	0.215	-0.00720157
0.515	0.205	-0.00746146
0.515	0.195	-0.00773554
0.405	0.135	0.000773521
0.475	0.335	-0.000439987
0.525	0.325	-9.05888e-05
0.365	0.325	-0.00443653
0.525	0.315	0.000301221
0.475	0.325	-0.000375754
0.475	0.315	-0.000194025
0.625	0.175	0.00418757
0.635	0.305	0.00421422
0.635	0.195	0.00420742
0.495	0.145	0.00517421
0.475	0.305	3.63941e-05
0.475	0.295	0.000262799
0.505	0.155	-0.00378826
0.645	0.235	0.0042162
0.645	0.245	0.00490617
0.645	0.255	0.00490637
0.645	0.265	0.00421734
0.645	0.275	0.00284948
0.645	0.225	0.00284713
0.515	0.185	-0.00783233
0.515	0.175	-0.0071679
0.425	0.125	0.00410061
0.525	0.095	-0.00743337
0.475	0.165	0.00338594
0.405	0.365	0.000768022
0.585	0.375	-0.00126884
0.595	0.365	0.00078391
0.605	0.355	0.00147683
0.375	0.165	-0.00116698
0.585	0.125	-0.00133366
0.595	0.135	0.000736654
0.615	0.345	0.000815016
0.605	0.145	0.00144315
0.375	0.335	-0.00116363
0.615	0.155	0.000784497
0.525	0.305	0.000702145
0.355	0.205	-0.00182503
0.635	0.315	0.00015307
0.525	0.295	0.00106566
0.525	0.285	0.0013829
0.475	0.285	0.00046887
0.355	0.295	-0.00181952
0.475	0.275	0.000646081
0.475	0.265	0.00077903
0.635	0.185	0.000146453
0.645	0.285	0.000822909
0.645	0.215	0.000821265
0.475	0.255	0.000851758
0.475	0.245	0.000861642
0.475	0.235	0.000805227
0.515	0.165	-0.00458789
0.455	0.115	0.00743087
0.465	0.395	-0.00678104
0.555	0.395	-0.00673863
0.425	0.375	0.00401375
0.475	0.385	-0.0047889
0.395	0.145	0.00147538
0.575	0.385	-0.00469169
0.555	0.105	-0.00551022
0.385	0.155	0.000821805
0.395	0.355	0.00147903
0.385	0.345	0.000826902
0.365	0.185	0.000165174
0.625	0.335	-0.00117917
0.365	0.315	0.000167658
0.625	0.165	-0.00120143
0.355	0.215	0.000833923
0.525	0.275	0.00164737
0.355	0.285	0.000838439
0.525	0.265	0.00185379
0.645	0.205	-0.0018346
0.645	0.295	-0.00183479
0.475	0.175	0.00085015
0.525	0.255	0.00201139
0.525	0.245	0.00211508
0.475	0.225	0.000678441
0.475	0.215	0.000486674
0.475	0.205	0.000269759
0.475	0.185	0.000154437
0.475	0.195	0.000102483
0.575	0.115	-0.00470538
0.375	0.175	0.00422436
0.365	0.195	0.00422421
0.375	0.325	0.00422688
0.505	0.145	0.00520736
0.355	0.225	0.00286031
0.365	0.305	0.00422687
0.355	0.275	0.0028618
0.515	0.155	0.000781639
0.355	0.235	0.00422682
0.525	0.235	0.00214085
0.355	0.265	0.00422659
0.355	0.245	0.00491453
0.355	0.255	0.00491433
0.525	0.225	0.00206243
0.525	0.215	0.00187323
0.525	0.205	0.00160248
0.525	0.195	0.00131596
0.525	0.185	0.00119346
0.525	0.175	0.00173401
0.485	0.165	-0.00561594
0.635	0.325	-0.00444935
0.635	0.175	-0.00445606
0.645	0.305	-0.00509306
0.645	0.195	-0.00509008
0.655	0.225	-0.00701903
0.655	0.235	-0.00573625
0.655	0.245	-0.00508965
0.655	0.255	-0.00508882
0.655	0.265	-0.00573337
0.655	0.275	-0.00701455
0.525	0.165	0.00377626
0.435	0.125	0.00891594
0.535	0.375	0.00828188
0.415	0.135	0.00691091
0.535	0.095	-0.00935156
0.435	0.375	0.00875764
0.415	0.365	0.00686673
0.595	0.375	-0.00706633
0.605	0.365	-0.00576039
0.615	0.355	-0.00574866
0.595	0.125	-0.00712256
0.605	0.135	-0.00579731
0.615	0.145	-0.00577687
0.535	0.355	0.0102042
0.385	0.165	0.00698811
0.485	0.365	-0.010115
0.535	0.345	0.00978875
0.385	0.335	0.00699049
0.625	0.345	-0.00702241
0.625	0.155	-0.00704078
0.535	0.335	0.00976527
0.535	0.325	0.00994209
0.365	0.205	0.00769592
0.365	0.295	0.00769491
0.485	0.305	-0.00941957
0.645	0.315	-0.00891516
0.645	0.185	-0.00891148
0.485	0.295	-0.00913419
0.485	0.285	-0.0088718
0.655	0.285	-0.00891563
0.655	0.215	-0.00891987
0.485	0.175	-0.00855031
0.485	0.275	-0.00864994
0.485	0.265	-0.00848343
0.485	0.255	-0.00838692
0.485	0.245	-0.00836332
0.485	0.235	-0.00841896
0.485	0.225	-0.0085355
0.485	0.185	-0.00923706
0.485	0.215	-0.00873622
0.485	0.205	-0.00898767
0.485	0.195	-0.00921433
0.415	0.105	-0.0181782
0.425	0.105	-0.013385
0.435	0.105	-0.00908551
0.415	0.115	-0.00962793
0.445	0.125	0.0131494
0.535	0.365	0.0107146
0.515	0.375	-0.0101963
0.515	0.385	-0.012918
0.435	0.395	-0.0093694
0.435	0.405	-0.01863
0.445	0.405	-0.0158962
0.455	0.405	-0.0147777
0.435	0.095	-0.0182477
0.445	0.095	-0.0146687
0.455	0.095	-0.0116075
0.465	0.115	0.0101905
0.515	0.395	-0.01818
0.525	0.395	-0.0120117
0.475	0.115	0.0121848
0.485	0.115	0.0134422
0.495	0.115	0.0140404
0.445	0.375	0.0124074
0.455	0.375	0.012871
0.545	0.375	0.01262
0.505	0.115	0.0140002
0.465	0.405	-0.0158597
0.515	0.115	0.0132992
0.455	0.085	-0.0212103
0.465	0.085	-0.0188457
0.475	0.085	-0.0170457
0.555	0.375	0.012046
0.485	0.085	-0.0158464
0.525	0.115	0.0119202
0.495	0.085	-0.01527
0.455	0.365	0.0179282
0.465	0.365	0.00987616
0.505	0.355	-0.0182274
0.515	0.355	-0.0104528
0.505	0.365	-0.0180237
0.505	0.375	-0.0181851
0.395	0.115	-0.0210861
0.405	0.115	-0.0151514
0.395	0.125	-0.0133039
0.475	0.395	-0.0114779
0.555	0.365	0.0203064
0.565	0.365	0.0172905
0.575	0.365	0.0125091
0.535	0.115	0.00986096
0.455	0.345	0.019628
0.455	0.355	0.0194251
0.535	0.125	0.0190423
0.545	0.125	0.0163955
0.555	0.125	0.0129287
0.415	0.385	-0.00969311
0.415	0.395	-0.0182436
0.425	0.395	-0.0134822
0.505	0.085	-0.0153198
0.455	0.335	0.0196433
0.565	0.395	-0.00958502
0.555	0.135	0.0217954
0.565	0.135	0.0175391
0.575	0.135	0.0124718
0.455	0.325	0.0196957
0.455	0.315	0.0198108
0.475	0.145	0.0150672
0.485	0.145	0.00868871
0.475	0.155	0.00840176
0.495	0.165	-0.0113912
0.515	0.085	-0.0159829
0.395	0.375	-0.0133032
0.395	0.385	-0.0210942
0.405	0.385	-0.0151836
0.545	0.095	-0.0118366
0.565	0.105	-0.00925884
0.505	0.305	-0.0160698
0.505	0.315	-0.0165701
0.505	0.325	-0.0171062
0.515	0.325	-0.00957596
0.455	0.305	0.0199581
0.465	0.305	0.00994633
0.385	0.125	-0.0198951
0.385	0.135	-0.0126701
0.405	0.145	0.00835065
0.525	0.405	-0.0200398
0.535	0.405	-0.0166513
0.545	0.405	-0.015422
0.575	0.355	0.0206426
0.585	0.355	0.0148222
0.595	0.355	0.00836286
0.505	0.295	-0.0156231
0.505	0.285	-0.0152201
0.425	0.135	0.012558
0.455	0.125	0.0167302
0.585	0.385	-0.00966378
0.405	0.355	0.0083404
0.385	0.365	-0.0126653
0.385	0.375	-0.0198915
0.585	0.115	-0.00972601
0.575	0.145	0.0207304
0.585	0.145	0.0147807
0.595	0.145	0.00831379
0.345	0.175	-0.022195
0.355	0.175	-0.0132504
0.345	0.185	-0.0180811
0.345	0.195	-0.0144727
0.505	0.275	-0.0148823
0.505	0.265	-0.0146165
0.505	0.165	-0.0106966
0.375	0.135	-0.0198789
0.375	0.145	-0.013266
0.395	0.155	0.00837835
0.525	0.085	-0.0172358
0.575	0.395	-0.0135563
0.365	0.145	-0.0210389
0.365	0.155	-0.0150832
0.365	0.165	-0.00953433
0.425	0.365	0.0125135
0.555	0.095	-0.0148672
0.485	0.355	-0.0101644
0.485	0.375	-0.0109442
0.485	0.385	-0.0135068
0.395	0.345	0.00837599
0.375	0.355	-0.013261
0.375	0.365	-0.0198728
0.515	0.345	-0.0103126
0.365	0.335	-0.00953514
0.365	0.345	-0.0150814
0.365	0.355	-0.0210341
0.605	0.325	0.0209251
0.615	0.325	0.012687
0.605	0.335	0.014883
0.605	0.345	0.00837892
0.335	0.205	-0.0210307
0.345	0.205	-0.0114035
0.335	0.215	-0.0186745
0.335	0.225	-0.0168853
0.345	0.305	-0.0144702
0.345	0.315	-0.0180798
0.345	0.325	-0.0221942
0.355	0.325	-0.0132522
0.605	0.155	0.00834283
0.605	0.165	0.0148603
0.605	0.175	0.0209267
0.615	0.175	0.012663
0.505	0.255	-0.0144189
0.335	0.275	-0.0168806
0.335	0.285	-0.0186693
0.335	0.295	-0.0210254
0.345	0.295	-0.0113991
0.625	0.285	0.0201666
0.635	0.285	0.0105225
0.625	0.295	0.0171287
0.625	0.305	0.0134215
0.625	0.195	0.0134093
0.625	0.205	0.0171248
0.625	0.215	0.0201696
0.635	0.215	0.0105196
0.505	0.245	-0.0142929
0.555	0.405	-0.016325
0.575	0.105	-0.0135276
0.485	0.345	-0.0102262
0.515	0.335	-0.00999725
0.355	0.165	-0.0180802
0.375	0.185	0.00911011
0.485	0.335	-0.0102009
0.615	0.315	0.0178806
0.625	0.315	0.00909589
0.635	0.335	-0.00954852
0.335	0.235	-0.0156817
0.505	0.235	-0.014257
0.335	0.265	-0.0156784
0.335	0.245	-0.0150762
0.335	0.255	-0.015075
0.505	0.225	-0.0142881
0.505	0.215	-0.0144242
0.505	0.205	-0.0146373
0.505	0.195	-0.0148554
0.505	0.185	-0.0148786
0.415	0.145	0.0148168
0.485	0.325	-0.0100006
0.535	0.315	0.0102194
0.375	0.315	0.00910625
0.355	0.335	-0.0180818
0.535	0.305	0.010529
0.485	0.315	-0.00971879
0.635	0.165	-0.00955289
0.615	0.185	0.0178688
0.625	0.185	0.00907697
0.485	0.135	0.0173098
0.495	0.135	0.0148693
0.505	0.135	0.0148212
0.465	0.295	0.0101288
0.465	0.285	0.0102966
0.515	0.145	0.00850971
0.635	0.225	0.0126888
0.635	0.235	0.0141565
0.635	0.245	0.0148971
0.635	0.255	0.0148965
0.635	0.265	0.0141561
0.635	0.275	0.01269
0.505	0.175	-0.0140563
0.435	0.135	0.017658
0.535	0.085	-0.0190521
0.465	0.155	0.0175129
0.465	0.165	0.0132467
0.465	0.175	0.0109789
0.415	0.355	0.0148076
0.595	0.385	-0.0151542
0.605	0.375	-0.0132923
0.595	0.345	0.0156076
0.615	0.365	-0.0126602
0.385	0.175	0.0127037
0.595	0.115	-0.0152181
0.605	0.125	-0.013339
0.625	0.355	-0.0132669
0.615	0.135	-0.0126926
0.595	0.155	0.0155816
0.385	0.325	0.0126923
0.625	0.145	-0.0132851
0.535	0.295	0.0108235
0.365	0.215	0.0105355
0.645	0.325	-0.0132627
0.535	0.285	0.0110839
0.535	0.275	0.0113007
0.465	0.275	0.0104433
0.365	0.285	0.0105322
0.465	0.265	0.0105552
0.465	0.255	0.0106181
0.645	0.175	-0.0132613
0.655	0.295	-0.0114137
0.655	0.205	-0.0114165
0.465	0.245	0.0106296
0.465	0.235	0.0105874
0.465	0.225	0.0104857
0.525	0.155	0.00800019
0.465	0.125	0.0192763
0.475	0.405	-0.0194691
0.565	0.405	-0.0188927
0.435	0.365	0.0174815
0.485	0.395	-0.0184275
0.405	0.155	0.0156092
0.585	0.395	-0.0182359
0.565	0.095	-0.0184179
0.395	0.165	0.0148953
0.405	0.345	0.015598
0.395	0.335	0.0148807
0.375	0.195	0.0134353
0.635	0.345	-0.0150922
0.375	0.305	0.0134256
0.635	0.155	-0.0150997
0.365	0.225	0.0127035
0.535	0.265	0.0114691
0.365	0.275	0.0127011
0.535	0.255	0.0115954
0.655	0.195	-0.0144848
0.655	0.305	-0.0144824
0.465	0.185	0.0102441
0.535	0.245	0.011674
0.535	0.235	0.0116848
0.465	0.215	0.0103396
0.465	0.205	0.0101883
0.465	0.195	0.0101039
0.585	0.105	-0.0182884
0.385	0.185	0.0179021
0.375	0.205	0.0171442
0.385	0.315	0.0178874
0.515	0.135	0.0173107
0.365	0.235	0.0141677
0.375	0.295	0.0171371
0.365	0.265	0.0141669
0.525	0.145	0.0143169
0.365	0.245	0.0149057
0.535	0.225	0.0116039
0.365	0.255	0.0149057
0.535	0.215	0.0114278
0.535	0.205	0.011185
0.535	0.195	0.0109413
0.535	0.185	0.0108704
0.535	0.175	0.0114032
0.535	0.165	0.0131652
0.495	0.175	-0.0149135
0.645	0.335	-0.0180946
0.645	0.165	-0.0180994
0.655	0.315	-0.0180914
0.655	0.185	-0.0180974
0.665	0.215	-0.0186963
0.665	0.225	-0.0169036
0.665	0.235	-0.015696
0.665	0.245	-0.0150882
0.665	0.255	-0.0150873
0.665	0.265	-0.0156928
0.665	0.275	-0.0168971
0.665	0.285	-0.0186865
0.535	0.155	0.0166001
0.445	0.135	0.0220056
0.545	0.365	0.0185617
0.425	0.145	0.0207859
0.545	0.085	-0.0214114
0.445	0.365	0.0206147
0.425	0.355	0.0207743
0.605	0.385	-0.0210781
0.615	0.375	-0.0198865
0.625	0.365	-0.0198776
0.605	0.115	-0.0211296
0.615	0.125	-0.0199147
0.625	0.135	-0.0198894
0.545	0.345	0.0199969
0.545	0.355	0.020021
0.395	0.175	0.0209515
0.495	0.355	-0.0182466
0.495	0.365	-0.018331
0.495	0.375	-0.0190671
0.545	0.335	0.0199992
0.395	0.325	0.0209467
0.635	0.355	-0.0210457
0.635	0.145	-0.0210548
0.545	0.325	0.0201216
0.545	0.315	0.0203131
0.375	0.215	0.0201842
0.375	0.285	0.0201851
0.495	0.295	-0.0162099
0.495	0.305	-0.0166022
0.495	0.315	-0.0170262
0.655	0.325	-0.022209
0.655	0.175	-0.0222214
0.495	0.285	-0.0158465
0.495	0.275	-0.0155423
0.665	0.295	-0.0210422
0.665	0.205	-0.0210548
0.495	0.185	-0.015718
0.495	0.265	-0.0153086
0.495	0.255	-0.0151524
0.495	0.245	-0.0150755
0.495	0.235	-0.0150887
0.495	0.225	-0.0151378
0.495	0.215	-0.0152829
0.495	0.195	-0.0157077
0.495	0.205	-0.0154985
0.415	0.095	-0.0268815
0.425	0.095	-0.0223249
0.405	0.105	-0.02343
0.505	0.385	-0.0201247
0.425	0.405	-0.0224395
0.435	0.415	-0.0280097
0.445	0.415	-0.0255406
0.455	0.415	-0.024476
0.435	0.085	-0.0274965
0.445	0.085	-0.0241026
0.505	0.395	-0.0242001
0.515	0.405	-0.0249885
0.475	0.125	0.0203105
0.485	0.125	0.0204686
0.495	0.125	0.0207802
0.505	0.125	0.0211652
0.465	0.415	-0.0252472
0.515	0.125	0.0213389
0.455	0.075	-0.0308722
0.465	0.075	-0.0286403
0.475	0.075	-0.026942
0.485	0.075	-0.0258058
0.525	0.125	0.0207164
0.495	0.075	-0.0252514
0.505	0.345	-0.0179887
0.395	0.105	-0.029092
0.385	0.115	-0.0273884
0.555	0.355	0.0259436
0.565	0.355	0.0252093
0.445	0.345	0.0283925
0.445	0.355	0.0260402
0.535	0.135	0.0245302
0.545	0.135	0.0245454
0.405	0.395	-0.0234685
0.415	0.405	-0.0269429
0.505	0.075	-0.0252857
0.445	0.335	0.0291444
0.555	0.145	0.028815
0.565	0.145	0.0258291
0.445	0.325	0.0295034
0.445	0.315	0.0297483
0.475	0.135	0.0212382
0.465	0.145	0.0224701
0.515	0.075	-0.0259012
0.385	0.385	-0.027388
0.395	0.395	-0.0291052
0.495	0.325	-0.0174794
0.505	0.335	-0.0176213
0.455	0.295	0.0201075
0.445	0.305	0.0299241
0.375	0.125	-0.026809
0.525	0.415	-0.0286585
0.535	0.415	-0.0259467
0.545	0.415	-0.025066
0.575	0.345	0.0282312
0.585	0.345	0.0223587
0.455	0.135	0.0248647
0.375	0.375	-0.0268032
0.575	0.155	0.0284896
0.585	0.155	0.0223991
0.345	0.165	-0.0267797
0.335	0.175	-0.031251
0.335	0.185	-0.0273472
0.335	0.195	-0.0239307
0.365	0.135	-0.027359
0.525	0.075	-0.0270793
0.575	0.405	-0.0225629
0.355	0.145	-0.0290327
0.355	0.155	-0.0233542
0.555	0.085	-0.024288
0.495	0.385	-0.0210245
0.365	0.365	-0.0273527
0.355	0.345	-0.0233537
0.355	0.355	-0.0290294
0.605	0.315	0.0264304
0.595	0.325	0.0287824
0.595	0.335	0.0224432
0.325	0.205	-0.0306988
0.325	0.215	-0.0284699
0.325	0.225	-0.0267797
0.335	0.305	-0.0239251
0.335	0.315	-0.0273414
0.335	0.325	-0.0312451
0.345	0.335	-0.0267786
0.595	0.165	0.022459
0.595	0.175	0.0288491
0.605	0.185	0.026459
0.325	0.275	-0.0267751
0.325	0.285	-0.0284634
0.325	0.295	-0.0306906
0.625	0.275	0.0224927
0.615	0.285	0.0297097
0.615	0.295	0.0264539
0.615	0.305	0.0224911
0.615	0.195	0.0224963
0.615	0.205	0.0264744
0.615	0.215	0.0297384
0.625	0.225	0.0224978
0.555	0.415	-0.0259547
0.575	0.095	-0.02247
0.495	0.345	-0.0181141
0.495	0.335	-0.0179124
0.325	0.235	-0.0256438
0.325	0.265	-0.0256411
0.325	0.245	-0.0250728
0.325	0.255	-0.0250719
0.415	0.155	0.0224069
0.545	0.305	0.0205423
0.455	0.285	0.0202465
0.625	0.235	0.0240737
0.625	0.245	0.02487
0.625	0.255	0.0248692
0.625	0.265	0.0240706
0.435	0.145	0.0259075
0.535	0.075	-0.0287995
0.455	0.155	0.0259411
0.455	0.165	0.0229025
0.455	0.175	0.0210302
0.415	0.345	0.0224488
0.595	0.395	-0.0234409
0.595	0.105	-0.0235079
0.545	0.295	0.02077
0.545	0.285	0.0209739
0.545	0.275	0.0211435
0.455	0.275	0.0203691
0.455	0.265	0.0204638
0.455	0.255	0.0205197
0.455	0.245	0.0205351
0.455	0.235	0.0205073
0.455	0.225	0.0204348
0.465	0.135	0.0246339
0.485	0.405	-0.0250958
0.475	0.415	-0.0281778
0.565	0.415	-0.0282984
0.435	0.355	0.0256004
0.495	0.395	-0.0248368
0.405	0.165	0.0224697
0.585	0.405	-0.0269645
0.565	0.085	-0.0276643
0.405	0.335	0.0224925
0.385	0.195	0.0225138
0.645	0.345	-0.0233658
0.385	0.305	0.022515
0.645	0.155	-0.0233842
0.375	0.225	0.0225102
0.545	0.265	0.0212755
0.375	0.275	0.022518
0.545	0.255	0.0213724
0.665	0.195	-0.023958
0.665	0.305	-0.0239413
0.455	0.185	0.0203618
0.545	0.245	0.0214288
0.545	0.235	0.0214291
0.455	0.215	0.0203329
0.455	0.205	0.0202344
0.455	0.195	0.0202003
0.585	0.095	-0.0270004
0.395	0.185	0.0264609
0.385	0.205	0.0264755
0.395	0.315	0.0265017
0.525	0.135	0.0213744
0.375	0.235	0.0240858
0.385	0.295	0.0265036
0.375	0.265	0.0240945
0.535	0.145	0.0213697
0.375	0.245	0.0248836
0.545	0.225	0.0213549
0.375	0.255	0.0248874
0.545	0.215	0.0212055
0.545	0.205	0.0210081
0.545	0.195	0.0208278
0.545	0.185	0.0208259
0.545	0.175	0.0213518
0.545	0.165	0.0228215
0.655	0.335	-0.0267941
0.655	0.165	-0.0268198
0.665	0.315	-0.0273593
0.665	0.185	-0.0273805
0.675	0.215	-0.0284996
0.675	0.225	-0.0268045
0.675	0.235	-0.0256643
0.675	0.245	-0.0250913
0.675	0.255	-0.0250909
0.675	0.265	-0.0256621
0.675	0.275	-0.0267987
0.675	0.285	-0.0284888
0.545	0.155	0.025341
0.445	0.145	0.0290231
0.425	0.155	0.0284152
0.545	0.075	-0.0310397
0.425	0.345	0.0285922
0.615	0.385	-0.0273765
0.605	0.395	-0.0290818
0.625	0.375	-0.0268041
0.635	0.365	-0.0273701
0.605	0.105	-0.0291356
0.615	0.115	-0.0274046
0.625	0.125	-0.0268163
0.635	0.135	-0.0273805
0.555	0.345	0.0286332
0.405	0.175	0.0288057
0.555	0.335	0.0295566
0.405	0.325	0.0289383
0.645	0.355	-0.0290537
0.645	0.145	-0.0290758
0.555	0.325	0.0299878
0.555	0.315	0.030268
0.385	0.215	0.0297303
0.385	0.285	0.0297821
0.665	0.325	-0.0312645
0.665	0.175	-0.0312921
0.675	0.295	-0.0307161
0.675	0.205	-0.0307333
0.415	0.085	-0.0357169
0.425	0.085	-0.031375
0.405	0.095	-0.0318856
0.425	0.415	-0.0315342
0.435	0.425	-0.0374953
0.445	0.425	-0.0352521
0.455	0.425	-0.0342644
0.435	0.075	-0.0368338
0.445	0.075	-0.0336102
0.505	0.405	-0.0300307
0.515	0.415	-0.0327521
0.465	0.425	-0.0348497
0.455	0.065	-0.0405656
0.465	0.065	-0.0384494
0.475	0.065	-0.0368427
0.485	0.065	-0.0357672
0.495	0.065	-0.0352389
0.395	0.095	-0.0372939
0.385	0.105	-0.0351234
0.375	0.115	-0.0340226
0.565	0.345	0.0315616
0.435	0.345	0.0320597
0.545	0.145	0.0273361
0.405	0.405	-0.0319231
0.415	0.415	-0.0357856
0.505	0.065	-0.035266
0.435	0.335	0.0359802
0.555	0.155	0.031836
0.565	0.155	0.0326401
0.435	0.325	0.0380495
0.435	0.315	0.0390487
0.455	0.145	0.0278792
0.515	0.065	-0.0358424
0.375	0.385	-0.0340155
0.385	0.395	-0.0351224
0.395	0.405	-0.037308
0.445	0.295	0.0300692
0.435	0.305	0.0395144
0.365	0.125	-0.0340073
0.525	0.425	-0.0376854
0.535	0.425	-0.0354409
0.545	0.425	-0.034786
0.575	0.335	0.0349587
0.585	0.335	0.0294112
0.365	0.375	-0.033999
0.575	0.165	0.0352674
0.585	0.165	0.0295219
0.345	0.155	-0.0317999
0.335	0.165	-0.0356116
0.325	0.175	-0.0404015
0.325	0.185	-0.036689
0.325	0.195	-0.0334462
0.355	0.135	-0.0350793
0.525	0.065	-0.036955
0.575	0.415	-0.0317112
0.345	0.145	-0.0372219
0.555	0.075	-0.0337736
0.355	0.365	-0.035073
0.345	0.345	-0.0317979
0.345	0.355	-0.0372179
0.605	0.305	0.0313247
0.595	0.315	0.0345339
0.585	0.325	0.0358447
0.315	0.205	-0.040399
0.315	0.215	-0.0382853
0.315	0.225	-0.0366842
0.325	0.305	-0.0334369
0.325	0.315	-0.0366795
0.325	0.325	-0.0403933
0.335	0.335	-0.0356063
0.585	0.175	0.0360103
0.595	0.185	0.0346397
0.605	0.195	0.031382
0.315	0.275	-0.03668
0.315	0.285	-0.0382792
0.315	0.295	-0.0403919
0.615	0.275	0.0322094
0.605	0.285	0.0389947
0.605	0.295	0.0355356
0.605	0.205	0.0356138
0.605	0.215	0.0390747
0.615	0.225	0.0322349
0.555	0.425	-0.0356635
0.575	0.085	-0.0315244
0.315	0.235	-0.0356092
0.315	0.265	-0.0356067
0.315	0.245	-0.0350691
0.315	0.255	-0.0350683
0.415	0.165	0.0294399
0.555	0.305	0.0305047
0.445	0.285	0.0301988
0.615	0.235	0.0339231
0.615	0.245	0.0347734
0.615	0.255	0.0347693
0.615	0.265	0.0339084
0.435	0.155	0.0324285
0.535	0.065	-0.0385879
0.445	0.155	0.0316341
0.445	0.165	0.0313263
0.445	0.175	0.0304019
0.415	0.335	0.0296792
0.595	0.405	-0.0319118
0.595	0.095	-0.0319608
0.555	0.295	0.030715
0.555	0.285	0.0308913
0.555	0.275	0.0310332
0.445	0.275	0.0303098
0.445	0.265	0.0303923
0.445	0.255	0.0304392
0.445	0.245	0.0304506
0.445	0.235	0.0304234
0.445	0.225	0.0303565
0.495	0.405	-0.0304773
0.485	0.415	-0.032865
0.475	0.425	-0.0373021
0.565	0.425	-0.0378182
0.585	0.415	-0.0358601
0.565	0.075	-0.0369951
0.395	0.195	0.0313463
0.655	0.345	-0.0318194
0.395	0.305	0.0314584
0.655	0.155	-0.0318543
0.385	0.225	0.0322294
0.555	0.265	0.0311423
0.385	0.275	0.0322892
0.555	0.255	0.0312182
0.675	0.195	-0.0334868
0.675	0.305	-0.0334621
0.445	0.185	0.0300807
0.555	0.245	0.0312578
0.555	0.235	0.0312503
0.445	0.215	0.0302592
0.445	0.205	0.0301509
0.445	0.195	0.0300666
0.585	0.085	-0.035838
0.405	0.185	0.0345243
0.395	0.205	0.0355411
0.405	0.315	0.0348326
0.385	0.235	0.0339318
0.395	0.295	0.0357311
0.385	0.265	0.0339787
0.385	0.245	0.0348031
0.555	0.225	0.0311812
0.385	0.255	0.0348207
0.555	0.215	0.03105
0.555	0.205	0.0308761
0.555	0.195	0.0307083
0.555	0.185	0.0306753
0.555	0.175	0.0309686
0.555	0.165	0.0316815
0.665	0.335	-0.0356297
0.665	0.165	-0.0356624
0.675	0.315	-0.0367042
0.675	0.185	-0.0367373
0.685	0.215	-0.0383414
0.685	0.225	-0.036733
0.685	0.235	-0.0356521
0.685	0.245	-0.0351088
0.685	0.255	-0.0351078
0.685	0.265	-0.0356496
0.685	0.275	-0.0367283
0.685	0.285	-0.0383327
0.425	0.165	0.0349317
0.545	0.065	-0.0407174
0.425	0.335	0.0355456
0.625	0.385	-0.0340139
0.615	0.395	-0.035114
0.605	0.405	-0.0373045
0.635	0.375	-0.0340073
0.645	0.365	-0.0350909
0.605	0.095	-0.0373429
0.615	0.105	-0.0351418
0.625	0.115	-0.0340403
0.635	0.125	-0.0340437
0.645	0.135	-0.0351355
0.415	0.175	0.0357415
0.565	0.335	0.0358156
0.415	0.325	0.0363121
0.655	0.355	-0.0372367
0.655	0.145	-0.0372857
0.565	0.325	0.0381872
0.565	0.315	0.0393043
0.395	0.215	0.0389909
0.395	0.285	0.0392303
0.675	0.325	-0.0404195
0.675	0.175	-0.0404608
0.685	0.295	-0.0404476
0.685	0.205	-0.0404646
0.405	0.075	-0.0492324
0.415	0.075	-0.0446685
0.425	0.075	-0.0405265
0.405	0.085	-0.0404909
0.395	0.085	-0.0456623
0.415	0.425	-0.0447617
0.425	0.425	-0.0407574
0.425	0.435	-0.0500816
0.435	0.435	-0.0470543
0.445	0.435	-0.0450037
0.455	0.435	-0.0440845
0.465	0.435	-0.0445316
0.425	0.065	-0.049772
0.435	0.065	-0.0462431
0.445	0.065	-0.0431694
0.495	0.415	-0.0374122
0.505	0.415	-0.0370119
0.505	0.425	-0.0448414
0.515	0.425	-0.0411626
0.475	0.435	-0.0466059
0.445	0.055	-0.0527779
0.455	0.055	-0.050289
0.465	0.055	-0.0482749
0.475	0.055	-0.0467517
0.485	0.055	-0.0457344
0.495	0.055	-0.0452352
0.505	0.055	-0.0452608
0.385	0.085	-0.0512019
0.385	0.095	-0.0430692
0.375	0.095	-0.0491844
0.375	0.105	-0.0414912
0.365	0.105	-0.0481632
0.365	0.115	-0.040953
0.395	0.415	-0.0456804
0.405	0.415	-0.0405312
0.405	0.425	-0.0492776
0.515	0.055	-0.0458067
0.425	0.325	0.0409553
0.565	0.165	0.0367323
0.425	0.315	0.0445416
0.425	0.305	0.0467033
0.525	0.055	-0.0468657
0.365	0.385	-0.0409392
0.365	0.395	-0.0481426
0.375	0.395	-0.0414796
0.375	0.405	-0.0491679
0.385	0.405	-0.0430674
0.385	0.415	-0.0511973
0.435	0.285	0.0399879
0.435	0.295	0.0397881
0.425	0.295	0.0479633
0.355	0.115	-0.0481485
0.355	0.125	-0.0414618
0.515	0.435	-0.0499234
0.525	0.435	-0.0469633
0.535	0.435	-0.0450758
0.545	0.435	-0.0445635
0.555	0.435	-0.0454197
0.575	0.325	0.0403217
0.355	0.375	-0.0414508
0.355	0.385	-0.0481309
0.565	0.175	0.0387182
0.575	0.175	0.0405177
0.335	0.145	-0.0455825
0.335	0.155	-0.0403991
0.325	0.155	-0.0491273
0.325	0.165	-0.0445569
0.315	0.165	-0.0535877
0.315	0.175	-0.0496267
0.315	0.185	-0.0460917
0.315	0.195	-0.0430079
0.345	0.125	-0.0491425
0.345	0.135	-0.0430132
0.535	0.055	-0.0484213
0.575	0.425	-0.040979
0.585	0.425	-0.0448773
0.335	0.135	-0.0511309
0.555	0.065	-0.0433242
0.565	0.065	-0.0464045
0.345	0.365	-0.043006
0.345	0.375	-0.0491314
0.335	0.345	-0.0403945
0.335	0.355	-0.045579
0.335	0.365	-0.0511301
0.595	0.295	0.0439304
0.595	0.305	0.0396126
0.585	0.305	0.0460763
0.585	0.315	0.0414718
0.575	0.315	0.0441318
0.305	0.195	-0.052599
0.305	0.205	-0.0501196
0.305	0.215	-0.0481126
0.305	0.225	-0.0465936
0.305	0.235	-0.0455745
0.315	0.305	-0.0430015
0.315	0.315	-0.0460884
0.315	0.325	-0.0496306
0.315	0.335	-0.0536042
0.325	0.335	-0.0445523
0.325	0.345	-0.049129
0.575	0.185	0.0441833
0.585	0.185	0.0416247
0.585	0.195	0.0461816
0.595	0.195	0.0397504
0.595	0.205	0.0440844
0.305	0.265	-0.0455743
0.305	0.275	-0.0465944
0.305	0.285	-0.0481154
0.305	0.295	-0.0501265
0.305	0.305	-0.052613
0.605	0.265	0.04344
0.605	0.275	0.0416446
0.595	0.275	0.0500014
0.595	0.285	0.0474077
0.595	0.215	0.0475406
0.595	0.225	0.0500941
0.605	0.225	0.0417114
0.605	0.235	0.0434825
0.565	0.435	-0.0474018
0.575	0.075	-0.0406723
0.585	0.075	-0.0447895
0.305	0.245	-0.0450628
0.305	0.255	-0.0450626
0.425	0.175	0.0398637
0.565	0.295	0.0403039
0.565	0.305	0.0399124
0.435	0.275	0.0401305
0.605	0.245	0.0443634
0.605	0.255	0.0443498
0.435	0.165	0.0360859
0.545	0.055	-0.0504529
0.435	0.175	0.0378212
0.435	0.185	0.0387146
0.595	0.415	-0.040559
0.605	0.415	-0.0456884
0.595	0.085	-0.0405641
0.605	0.085	-0.0457388
0.565	0.285	0.0405666
0.565	0.275	0.0407516
0.565	0.265	0.0408787
0.435	0.265	0.0402178
0.435	0.255	0.0402536
0.435	0.245	0.040243
0.435	0.235	0.0401832
0.435	0.225	0.0400649
0.435	0.215	0.0398801
0.485	0.425	-0.0412892
0.495	0.425	-0.0452017
0.485	0.435	-0.0500349
0.575	0.435	-0.0503142
0.595	0.425	-0.0493286
0.575	0.065	-0.0499092
0.405	0.195	0.0395421
0.405	0.205	0.0437891
0.665	0.345	-0.0404158
0.665	0.355	-0.0455953
0.405	0.295	0.0444033
0.405	0.305	0.0400207
0.665	0.145	-0.0456572
0.665	0.155	-0.0404615
0.395	0.225	0.0416471
0.395	0.235	0.0434691
0.565	0.255	0.0409514
0.395	0.265	0.04363
0.395	0.275	0.0418755
0.565	0.245	0.0409775
0.685	0.185	-0.0462029
0.685	0.195	-0.043089
0.685	0.305	-0.0430576
0.685	0.315	-0.0461462
0.435	0.195	0.0392592
0.565	0.235	0.0409525
0.565	0.225	0.040857
0.435	0.205	0.0396185
0.595	0.075	-0.0493263
0.415	0.185	0.0411838
0.415	0.195	0.0456009
0.405	0.215	0.0472286
0.415	0.305	0.0467809
0.415	0.315	0.0421276
0.395	0.245	0.0444211
0.405	0.285	0.047898
0.395	0.255	0.0444786
0.565	0.215	0.0406816
0.565	0.205	0.0404121
0.565	0.195	0.040028
0.565	0.185	0.0395469
0.675	0.335	-0.044579
0.675	0.345	-0.0491655
0.675	0.155	-0.0492494
0.675	0.165	-0.0446366
0.685	0.325	-0.0496956
0.685	0.175	-0.0498043
0.695	0.205	-0.0503343
0.695	0.215	-0.0482866
0.695	0.225	-0.0467427
0.695	0.235	-0.045702
0.695	0.245	-0.0451761
0.695	0.255	-0.0451703
0.695	0.265	-0.0456956
0.695	0.275	-0.0467384
0.695	0.285	-0.0482743
0.695	0.295	-0.0502957
0.555	0.055	-0.0529564
0.635	0.385	-0.0409623
0.625	0.395	-0.0414917
0.635	0.395	-0.0481616
0.615	0.405	-0.0430682
0.625	0.405	-0.0491692
0.615	0.415	-0.0511876
0.645	0.375	-0.0414724
0.645	0.385	-0.0481609
0.655	0.365	-0.0430191
0.655	0.375	-0.0491686
0.615	0.085	-0.0512922
0.615	0.095	-0.0431137
0.625	0.095	-0.0492382
0.625	0.105	-0.0415281
0.635	0.105	-0.0482053
0.635	0.115	-0.041001
0.645	0.115	-0.0481988
0.645	0.125	-0.0415193
0.655	0.125	-0.0492132
0.655	0.135	-0.0430779
0.425	0.185	0.0433012
0.665	0.365	-0.0511799
0.665	0.135	-0.0512404
0.575	0.305	0.0466397
0.405	0.225	0.0498303
0.405	0.275	0.0504142
0.685	0.335	-0.0536782
0.685	0.165	-0.0539053
0.695	0.305	-0.0527919
0.695	0.195	-0.0528962
0.405	0.065	-0.0581077
0.415	0.065	-0.0537361
0.395	0.075	-0.0541887
0.415	0.435	-0.0538479
0.425	0.445	-0.0594628
0.435	0.445	-0.0566425
0.445	0.445	-0.0547386
0.455	0.445	-0.0538588
0.465	0.445	-0.0541792
0.425	0.055	-0.0591075
0.435	0.055	-0.0557246
0.505	0.435	-0.0531442
0.475	0.445	-0.0559283
0.445	0.045	-0.0624576
0.455	0.045	-0.0600828
0.465	0.045	-0.0581613
0.475	0.045	-0.0567115
0.485	0.045	-0.055746
0.495	0.045	-0.0552738
0.505	0.045	-0.0552998
0.385	0.075	-0.0595069
0.375	0.085	-0.0570818
0.365	0.095	-0.0556086
0.355	0.105	-0.0551046
0.395	0.425	-0.0541998
0.405	0.435	-0.058137
0.515	0.045	-0.0558244
0.525	0.045	-0.0568459
0.355	0.395	-0.0550831
0.365	0.405	-0.0555798
0.375	0.415	-0.0570515
0.385	0.425	-0.0594817
0.425	0.285	0.0487129
0.415	0.295	0.0501734
0.345	0.115	-0.0555732
0.515	0.445	-0.0588696
0.525	0.445	-0.0563062
0.535	0.445	-0.0547039
0.545	0.445	-0.0542847
0.555	0.445	-0.0551527
0.345	0.385	-0.0555641
0.325	0.145	-0.0540815
0.315	0.155	-0.0579445
0.305	0.165	-0.0626563
0.305	0.175	-0.0588929
0.305	0.185	-0.0555314
0.335	0.125	-0.0570085
0.535	0.045	-0.0583426
0.585	0.435	-0.0539969
0.325	0.135	-0.0593847
0.565	0.055	-0.0559022
0.335	0.375	-0.0570181
0.325	0.355	-0.0540958
0.325	0.365	-0.0594229
0.585	0.295	0.0495813
0.295	0.195	-0.0621889
0.295	0.205	-0.0598399
0.295	0.215	-0.0579376
0.295	0.225	-0.0564976
0.295	0.235	-0.0555318
0.305	0.315	-0.0555574
0.305	0.325	-0.0589389
0.305	0.335	-0.0627339
0.315	0.345	-0.0579834
0.575	0.195	0.0466372
0.585	0.205	0.0496604
0.295	0.265	-0.0555403
0.295	0.275	-0.0565134
0.295	0.285	-0.0579637
0.295	0.295	-0.0598805
0.295	0.305	-0.0622497
0.595	0.265	0.0517058
0.585	0.275	0.0537701
0.585	0.285	0.0520799
0.585	0.215	0.0521211
0.585	0.225	0.053779
0.595	0.235	0.0517588
0.565	0.445	-0.0570364
0.585	0.065	-0.0538831
0.295	0.245	-0.0550481
0.295	0.255	-0.0550509
0.575	0.295	0.0481354
0.425	0.275	0.0491252
0.595	0.245	0.0525609
0.595	0.255	0.0525447
0.545	0.045	-0.0603106
0.605	0.425	-0.0542112
0.605	0.075	-0.0542938
0.575	0.285	0.048992
0.575	0.275	0.0495059
0.575	0.265	0.0498047
0.425	0.265	0.0493212
0.425	0.255	0.0493717
0.425	0.245	0.0493049
0.425	0.235	0.049114
0.425	0.225	0.0487587
0.425	0.215	0.0481601
0.495	0.435	-0.0534485
0.485	0.445	-0.0588902
0.575	0.445	-0.0597513
0.595	0.435	-0.0582592
0.575	0.055	-0.0592902
0.415	0.205	0.0489443
0.675	0.355	-0.0541904
0.675	0.145	-0.0543086
0.405	0.235	0.0515974
0.575	0.255	0.049936
0.405	0.265	0.0519851
0.575	0.245	0.0499427
0.695	0.185	-0.0559961
0.695	0.315	-0.0557571
0.425	0.195	0.0456623
0.575	0.235	0.0498317
0.575	0.225	0.0495535
0.425	0.205	0.0471893
0.595	0.065	-0.0582525
0.415	0.215	0.0513695
0.405	0.245	0.0525437
0.415	0.285	0.0524688
0.405	0.255	0.0526787
0.575	0.215	0.0490488
0.575	0.205	0.0481713
0.685	0.345	-0.0581126
0.685	0.155	-0.0585371
0.695	0.325	-0.0591542
0.695	0.175	-0.0596497
0.705	0.205	-0.0605683
0.705	0.215	-0.0585378
0.705	0.225	-0.0570078
0.705	0.235	-0.0559657
0.705	0.245	-0.0554323
0.705	0.255	-0.055392
0.705	0.265	-0.0558706
0.705	0.275	-0.0568682
0.705	0.285	-0.0583583
0.705	0.295	-0.0603212
0.555	0.045	-0.0627297
0.645	0.395	-0.0551039
0.635	0.405	-0.0556067
0.625	0.415	-0.0571145
0.615	0.425	-0.0595638
0.655	0.385	-0.0555926
0.665	0.375	-0.0570695
0.615	0.075	-0.0596299
0.625	0.085	-0.0571772
0.635	0.095	-0.0556614
0.645	0.105	-0.0551641
0.655	0.115	-0.0557335
0.665	0.125	-0.0572991
0.675	0.365	-0.0595408
0.675	0.135	-0.0599272
0.415	0.225	0.0530491
0.415	0.275	0.0538775
0.695	0.335	-0.0629873
0.695	0.165	-0.0638519
0.705	0.305	-0.0627226
0.705	0.195	-0.0631379
0.405	0.055	-0.0670651
0.415	0.055	-0.0628994
0.395	0.065	-0.0628516
0.385	0.065	-0.0679163
0.405	0.445	-0.0670617
0.415	0.445	-0.0630025
0.425	0.455	-0.0688408
0.435	0.455	-0.0661998
0.445	0.455	-0.0644048
0.455	0.455	-0.0635342
0.465	0.455	-0.0637266
0.425	0.045	-0.0684844
0.435	0.045	-0.065266
0.505	0.445	-0.0616947
0.475	0.455	-0.0651896
0.445	0.035	-0.0721676
0.455	0.035	-0.0699556
0.465	0.035	-0.0681745
0.475	0.035	-0.0668317
0.485	0.035	-0.0659346
0.495	0.035	-0.0654945
0.505	0.035	-0.0655235
0.375	0.075	-0.0651384
0.365	0.075	-0.0709913
0.365	0.085	-0.0632544
0.355	0.085	-0.0696264
0.355	0.095	-0.0622918
0.345	0.105	-0.0622638
0.385	0.435	-0.0678701
0.395	0.435	-0.062832
0.515	0.035	-0.0660337
0.525	0.035	-0.0670235
0.345	0.395	-0.0622677
0.355	0.405	-0.06227
0.355	0.415	-0.0696258
0.365	0.415	-0.0632124
0.365	0.425	-0.0709693
0.375	0.425	-0.065087
0.335	0.115	-0.0631682
0.515	0.455	-0.0677073
0.525	0.455	-0.0654949
0.535	0.455	-0.0641532
0.545	0.455	-0.0639207
0.555	0.455	-0.0649688
0.335	0.385	-0.063206
0.315	0.135	-0.0676938
0.315	0.145	-0.0626622
0.305	0.145	-0.0712208
0.305	0.155	-0.0667823
0.295	0.165	-0.0716547
0.295	0.175	-0.0681315
0.295	0.185	-0.0649626
0.325	0.125	-0.0649901
0.535	0.035	-0.0684682
0.585	0.445	-0.0633277
0.565	0.045	-0.0655678
0.325	0.375	-0.0650719
0.315	0.355	-0.0627391
0.315	0.365	-0.067833
0.285	0.195	-0.0716678
0.285	0.205	-0.0694822
0.285	0.215	-0.0677024
0.285	0.225	-0.0663516
0.285	0.235	-0.0654462
0.295	0.315	-0.0650542
0.295	0.325	-0.0682711
0.295	0.335	-0.0718671
0.305	0.345	-0.066914
0.305	0.355	-0.0714364
0.285	0.265	-0.0654743
0.285	0.275	-0.0664012
0.285	0.285	-0.0677787
0.285	0.295	-0.0695946
0.285	0.305	-0.0718298
0.585	0.255	0.0552632
0.585	0.265	0.0547985
0.585	0.235	0.0547932
0.585	0.245	0.0552572
0.565	0.455	-0.0669122
0.585	0.055	-0.0631197
0.285	0.245	-0.0649956
0.285	0.255	-0.0650048
0.545	0.035	-0.0703643
0.605	0.435	-0.063044
0.605	0.065	-0.0630148
0.415	0.265	0.0546316
0.415	0.255	0.0548914
0.415	0.245	0.0547262
0.415	0.235	0.0541332
0.495	0.445	-0.0619029
0.485	0.455	-0.0677548
0.575	0.455	-0.0696788
0.595	0.445	-0.067587
0.575	0.045	-0.0688476
0.685	0.355	-0.0629364
0.685	0.145	-0.0637798
0.705	0.185	-0.0662817
0.705	0.315	-0.0655494
0.595	0.055	-0.0673023
0.695	0.345	-0.0672192
0.695	0.155	-0.0685986
0.705	0.325	-0.0687884
0.705	0.175	-0.0699894
0.715	0.205	-0.071021
0.715	0.215	-0.0690143
0.715	0.225	-0.0674903
0.715	0.235	-0.0664719
0.715	0.245	-0.0658886
0.715	0.255	-0.0657704
0.715	0.265	-0.0661631
0.715	0.275	-0.0671011
0.715	0.285	-0.0685713
0.715	0.295	-0.0704636
0.555	0.035	-0.0726852
0.655	0.395	-0.0624377
0.645	0.405	-0.062754
0.635	0.415	-0.0636734
0.645	0.415	-0.071945
0.625	0.425	-0.0658762
0.635	0.425	-0.0732576
0.615	0.435	-0.0685783
0.665	0.385	-0.0633313
0.675	0.375	-0.0652315
0.615	0.065	-0.0684016
0.625	0.075	-0.0654451
0.635	0.075	-0.0717025
0.635	0.085	-0.0634394
0.645	0.085	-0.0702058
0.645	0.095	-0.0624466
0.655	0.105	-0.0628936
0.665	0.115	-0.0644225
0.675	0.125	-0.0666893
0.685	0.365	-0.0681658
0.685	0.135	-0.0699156
0.705	0.335	-0.0724217
0.705	0.165	-0.0742089
0.715	0.305	-0.072737
0.715	0.195	-0.0735583
0.405	0.045	-0.0759452
0.415	0.045	-0.072071
0.395	0.055	-0.0715479
0.385	0.055	-0.0762443
0.375	0.065	-0.0732127
0.395	0.445	-0.0715141
0.405	0.455	-0.0759377
0.415	0.455	-0.0721516
0.425	0.465	-0.0780557
0.435	0.465	-0.0756232
0.445	0.465	-0.0739304
0.455	0.465	-0.0730567
0.465	0.465	-0.0731294
0.425	0.035	-0.0777417
0.435	0.035	-0.0747859
0.505	0.455	-0.0702205
0.475	0.465	-0.0743488
0.445	0.025	-0.0816574
0.455	0.025	-0.0797741
0.465	0.025	-0.0782153
0.475	0.025	-0.0770292
0.485	0.025	-0.0762373
0.495	0.025	-0.0758544
0.505	0.025	-0.0759003
0.365	0.065	-0.0785862
0.355	0.075	-0.0769166
0.345	0.085	-0.0760409
0.345	0.095	-0.0691421
0.335	0.105	-0.0695473
0.375	0.435	-0.0731925
0.385	0.445	-0.0762512
0.515	0.025	-0.0763884
0.525	0.025	-0.0773308
0.335	0.395	-0.069632
0.345	0.405	-0.069179
0.345	0.415	-0.0761825
0.355	0.425	-0.077021
0.365	0.435	-0.0786859
0.325	0.115	-0.0708331
0.515	0.465	-0.0764549
0.525	0.465	-0.0746707
0.535	0.465	-0.0736257
0.545	0.465	-0.073911
0.555	0.465	-0.0754913
0.325	0.385	-0.0709805
0.315	0.125	-0.072966
0.305	0.135	-0.0758809
0.295	0.145	-0.0794331
0.295	0.155	-0.0754613
0.285	0.165	-0.0801795
0.285	0.175	-0.0770963
0.285	0.185	-0.0742235
0.535	0.025	-0.0786862
0.585	0.455	-0.0733498
0.565	0.035	-0.0753943
0.315	0.375	-0.0731962
0.305	0.365	-0.0762164
0.275	0.195	-0.0805641
0.275	0.205	-0.0787112
0.275	0.215	-0.0771487
0.275	0.225	-0.0759449
0.275	0.235	-0.075136
0.285	0.315	-0.0744576
0.285	0.325	-0.0774343
0.285	0.335	-0.0806628
0.295	0.345	-0.0757853
0.295	0.355	-0.0799103
0.275	0.265	-0.0751996
0.275	0.275	-0.0760598
0.275	0.285	-0.077328
0.275	0.295	-0.078977
0.275	0.305	-0.0809468
0.565	0.465	-0.0776063
0.585	0.045	-0.0724985
0.275	0.245	-0.074738
0.275	0.255	-0.0747582
0.545	0.025	-0.0804394
0.605	0.445	-0.0725487
0.605	0.055	-0.0720127
0.495	0.455	-0.0704071
0.485	0.465	-0.0765657
0.575	0.465	-0.0803535
0.595	0.455	-0.0780785
0.575	0.035	-0.0784595
0.695	0.355	-0.0718804
0.695	0.145	-0.0739952
0.715	0.185	-0.0766465
0.715	0.315	-0.0753513
0.595	0.045	-0.0765314
0.705	0.345	-0.0764157
0.705	0.155	-0.0788549
0.715	0.325	-0.078423
0.715	0.175	-0.0801774
0.725	0.205	-0.0810991
0.725	0.215	-0.0792563
0.725	0.225	-0.0778445
0.725	0.235	-0.0768892
0.725	0.245	-0.0764018
0.725	0.255	-0.0763088
0.725	0.265	-0.0766593
0.725	0.275	-0.0775032
0.725	0.285	-0.0788283
0.725	0.295	-0.0804461
0.555	0.025	-0.0826509
0.665	0.395	-0.0745765
0.655	0.405	-0.0707991
0.655	0.415	-0.0807529
0.645	0.425	-0.0815294
0.625	0.435	-0.0756016
0.635	0.435	-0.083327
0.615	0.445	-0.0814253
0.675	0.385	-0.0747681
0.685	0.375	-0.0758073
0.615	0.055	-0.0779908
0.625	0.065	-0.0744352
0.635	0.065	-0.0807088
0.645	0.075	-0.078616
0.655	0.085	-0.0779184
0.655	0.095	-0.0710176
0.665	0.105	-0.0741469
0.675	0.115	-0.0754512
0.685	0.125	-0.0774758
0.695	0.365	-0.0777369
0.695	0.135	-0.0804918
0.715	0.335	-0.0817974
0.715	0.165	-0.0839698
0.725	0.305	-0.0823598
0.725	0.195	-0.0833064
0.405	0.035	-0.0841099
0.415	0.035	-0.0809154
0.395	0.045	-0.0799729
0.385	0.045	-0.0839081
0.375	0.055	-0.0809737
0.365	0.055	-0.0852571
0.385	0.455	-0.0840872
0.395	0.455	-0.0800175
0.405	0.465	-0.0841823
0.415	0.465	-0.0810267
0.425	0.475	-0.0861294
0.435	0.475	-0.0843473
0.445	0.475	-0.0829721
0.455	0.475	-0.0821955
0.465	0.475	-0.0822112
0.425	0.025	-0.0858891
0.435	0.025	-0.0837613
0.505	0.465	-0.0786069
0.475	0.475	-0.0832851
0.445	0.015	-0.0885134
0.455	0.015	-0.0877556
0.465	0.015	-0.0870458
0.475	0.015	-0.0865179
0.485	0.015	-0.0861868
0.495	0.015	-0.086051
0.505	0.015	-0.0861599
0.355	0.065	-0.0836512
0.345	0.065	-0.0874471
0.345	0.075	-0.0825703
0.335	0.085	-0.0821562
0.335	0.095	-0.075995
0.325	0.105	-0.076771
0.365	0.445	-0.0855945
0.375	0.445	-0.0811016
0.515	0.015	-0.0865347
0.525	0.015	-0.0871744
0.325	0.395	-0.0770285
0.335	0.405	-0.0761836
0.335	0.415	-0.0825814
0.345	0.425	-0.0829536
0.345	0.435	-0.0880019
0.355	0.435	-0.0839981
0.315	0.115	-0.0783304
0.515	0.475	-0.0862573
0.525	0.475	-0.0848795
0.535	0.475	-0.0841797
0.545	0.475	-0.0847804
0.555	0.475	-0.0857494
0.315	0.385	-0.0786899
0.305	0.125	-0.0805658
0.295	0.125	-0.0864356
0.295	0.135	-0.0832439
0.285	0.145	-0.085939
0.285	0.155	-0.0832271
0.275	0.165	-0.0865863
0.275	0.175	-0.084662
0.275	0.185	-0.0825957
0.535	0.015	-0.0880146
0.585	0.465	-0.0836473
0.565	0.025	-0.0847941
0.305	0.375	-0.0810834
0.295	0.365	-0.083978
0.265	0.195	-0.0870079
0.265	0.205	-0.0859799
0.265	0.215	-0.0850174
0.265	0.225	-0.0842239
0.265	0.235	-0.0836769
0.275	0.315	-0.0831204
0.275	0.325	-0.0853342
0.275	0.335	-0.0873618
0.285	0.345	-0.0839147
0.285	0.355	-0.0868038
0.265	0.265	-0.0838042
0.265	0.275	-0.0844464
0.265	0.285	-0.0853509
0.265	0.295	-0.0864384
0.265	0.305	-0.0875665
0.565	0.475	-0.0872918
0.585	0.035	-0.0818211
0.265	0.245	-0.083417
0.265	0.255	-0.0834581
0.545	0.015	-0.0888367
0.605	0.455	-0.0836096
0.605	0.045	-0.0811831
0.495	0.465	-0.0788626
0.485	0.475	-0.085029
0.575	0.475	-0.088837
0.595	0.465	-0.0876336
0.575	0.025	-0.0869446
0.705	0.355	-0.0814502
0.705	0.145	-0.0839152
0.725	0.185	-0.0857949
0.725	0.315	-0.0845313
0.595	0.035	-0.085986
0.715	0.345	-0.0869361
0.715	0.155	-0.0878502
0.725	0.325	-0.0877061
0.725	0.175	-0.0884585
0.735	0.205	-0.0887512
0.735	0.215	-0.0880158
0.735	0.225	-0.0875226
0.735	0.235	-0.0872452
0.735	0.245	-0.087143
0.735	0.255	-0.0871952
0.735	0.265	-0.0873943
0.735	0.275	-0.0877517
0.735	0.285	-0.0882171
0.735	0.295	-0.088755
0.555	0.015	-0.09
0.675	0.395	-0.0895063
0.665	0.405	-0.0895312
0.665	0.415	-0.09
0.655	0.425	-0.09
0.645	0.435	-0.08828
0.655	0.435	-0.09
0.625	0.445	-0.0855386
0.635	0.445	-0.09
0.615	0.455	-0.09
0.685	0.385	-0.0895984
0.695	0.375	-0.0897695
0.615	0.045	-0.0898638
0.625	0.055	-0.0839832
0.635	0.055	-0.0899999
0.645	0.065	-0.0859242
0.655	0.065	-0.09
0.655	0.075	-0.09
0.665	0.085	-0.09
0.665	0.095	-0.0899023
0.675	0.105	-0.0898449
0.685	0.115	-0.0899327
0.695	0.125	-0.0899867
0.705	0.365	-0.0899502
0.705	0.135	-0.09
0.725	0.335	-0.09
0.725	0.165	-0.09
0.735	0.305	-0.09
0.735	0.195	-0.09
0.395	0.025	-0.0895888
0.405	0.025	-0.0888864
0.415	0.025	-0.0876688
0.395	0.035	-0.0868325
0.385	0.035	-0.0886498
0.375	0.035	-0.089534
0.375	0.045	-0.0870903
0.365	0.045	-0.0889688
0.355	0.055	-0.0881985
0.375	0.455	-0.0873962
0.385	0.465	-0.0890159
0.395	0.465	-0.0870246
0.395	0.475	-0.0897438
0.405	0.475	-0.0891439
0.415	0.475	-0.0879505
0.415	0.485	-0.0899886
0.425	0.485	-0.0897232
0.435	0.485	-0.0893433
0.445	0.485	-0.0890022
0.455	0.485	-0.0888201
0.465	0.485	-0.0889801
0.475	0.485	-0.0897589
0.415	0.015	-0.09
0.425	0.015	-0.0897426
0.435	0.015	-0.089203
0.495	0.475	-0.0875947
0.505	0.475	-0.088576
0.485	0.485	-0.09
0.435	0.005	-0.09
0.445	0.005	-0.09
0.455	0.005	-0.09
0.465	0.005	-0.09
0.475	0.005	-0.09
0.485	0.005	-0.09
0.495	0.005	-0.09
0.505	0.005	-0.09
0.515	0.005	-0.09
0.345	0.055	-0.0894906
0.335	0.065	-0.0892921
0.335	0.075	-0.0869606
0.325	0.075	-0.0891837
0.325	0.085	-0.0868834
0.325	0.095	-0.0824394
0.315	0.095	-0.0872146
0.315	0.105	-0.0833626
0.355	0.445	-0.0886455
0.365	0.455	-0.089338
0.525	0.005	-0.09
0.535	0.005	-0.09
0.315	0.395	-0.083973
0.315	0.405	-0.0879268
0.325	0.405	-0.0829313
0.325	0.415	-0.0875502
0.325	0.425	-0.0895899
0.335	0.425	-0.0875874
0.335	0.435	-0.0896611
0.345	0.445	-0.0897873
0.305	0.105	-0.08785
0.305	0.115	-0.0847792
0.505	0.485	-0.09
0.515	0.485	-0.09
0.525	0.485	-0.09
0.535	0.485	-0.09
0.545	0.485	-0.0899742
0.555	0.485	-0.09
0.565	0.485	-0.09
0.305	0.385	-0.0855539
0.305	0.395	-0.0885943
0.295	0.115	-0.0885886
0.285	0.125	-0.089214
0.285	0.135	-0.0880164
0.275	0.135	-0.0896326
0.275	0.145	-0.0891219
0.275	0.155	-0.0881344
0.265	0.155	-0.0896853
0.265	0.165	-0.0893488
0.265	0.175	-0.088784
0.265	0.185	-0.0879827
0.545	0.005	-0.09
0.585	0.475	-0.09
0.595	0.475	-0.0899656
0.565	0.015	-0.09
0.575	0.015	-0.09
0.295	0.375	-0.0873324
0.295	0.385	-0.0892684
0.285	0.365	-0.0888317
0.285	0.375	-0.0897181
0.255	0.185	-0.089684
0.255	0.195	-0.0895095
0.255	0.205	-0.089289
0.255	0.215	-0.0890351
0.255	0.225	-0.0887975
0.255	0.235	-0.0886331
0.255	0.245	-0.0885708
0.265	0.315	-0.0885618
0.265	0.325	-0.0892955
0.265	0.335	-0.0897326
0.265	0.345	-0.0899243
0.275	0.345	-0.0888519
0.275	0.355	-0.0896343
0.275	0.365	-0.0899228
0.255	0.255	-0.0886107
0.255	0.265	-0.0887469
0.255	0.275	-0.0889679
0.255	0.285	-0.0892477
0.255	0.295	-0.0895328
0.255	0.305	-0.0897492
0.255	0.315	-0.0898822
0.575	0.485	-0.09
0.585	0.025	-0.09
0.595	0.025	-0.0899847
0.555	0.005	-0.09
0.605	0.465	-0.0899656
0.615	0.465	-0.09
0.605	0.035	-0.0898695
0.615	0.035	-0.09
0.495	0.485	-0.09
0.585	0.485	-0.09
0.605	0.475	-0.09
0.585	0.015	-0.09
0.715	0.355	-0.09
0.715	0.365	-0.09
0.715	0.135	-0.09
0.715	0.145	-0.09
0.735	0.175	-0.09
0.735	0.185	-0.09
0.735	0.315	-0.09
0.735	0.325	-0.09
0.605	0.025	-0.09
0.725	0.345	-0.09
0.725	0.355	-0.09
0.725	0.145	-0.09
0.725	0.155	-0.09
0.735	0.335	-0.09
0.735	0.165	-0.09
0.745	0.195	-0.09
0.745	0.205	-0.09
0.745	0.215	-0.09
0.745	0.225	-0.09
0.745	0.235	-0.09
0.745	0.245	-0.09
0.745	0.255	-0.09
0.745	0.265	-0.09
0.745	0.275	-0.09
0.745	0.285	-0.09
0.745	0.295	-0.09
0.745	0.305	-0.09
0.565	0.005	-0.09
0.685	0.395	-0.09
0.675	0.405	-0.09
0.685	0.405	-0.09
0.675	0.415	-0.09
0.665	0.425	-0.09
0.675	0.425	-0.09
0.665	0.435	-0.09
0.645	0.445	-0.09
0.655	0.445	-0.09
0.625	0.455	-0.09
0.635	0.455	-0.09
0.645	0.455	-0.09
0.625	0.465	-0.09
0.695	0.385	-0.09
0.695	0.395	-0.09
0.705	0.375	-0.09
0.705	0.385	-0.09
0.625	0.035	-0.09
0.625	0.045	-0.0899942
0.635	0.045	-0.09
0.645	0.045	-0.09
0.645	0.055	-0.09
0.655	0.055	-0.09
0.665	0.065	-0.09
0.665	0.075	-0.09
0.675	0.075	-0.09
0.675	0.085	-0.09
0.675	0.095	-0.09
0.685	0.095	-0.09
0.685	0.105	-0.09
0.695	0.105	-0.09
0.695	0.115	-0.09
0.705	0.115	-0.09
0.705	0.125	-0.09
0.715	0.375	-0.09
0.715	0.125	-0.09
0.735	0.345	-0.09
0.735	0.155	-0.09
0.745	0.315	-0.09
0.745	0.185	-0.09
0.395	0.015	-0.09
0.405	0.015	-0.09
0.385	0.025	-0.0898779
0.375	0.025	-0.089973
0.365	0.035	-0.0898579
0.355	0.045	-0.0896999
0.375	0.465	-0.0897484
0.385	0.475	-0.0899897
0.395	0.485	-0.09
0.405	0.485	-0.09
0.415	0.495	-0.09
0.425	0.495	-0.09
0.435	0.495	-0.09
0.445	0.495	-0.09
0.455	0.495	-0.09
0.465	0.495	-0.09
0.475	0.495	-0.09
0.415	0.005	-0.09
0.425	0.005	-0.09
0.485	0.495	-0.09
0.345	0.045	-0.08992
0.335	0.055	-0.0898733
0.325	0.065	-0.0898358
0.315	0.075	-0.0898236
0.315	0.085	-0.0892133
0.305	0.095	-0.0893571
0.355	0.455	-0.0898861
0.365	0.465	-0.0899816
0.305	0.405	-0.0897435
0.315	0.415	-0.0896317
0.315	0.425	-0.0899641
0.325	0.435	-0.0899635
0.335	0.445	-0.0899827
0.345	0.455	-0.09
0.295	0.105	-0.0895508
0.505	0.495	-0.09
0.515	0.495	-0.09
0.525	0.495	-0.09
0.535	0.495	-0.0899728
0.545	0.495	-0.09
0.555	0.495	-0.09
0.565	0.495	-0.09
0.295	0.395	-0.0898651
0.285	0.115	-0.0897347
0.275	0.125	-0.0898717
0.265	0.135	-0.089953
0.265	0.145	-0.0898658
0.255	0.155	-0.089967
0.255	0.165	-0.0899142
0.255	0.175	-0.0898185
0.595	0.485	-0.09
0.575	0.005	-0.09
0.285	0.385	-0.0899532
0.275	0.375	-0.0899914
0.245	0.185	-0.0899729
0.245	0.195	-0.0899546
0.245	0.205	-0.0899282
0.245	0.215	-0.0898945
0.245	0.225	-0.0898624
0.245	0.235	-0.0898468
0.245	0.245	-0.0898498
0.255	0.325	-0.0899622
0.255	0.335	-0.0899945
0.255	0.345	-0.0899996
0.265	0.355	-0.0899867
0.265	0.365	-0.0899989
0.245	0.255	-0.0898629
0.245	0.265	-0.0898822
0.245	0.275	-0.0899088
0.245	0.285	-0.0899438
0.245	0.295	-0.0899796
0.245	0.305	-0.0899971
0.245	0.315	-0.0899999
0.575	0.495	-0.09
0.595	0.015	-0.09
0.615	0.475	-0.09
0.615	0.025	-0.09
0.495	0.495	-0.09
0.585	0.495	-0.09
0.605	0.485	-0.09
0.585	0.005	-0.09
0.725	0.365	-0.09
0.725	0.135	-0.09
0.745	0.175	-0.09
0.745	0.325	-0.09
0.605	0.015	-0.09
0.735	0.355	-0.09
0.735	0.145	-0.09
0.745	0.335	-0.09
0.745	0.165	-0.09
0.755	0.195	-0.09
0.755	0.205	-0.09
0.755	0.215	-0.09
0.755	0.225	-0.09
0.755	0.235	-0.09
0.755	0.245	-0.09
0.755	0.255	-0.09
0.755	0.265	-0.09
0.755	0.275	-0.09
0.755	0.285	-0.09
0.755	0.295	-0.09
0.755	0.305	-0.09
0.695	0.405	-0.09
0.685	0.415	-0.09
0.685	0.425	-0.09
0.675	0.435	-0.09
0.665	0.445	-0.09
0.655	0.455	-0.09
0.635	0.465	-0.09
0.645	0.465	-0.09
0.625	0.475	-0.09
0.705	0.395	-0.09
0.715	0.385	-0.09
0.625	0.025	-0.09
0.635	0.035	-0.09
0.645	0.035	-0.09
0.655	0.045	-0.09
0.665	0.055	-0.09
0.675	0.065	-0.09
0.685	0.075	-0.09
0.685	0.085	-0.09
0.695	0.095	-0.09
0.705	0.105	-0.09
0.715	0.115	-0.09
0.725	0.375	-0.09
0.725	0.125	-0.09
0.745	0.345	-0.09
0.745	0.155	-0.09
0.755	0.315	-0.09
0.755	0.185	-0.09
0.395	0.005	-0.09
0.405	0.005	-0.09
0.385	0.015	-0.09
0.375	0.015	-0.09
0.365	0.025	-0.09
0.355	0.025	-0.09
0.355	0.035	-0.0899635
0.345	0.035	-0.0899938
0.365	0.475	-0.09
0.375	0.475	-0.09
0.375	0.485	-0.09
0.385	0.485	-0.09
0.395	0.495	-0.09
0.405	0.495	-0.09
0.415	0.505	-0.09
0.425	0.505	-0.09
0.435	0.505	-0.09
0.445	0.505	-0.09
0.455	0.505	-0.09
0.465	0.505	-0.09
0.475	0.505	-0.09
0.485	0.505	-0.09
0.335	0.035	-0.09
0.335	0.045	-0.0899825
0.325	0.045	-0.0899974
0.325	0.055	-0.0899703
0.315	0.055	-0.0899932
0.315	0.065	-0.0899649
0.305	0.075	-0.0899684
0.305	0.085	-0.0898434
0.295	0.095	-0.0898836
0.345	0.465	-0.09
0.355	0.465	-0.09
0.355	0.475	-0.09
0.295	0.405	-0.0899862
0.305	0.415	-0.0899735
0.305	0.425	-0.09
0.315	0.435	-0.09
0.315	0.445	-0.09
0.325	0.445	-0.09
0.325	0.455	-0.09
0.335	0.455	-0.09
0.335	0.465	-0.09
0.285	0.105	-0.0899285
0.505	0.505	-0.09
0.515	0.505	-0.09
0.525	0.505	-0.09
0.535	0.505	-0.09
0.545	0.505	-0.09
0.555	0.505	-0.09
0.565	0.505	-0.09
0.285	0.395	-0.0899961
0.275	0.105	-0.0899923
0.275	0.115	-0.0899648
0.265	0.115	-0.0899975
0.265	0.125	-0.0899869
0.255	0.135	-0.0899972
0.255	0.145	-0.0899887
0.245	0.155	-0.0899989
0.245	0.165	-0.0899947
0.245	0.175	-0.0899858
0.595	0.495	-0.09
0.275	0.385	-0.09
0.265	0.375	-0.09
0.235	0.185	-0.09
0.235	0.195	-0.0899998
0.235	0.205	-0.0899989
0.235	0.215	-0.0899971
0.235	0.225	-0.0899953
0.235	0.235	-0.0899956
0.235	0.245	-0.0899977
0.245	0.325	-0.09
0.245	0.335	-0.09
0.245	0.345	-0.09
0.255	0.355	-0.09
0.255	0.365	-0.09
0.235	0.255	-0.0899994
0.235	0.265	-0.09
0.235	0.275	-0.09
0.235	0.285	-0.09
0.235	0.295	-0.09
0.235	0.305	-0.09
0.235	0.315	-0.09
0.575	0.505	-0.09
0.595	0.005	-0.09
0.615	0.485	-0.09
0.615	0.015	-0.09
0.495	0.505	-0.09
0.585	0.505	-0.09
0.605	0.495	-0.09
0.735	0.365	-0.09
0.735	0.135	-0.09
0.755	0.175	-0.09
0.755	0.325	-0.09
0.605	0.005	-0.09
0.745	0.355	-0.09
0.745	0.145	-0.09
0.755	0.335	-0.09
0.755	0.165	-0.09
0.765	0.195	-0.09
0.765	0.205	-0.09
0.765	0.215	-0.09
0.765	0.225	-0.09
0.765	0.235	-0.09
0.765	0.245	-0.09
0.765	0.255	-0.09
0.765	0.265	-0.09
0.765	0.275	-0.09
0.765	0.285	-0.09
0.765	0.295	-0.09
0.765	0.305	-0.09
0.705	0.405	-0.09
0.695	0.415	-0.09
0.695	0.425	-0.09
0.685	0.435	-0.09
0.675	0.445	-0.09
0.685	0.445	-0.09
0.665	0.455	-0.09
0.675	0.455	-0.09
0.655	0.465	-0.09
0.665	0.465	-0.09
0.635	0.475	-0.09
0.645	0.475	-0.09
0.625	0.485	-0.09
0.715	0.395	-0.09
0.725	0.385	-0.09
0.625	0.015	-0.09
0.635	0.025	-0.09
0.645	0.025	-0.09
0.655	0.035	-0.09
0.665	0.035	-0.09
0.665	0.045	-0.09
0.675	0.045	-0.09
0.675	0.055	-0.09
0.685	0.055	-0.09
0.685	0.065	-0.09
0.695	0.075	-0.09
0.695	0.085	-0.09
0.705	0.095	-0.09
0.715	0.105	-0.09
0.725	0.115	-0.09
0.735	0.375	-0.09
0.735	0.125	-0.09
0.755	0.345	-0.09
0.755	0.155	-0.09
0.765	0.315	-0.09
0.765	0.185	-0.09
0.385	0.005	-0.09
0.375	0.005	-0.09
0.365	0.015	-0.09
0.355	0.015	-0.09
0.345	0.025	-0.09
0.365	0.485	-0.09
0.375	0.495	-0.09
0.385	0.495	-0.09
0.395	0.505	-0.09
0.405	0.505	-0.09
0.415	0.515	-0.09
0.425	0.515	-0.09
0.435	0.515	-0.09
0.445	0.515	-0.09
0.455	0.515	-0.09
0.465	0.515	-0.09
0.475	0.515	-0.09
0.485	0.515	-0.09
0.335	0.025	-0.09
0.325	0.035	-0.09
0.315	0.045	-0.09
0.305	0.055	-0.0899995
0.305	0.065	-0.0899926
0.295	0.075	-0.0899957
0.295	0.085	-0.0899759
0.285	0.095	-0.0899846
0.345	0.475	-0.09
0.355	0.485	-0.09
0.285	0.405	-0.09
0.295	0.415	-0.09
0.295	0.425	-0.09
0.305	0.435	-0.09
0.305	0.445	-0.09
0.315	0.455	-0.09
0.325	0.465	-0.09
0.335	0.475	-0.09
0.505	0.515	-0.09
0.515	0.515	-0.09
0.525	0.515	-0.09
0.535	0.515	-0.09
0.545	0.515	-0.09
0.555	0.515	-0.09
0.565	0.515	-0.09
0.275	0.395	-0.09
0.275	0.095	-0.0899988
0.265	0.105	-0.0899994
0.255	0.115	-0.09
0.255	0.125	-0.0899993
0.245	0.135	-0.09
0.245	0.145	-0.0899998
0.235	0.155	-0.09
0.235	0.165	-0.09
0.235	0.175	-0.09
0.595	0.505	-0.09
0.265	0.385	-0.09
0.255	0.375	-0.09
0.225	0.185	-0.09
0.225	0.195	-0.09
0.225	0.205	-0.09
0.225	0.215	-0.09
0.225	0.225	-0.09
0.225	0.235	-0.09
0.225	0.245	-0.09
0.235	0.325	-0.09
0.235	0.335	-0.09
0.235	0.345	-0.09
0.245	0.355	-0.09
0.245	0.365	-0.09
0.225	0.255	-0.09
0.225	0.265	-0.09
0.225	0.275	-0.09
0.225	0.285	-0.09
0.225	0.295	-0.09
0.225	0.305	-0.09
0.225	0.315	-0.09
0.575	0.515	-0.09
0.615	0.495	-0.09
0.615	0.005	-0.09
0.495	0.515	-0.09
0.585	0.515	-0.09
0.605	0.505	-0.09
0.745	0.365	-0.09
0.745	0.135	-0.09
0.765	0.175	-0.09
0.765	0.325	-0.09
0.755	0.355	-0.09
0.755	0.145	-0.09
0.765	0.335	-0.09
0.765	0.165	-0.09
0.775	0.195	-0.09
0.775	0.205	-0.09
0.775	0.215	-0.09
0.775	0.225	-0.09
0.775	0.235	-0.09
0.775	0.245	-0.09
0.775	0.255	-0.09
0.775	0.265	-0.09
0.775	0.275	-0.09
0.775	0.285	-0.09
0.775	0.295	-0.09
0.775	0.305	-0.09
0.715	0.405	-0.09
0.705	0.415	-0.09
0.705	0.425	-0.09
0.695	0.435	-0.09
0.695	0.445	-0.09
0.685	0.455	-0.09
0.675	0.465	-0.09
0.655	0.475	-0.09
0.665	0.475	-0.09
0.635	0.485	-0.09
0.645	0.485	-0.09
0.625	0.495	-0.09
0.725	0.395	-0.09
0.735	0.385	-0.09
0.625	0.005	-0.09
0.635	0.015	-0.09
0.645	0.015	-0.09
0.655	0.025	-0.09
0.665	0.025	-0.09
0.675	0.035	-0.09
0.685	0.045	-0.09
0.695	0.055	-0.09
0.695	0.065	-0.09
0.705	0.075	-0.09
0.705	0.085	-0.09
0.715	0.095	-0.09
0.725	0.105	-0.09
0.735	0.115	-0.09
0.745	0.375	-0.09
0.745	0.125	-0.09
0.765	0.345	-0.09
0.765	0.155	-0.09
0.775	0.315	-0.09
0.775	0.185	-0.09
0.365	0.005	-0.09
0.355	0.005	-0.09
0.345	0.015	-0.09
0.335	0.015	-0.09
0.355	0.495	-0.09
0.365	0.495	-0.09
0.375	0.505	-0.09
0.385	0.505	-0.09
0.385	0.515	-0.09
0.395	0.515	-0.09
0.405	0.515	-0.09
0.415	0.525	-0.09
0.425	0.525	-0.09
0.435	0.525	-0.09
0.445	0.525	-0.09
0.455	0.525	-0.09
0.465	0.525	-0.09
0.475	0.525	-0.09
0.485	0.525	-0.09
0.325	0.025	-0.09
0.315	0.025	-0.09
0.315	0.035	-0.09
0.305	0.035	-0.09
0.305	0.045	-0.09
0.295	0.055	-0.09
0.295	0.065	-0.0899999
0.285	0.065	-0.09
0.285	0.075	-0.0899997
0.285	0.085	-0.0899976
0.335	0.485	-0.09
0.345	0.485	-0.09
0.275	0.405	-0.09
0.285	0.415	-0.09
0.285	0.425	-0.09
0.285	0.435	-0.09
0.295	0.435	-0.09
0.295	0.445	-0.09
0.305	0.455	-0.09
0.305	0.465	-0.09
0.315	0.465	-0.09
0.315	0.475	-0.09
0.325	0.475	-0.09
0.505	0.525	-0.09
0.515	0.525	-0.09
0.525	0.525	-0.09
0.535	0.525	-0.09
0.545	0.525	-0.09
0.555	0.525	-0.09
0.565	0.525	-0.09
0.265	0.395	-0.09
0.265	0.085	-0.09
0.275	0.085	-0.09
0.265	0.095	-0.09
0.255	0.095	-0.09
0.255	0.105	-0.09
0.245	0.115	-0.09
0.245	0.125	-0.09
0.235	0.125	-0.09
0.235	0.135	-0.09
0.235	0.145	-0.09
0.225	0.155	-0.09
0.225	0.165	-0.09
0.225	0.175	-0.09
0.595	0.515	-0.09
0.255	0.385	-0.09
0.245	0.375	-0.09
0.215	0.185	-0.09
0.215	0.195	-0.09
0.215	0.205	-0.09
0.215	0.215	-0.09
0.215	0.225	-0.09
0.215	0.235	-0.09
0.215	0.245	-0.09
0.225	0.325	-0.09
0.225	0.335	-0.09
0.225	0.345	-0.09
0.235	0.355	-0.09
0.235	0.365	-0.09
0.235	0.375	-0.09
0.215	0.255	-0.09
0.215	0.265	-0.09
0.215	0.275	-0.09
0.215	0.285	-0.09
0.215	0.295	-0.09
0.215	0.305	-0.09
0.215	0.315	-0.09
0.575	0.525	-0.09
0.615	0.505	-0.09
0.495	0.525	-0.09
0.585	0.525	-0.09
0.605	0.515	-0.09
0.755	0.365	-0.09
0.755	0.135	-0.09
0.775	0.175	-0.09
0.775	0.325	-0.09
0.765	0.355	-0.09
0.765	0.145	-0.09
0.775	0.335	-0.09
0.775	0.165	-0.09
0.785	0.195	-0.09
0.785	0.205	-0.09
0.785	0.215	-0.09
0.785	0.225	-0.09
0.785	0.235	-0.09
0.785	0.245	-0.09
0.785	0.255	-0.09
0.785	0.265	-0.09
0.785	0.275	-0.09
0.785	0.285	-0.09
0.785	0.295	-0.09
0.785	0.305	-0.09
0.725	0.405	-0.09
0.715	0.415	-0.09
0.715	0.425	-0.09
0.705	0.435	-0.09
0.715	0.435	-0.09
0.705	0.445	-0.09
0.695	0.455	-0.09
0.685	0.465	-0.09
0.695	0.465	-0.09
0.675	0.475	-0.09
0.685	0.475	-0.09
0.655	0.485	-0.09
0.665	0.485	-0.09
0.635	0.495	-0.09
0.645	0.495	-0.09
0.655	0.495	-0.09
0.625	0.505	-0.09
0.735	0.395	-0.09
0.745	0.385	-0.09
0.635	0.005	-0.09
0.645	0.005	-0.09
0.655	0.005	-0.09
0.655	0.015	-0.09
0.665	0.015	-0.09
0.675	0.025	-0.09
0.685	0.025	-0.09
0.685	0.035	-0.09
0.695	0.035	-0.09
0.695	0.045	-0.09
0.705	0.055	-0.09
0.705	0.065	-0.09
0.715	0.065	-0.09
0.715	0.075	-0.09
0.715	0.085	-0.09
0.725	0.095	-0.09
0.735	0.105	-0.09
0.745	0.115	-0.09
0.755	0.375	-0.09
0.755	0.125	-0.09
0.775	0.345	-0.09
0.775	0.155	-0.09
0.785	0.315	-0.09
0.785	0.185	-0.09
0.345	0.005	-0.09
0.335	0.005	-0.09
0.325	0.015	-0.09
0.345	0.495	-0.09
0.355	0.505	-0.09
0.365	0.505	-0.09
0.365	0.515	-0.09
0.375	0.515	-0.09
0.385	0.525	-0.09
0.395	0.525	-0.09
0.405	0.525	-0.09
0.415	0.535	-0.09
0.425	0.535	-0.09
0.435	0.535	-0.09
0.445	0.535	-0.09
0.455	0.535	-0.09
0.465	0.535	-0.09
0.475	0.535	-0.09
0.485	0.535	-0.09
0.315	0.015	-0.09
0.305	0.025	-0.09
0.295	0.035	-0.09
0.295	0.045	-0.09
0.285	0.045	-0.09
0.285	0.055	-0.09
0.275	0.065	-0.09
0.275	0.075	-0.09
0.325	0.485	-0.09
0.335	0.495	-0.09
0.265	0.405	-0.09
0.275	0.415	-0.09
0.275	0.425	-0.09
0.275	0.435	-0.09
0.285	0.445	-0.09
0.285	0.455	-0.09
0.295	0.455	-0.09
0.295	0.465	-0.09
0.305	0.475	-0.09
0.315	0.485	-0.09
0.505	0.535	-0.09
0.515	0.535	-0.09
0.525	0.535	-0.09
0.535	0.535	-0.09
0.545	0.535	-0.09
0.555	0.535	-0.09
0.565	0.535	-0.09
0.255	0.395	-0.09
0.265	0.075	-0.09
0.255	0.085	-0.09
0.245	0.095	-0.09
0.245	0.105	-0.09
0.235	0.105	-0.09
0.235	0.115	-0.09
0.225	0.125	-0.09
0.225	0.135	-0.09
0.225	0.145	-0.09
0.215	0.155	-0.09
0.215	0.165	-0.09
0.215	0.175	-0.09
0.595	0.525	-0.09
0.245	0.385	-0.09
0.205	0.185	-0.09
0.205	0.195	-0.09
0.205	0.205	-0.09
0.205	0.215	-0.09
0.205	0.225	-0.09
0.205	0.235	-0.09
0.205	0.245	-0.09
0.215	0.325	-0.09
0.215	0.335	-0.09
0.215	0.345	-0.09
0.225	0.355	-0.09
0.225	0.365	-0.09
0.225	0.375	-0.09
0.235	0.385	-0.09
0.205	0.255	-0.09
0.205	0.265	-0.09
0.205	0.275	-0.09
0.205	0.285	-0.09
0.205	0.295	-0.09
0.205	0.305	-0.09
0.205	0.315	-0.09
0.575	0.535	-0.09
0.615	0.515	-0.09
0.495	0.535	-0.09
0.585	0.535	-0.09
0.605	0.525	-0.09
0.765	0.365	-0.09
0.765	0.135	-0.09
0.785	0.175	-0.09
0.785	0.325	-0.09
0.775	0.355	-0.09
0.775	0.145	-0.09
0.785	0.335	-0.09
0.785	0.165	-0.09
0.795	0.195	-0.09
0.795	0.205	-0.09
0.795	0.215	-0.09
0.795	0.225	-0.09
0.795	0.235	-0.09
0.795	0.245	-0.09
0.795	0.255	-0.09
0.795	0.265	-0.09
0.795	0.275	-0.09
0.795	0.285	-0.09
0.795	0.295	-0.09
0.795	0.305	-0.09
0.735	0.405	-0.09
0.725	0.415	-0.09
0.725	0.425	-0.09
0.725	0.435	-0.09
0.715	0.445	-0.09
0.705	0.455	-0.09
0.715	0.455	-0.09
0.705	0.465	-0.09
0.695	0.475	-0.09
0.675	0.485	-0.09
0.685	0.485	-0.09
0.665	0.495	-0.09
0.675	0.495	-0.09
0.635	0.505	-0.09
0.645	0.505	-0.09
0.655	0.505	-0.09
0.625	0.515	-0.09
0.745	0.395	-0.09
0.755	0.385	-0.09
0.665	0.005	-0.09
0.675	0.005	-0.09
0.675	0.015	-0.09
0.685	0.015	-0.09
0.695	0.025	-0.09
0.705	0.035	-0.09
0.705	0.045	-0.09
0.715	0.045	-0.09
0.715	0.055	-0.09
0.725	0.065	-0.09
0.725	0.075	-0.09
0.725	0.085	-0.09
0.735	0.095	-0.09
0.745	0.105	-0.09
0.755	0.115	-0.09
0.765	0.375	-0.09
0.765	0.125	-0.09
0.785	0.345	-0.09
0.785	0.155	-0.09
0.795	0.315	-0.09
0.795	0.185	-0.09
