0.575	0.885	-0.00464566
0.565	0.885	-0.000111414
0.475	0.625	-0.00308033
0.555	0.615	0.00219585
0.555	0.895	-0.00541751
0.555	0.605	-0.00751667
0.545	0.895	-0.00218624
0.465	0.625	0.00520408
0.535	0.895	0.00043359
0.525	0.895	0.00238546
0.515	0.895	0.00364055
0.545	0.615	0.00233226
0.505	0.895	0.00419702
0.465	0.615	-0.00240159
0.495	0.895	0.00407504
0.535	0.905	-0.00927383
0.455	0.615	0.00107566
0.525	0.905	-0.00740895
0.485	0.895	0.00330674
0.465	0.885	0.00951551
0.595	0.875	-0.00710201
0.515	0.905	-0.00620205
0.535	0.625	0.00602849
0.535	0.635	0.00931718
0.575	0.615	-0.00482047
0.435	0.625	0.00823413
0.475	0.895	0.0019213
0.535	0.645	0.00970716
0.455	0.885	0.00683519
0.565	0.615	-0.000587383
0.505	0.905	-0.00566678
0.535	0.655	0.00945363
0.545	0.605	-0.00724775
0.445	0.615	0.00139001
0.535	0.615	-0.000938758
0.435	0.875	0.0085683
0.535	0.665	0.00927252
0.595	0.625	-0.00721818
0.465	0.895	-6.36099e-05
0.445	0.885	0.00351597
0.485	0.685	-0.00875476
0.535	0.675	0.00931746
0.535	0.685	0.00959783
0.515	0.845	0.00186813
0.605	0.865	-0.00578269
0.585	0.875	-0.00129498
0.555	0.885	0.00389143
0.495	0.905	-0.00578478
0.415	0.635	0.00683325
0.485	0.695	-0.00776268
0.475	0.635	-0.000945447
0.425	0.625	0.00385292
0.605	0.635	-0.00582266
0.425	0.875	0.00381816
0.415	0.865	0.00673124
0.645	0.815	-0.00890738
0.485	0.705	-0.00679257
0.615	0.855	-0.00576168
0.435	0.615	-0.000963723
0.625	0.845	-0.00702779
0.585	0.625	-0.00144061
0.455	0.895	-0.00263945
0.475	0.645	-0.00104812
0.615	0.645	-0.00575713
0.475	0.655	-0.00113637
0.525	0.635	-0.000406812
0.625	0.655	-0.00701593
0.385	0.665	0.0069654
0.485	0.715	-0.00589994
0.655	0.785	-0.00890777
0.645	0.685	-0.00890299
0.385	0.835	0.00690376
0.485	0.725	-0.00512428
0.655	0.715	-0.00889751
0.365	0.705	0.007674
0.505	0.845	-0.00208743
0.365	0.795	0.00766903
0.485	0.905	-0.0065225
0.435	0.885	-0.000407866
0.525	0.625	-0.00240807
0.525	0.645	-0.000357982
0.635	0.825	-0.00444299
0.475	0.665	-0.000836736
0.645	0.805	-0.00508484
0.375	0.675	0.0041973
0.655	0.775	-0.00700724
0.485	0.735	-0.00447343
0.645	0.695	-0.00507827
0.655	0.725	-0.00699719
0.655	0.765	-0.00572585
0.655	0.755	-0.00507972
0.655	0.735	-0.00571917
0.655	0.745	-0.00507749
0.595	0.865	0.000758574
0.525	0.655	-0.000645571
0.475	0.675	-0.000214061
0.525	0.665	-0.000804601
0.635	0.675	-0.00443421
0.475	0.685	0.000640403
0.525	0.675	-0.000706595
0.375	0.825	0.00415634
0.365	0.695	0.00420211
0.365	0.805	0.00419077
0.525	0.685	-0.000359275
0.525	0.695	0.000139471
0.525	0.705	0.000686824
0.485	0.745	-0.0039477
0.525	0.715	0.00123235
0.485	0.755	-0.00357208
0.525	0.725	0.00174429
0.525	0.735	0.00218873
0.485	0.765	-0.00343088
0.525	0.745	0.00250744
0.355	0.725	0.0028412
0.355	0.735	0.00420875
0.355	0.745	0.0048963
0.355	0.755	0.00489462
0.355	0.765	0.00420503
0.485	0.775	-0.00363473
0.355	0.775	0.00283818
0.485	0.785	-0.00418205
0.485	0.795	-0.0049642
0.485	0.805	-0.00578449
0.485	0.815	-0.00630382
0.485	0.825	-0.00572151
0.575	0.875	0.00403911
0.575	0.625	0.00388542
0.525	0.835	0.00389388
0.595	0.635	0.000666142
0.415	0.625	-0.00136857
0.405	0.635	0.000727658
0.395	0.645	0.001449
0.625	0.835	-0.00117865
0.415	0.875	-0.0014695
0.405	0.865	0.000641119
0.385	0.655	0.000799254
0.395	0.855	0.00137339
0.625	0.665	-0.00116688
0.385	0.845	0.0007337
0.475	0.695	0.00156438
0.645	0.795	-0.00182658
0.365	0.685	0.000140178
0.505	0.855	0.00741413
0.495	0.845	-0.00148065
0.645	0.705	-0.00181741
0.365	0.815	0.000123523
0.525	0.755	0.00262783
0.355	0.715	0.000813758
0.355	0.785	0.000813585
0.525	0.765	0.00250898
0.525	0.775	0.00214207
0.485	0.835	-0.00280195
0.525	0.785	0.00158289
0.545	0.885	0.00732252
0.455	0.605	-0.00848467
0.475	0.905	-0.00784892
0.605	0.855	0.00146518
0.425	0.615	-0.00492474
0.445	0.895	-0.00579532
0.615	0.845	0.000809337
0.605	0.645	0.00144922
0.615	0.655	0.000819272
0.635	0.815	0.000161428
0.375	0.665	-0.00119312
0.475	0.705	0.00247483
0.635	0.685	0.000170044
0.375	0.835	-0.00123805
0.645	0.785	0.000831543
0.475	0.715	0.00331477
0.645	0.715	0.000840921
0.355	0.705	-0.00184528
0.355	0.795	-0.0018441
0.525	0.825	0.000914437
0.525	0.795	0.000946599
0.525	0.805	0.00039662
0.525	0.815	0.000189781
0.425	0.885	-0.00488977
0.625	0.825	0.00421553
0.635	0.805	0.00422282
0.625	0.675	0.00422529
0.475	0.725	0.00404651
0.645	0.775	0.00285788
0.635	0.695	0.00422837
0.475	0.735	0.00466139
0.645	0.725	0.00286493
0.645	0.765	0.00422586
0.645	0.735	0.0042304
0.645	0.755	0.00491599
0.645	0.745	0.00491772
0.475	0.805	0.00324239
0.475	0.815	0.00273858
0.475	0.825	0.00322249
0.445	0.605	-0.00836094
0.515	0.835	-0.00483734
0.585	0.635	0.00674845
0.365	0.675	-0.00446245
0.365	0.825	-0.00448456
0.355	0.695	-0.00510488
0.495	0.855	0.0076884
0.355	0.805	-0.005105
0.485	0.845	0.00305148
0.475	0.745	0.00515851
0.475	0.755	0.00551032
0.475	0.765	0.00562284
0.515	0.745	-0.00657596
0.475	0.775	0.00539588
0.515	0.755	-0.00642986
0.345	0.725	-0.00702224
0.345	0.735	-0.00574127
0.345	0.745	-0.00509805
0.345	0.755	-0.00510045
0.345	0.765	-0.00574739
0.345	0.775	-0.00702881
0.475	0.785	0.00483635
0.475	0.795	0.00405469
0.475	0.835	0.00554366
0.565	0.875	0.00884637
0.465	0.635	0.00930732
0.565	0.625	0.00851543
0.585	0.865	0.00688721
0.405	0.625	-0.00714198
0.395	0.635	-0.00580051
0.465	0.645	0.00947512
0.385	0.645	-0.00576818
0.405	0.875	-0.00723885
0.395	0.865	-0.00588097
0.385	0.855	-0.00583731
0.615	0.835	0.00697638
0.465	0.655	0.00921044
0.465	0.665	0.00932892
0.615	0.665	0.00698324
0.375	0.655	-0.00703715
0.375	0.845	-0.00708458
0.465	0.675	0.00981521
0.635	0.795	0.007695
0.635	0.705	0.00769638
0.355	0.685	-0.00892793
0.355	0.815	-0.00893379
0.515	0.695	-0.00926015
0.515	0.705	-0.00862504
0.515	0.715	-0.00800283
0.515	0.725	-0.00742855
0.515	0.735	-0.00693388
0.345	0.715	-0.00892427
0.345	0.785	-0.00892831
0.515	0.825	-0.00836639
0.515	0.765	-0.00650906
0.515	0.775	-0.00686261
0.515	0.785	-0.00744688
0.515	0.795	-0.0081459
0.515	0.815	-0.0091004
0.515	0.805	-0.00878971
0.585	0.885	-0.00968824
0.565	0.895	-0.00919613
0.575	0.895	-0.0134821
0.585	0.895	-0.0182564
0.555	0.875	0.0130708
0.475	0.615	-0.00855982
0.485	0.615	-0.0161512
0.485	0.625	-0.0123548
0.485	0.635	-0.0110618
0.565	0.605	-0.0098909
0.545	0.625	0.0112291
0.555	0.625	0.0116778
0.545	0.905	-0.0117549
0.555	0.905	-0.0148026
0.565	0.905	-0.0183734
0.545	0.595	-0.0169849
0.555	0.595	-0.0172917
0.565	0.595	-0.0193422
0.535	0.885	0.0100703
0.455	0.625	0.0102527
0.455	0.635	0.0171825
0.525	0.885	0.012035
0.515	0.885	0.0132395
0.505	0.885	0.013766
0.535	0.605	-0.00953883
0.495	0.885	0.0136582
0.465	0.605	-0.0110882
0.475	0.605	-0.0159218
0.485	0.885	0.0129201
0.525	0.915	-0.0172758
0.535	0.915	-0.0190341
0.545	0.915	-0.0213728
0.445	0.625	0.0109626
0.515	0.915	-0.0161322
0.475	0.885	0.011543
0.455	0.875	0.0161367
0.465	0.875	0.0187723
0.475	0.875	0.0205238
0.605	0.875	-0.0133243
0.595	0.885	-0.0151959
0.605	0.885	-0.0211171
0.505	0.915	-0.015616
0.525	0.615	-0.00734224
0.545	0.635	0.0172361
0.545	0.645	0.0191244
0.575	0.605	-0.013709
0.585	0.605	-0.0183975
0.585	0.615	-0.00983061
0.425	0.635	0.0123842
0.435	0.635	0.0170374
0.445	0.635	0.0195852
0.465	0.905	-0.00974262
0.545	0.655	0.0192864
0.445	0.875	0.012705
0.495	0.915	-0.0157168
0.545	0.665	0.0192596
0.535	0.595	-0.0187252
0.435	0.605	-0.0103968
0.525	0.605	-0.0144453
0.425	0.865	0.0123361
0.435	0.865	0.0173793
0.445	0.865	0.0216693
0.545	0.675	0.0193631
0.595	0.615	-0.0153242
0.605	0.615	-0.0212124
0.605	0.625	-0.0133934
0.455	0.905	-0.012192
0.435	0.895	-0.00950482
0.485	0.675	-0.00969818
0.495	0.675	-0.0172588
0.495	0.685	-0.0163057
0.495	0.695	-0.0153178
0.545	0.685	0.0196401
0.535	0.695	0.0100314
0.545	0.695	0.0200375
0.505	0.835	-0.0100241
0.525	0.845	0.00937453
0.515	0.855	0.0104756
0.525	0.855	0.0163249
0.595	0.855	0.00834238
0.615	0.865	-0.012683
0.615	0.875	-0.0199115
0.575	0.865	0.0125236
0.545	0.875	0.0166574
0.485	0.915	-0.0164109
0.405	0.645	0.00831948
0.415	0.645	0.0147545
0.425	0.645	0.0205303
0.495	0.705	-0.0143449
0.485	0.645	-0.0110395
0.415	0.615	-0.00978441
0.615	0.625	-0.0199444
0.615	0.635	-0.0126931
0.595	0.645	0.00827525
0.415	0.885	-0.00988499
0.405	0.855	0.00823363
0.415	0.855	0.0146893
0.425	0.855	0.0206426
0.655	0.805	-0.014474
0.655	0.815	-0.0180827
0.645	0.825	-0.0132557
0.655	0.825	-0.0221986
0.495	0.715	-0.0134479
0.605	0.845	0.00836832
0.625	0.855	-0.0132798
0.625	0.865	-0.0198926
0.425	0.605	-0.0139411
0.635	0.835	-0.00954482
0.635	0.845	-0.015096
0.635	0.855	-0.0210534
0.575	0.635	0.0123927
0.445	0.905	-0.0151844
0.485	0.655	-0.0108688
0.625	0.635	-0.0198884
0.625	0.645	-0.0132699
0.605	0.655	0.00836175
0.485	0.665	-0.0104336
0.515	0.625	-0.0121404
0.515	0.635	-0.0105032
0.515	0.645	-0.0103257
0.635	0.645	-0.0210406
0.635	0.655	-0.0150847
0.635	0.665	-0.00953505
0.395	0.655	0.00836013
0.395	0.665	0.0148679
0.385	0.675	0.0126742
0.395	0.675	0.0209112
0.495	0.725	-0.0126681
0.665	0.775	-0.0168883
0.665	0.785	-0.0186777
0.655	0.795	-0.0114055
0.665	0.795	-0.0210331
0.645	0.675	-0.0132506
0.655	0.675	-0.0221943
0.655	0.685	-0.0180798
0.655	0.695	-0.0144697
0.385	0.825	0.0126253
0.395	0.825	0.0208858
0.395	0.835	0.0148089
0.395	0.845	0.00828326
0.495	0.735	-0.0120145
0.655	0.705	-0.0113981
0.665	0.705	-0.0210252
0.665	0.715	-0.0186686
0.665	0.725	-0.0168792
0.375	0.695	0.0134098
0.375	0.705	0.0171179
0.365	0.715	0.010513
0.375	0.715	0.0201577
0.495	0.835	-0.00892586
0.365	0.785	0.0105126
0.375	0.785	0.0201644
0.375	0.795	0.0171128
0.375	0.805	0.0133892
0.475	0.915	-0.0176702
0.425	0.895	-0.0137401
0.515	0.615	-0.0156911
0.515	0.655	-0.0104949
0.625	0.815	0.00910488
0.645	0.835	-0.0180888
0.365	0.665	-0.00956234
0.375	0.685	0.00908357
0.385	0.685	0.0178684
0.665	0.765	-0.0156834
0.495	0.745	-0.0114933
0.665	0.735	-0.0156765
0.665	0.755	-0.015076
0.665	0.745	-0.0150734
0.585	0.855	0.0148025
0.515	0.665	-0.010563
0.465	0.685	0.0105509
0.515	0.675	-0.0103195
0.645	0.665	-0.0180812
0.625	0.685	0.00910473
0.465	0.695	0.0113786
0.515	0.685	-0.00985237
0.375	0.815	0.00905056
0.385	0.815	0.0178382
0.365	0.835	-0.00958701
0.535	0.705	0.0105192
0.535	0.715	0.0110095
0.495	0.755	-0.0111348
0.535	0.725	0.0114727
0.495	0.765	-0.0109781
0.535	0.735	0.011877
0.535	0.745	0.0121678
0.495	0.775	-0.0111585
0.535	0.755	0.0122788
0.365	0.725	0.0126816
0.365	0.735	0.0141473
0.365	0.745	0.0148864
0.365	0.755	0.0148863
0.365	0.765	0.0141474
0.365	0.775	0.012682
0.495	0.785	-0.0116674
0.495	0.795	-0.0123945
0.495	0.805	-0.0131472
0.495	0.815	-0.0135945
0.495	0.825	-0.0128133
0.565	0.865	0.0176065
0.565	0.635	0.0173062
0.535	0.825	0.0110324
0.535	0.835	0.0136399
0.535	0.845	0.0182858
0.585	0.645	0.0147141
0.405	0.615	-0.0152426
0.395	0.625	-0.0133494
0.385	0.635	-0.0126888
0.405	0.655	0.0155784
0.615	0.825	0.012693
0.405	0.885	-0.015355
0.395	0.875	-0.0134371
0.375	0.645	-0.0132827
0.405	0.845	0.0155146
0.385	0.865	-0.0127638
0.615	0.675	0.0126863
0.375	0.855	-0.0133372
0.465	0.705	0.0122067
0.635	0.785	0.0105341
0.355	0.675	-0.0132757
0.495	0.865	0.0172944
0.505	0.865	0.0170583
0.515	0.865	0.0191116
0.485	0.855	0.0110503
0.635	0.715	0.0105347
0.355	0.825	-0.0132907
0.535	0.765	0.0121671
0.345	0.705	-0.0114236
0.345	0.795	-0.011426
0.535	0.775	0.0118367
0.535	0.785	0.0113468
0.475	0.845	0.010175
0.535	0.795	0.0108071
0.535	0.875	0.0192948
0.445	0.595	-0.0181555
0.455	0.595	-0.0181678
0.465	0.595	-0.020195
0.465	0.915	-0.0194716
0.595	0.845	0.015598
0.415	0.605	-0.0184277
0.435	0.905	-0.0186974
0.605	0.835	0.0148824
0.595	0.655	0.0155702
0.605	0.665	0.0148746
0.625	0.805	0.0134333
0.365	0.655	-0.0151059
0.465	0.715	0.0129764
0.625	0.695	0.0134238
0.365	0.845	-0.0151401
0.635	0.775	0.0127021
0.465	0.725	0.0136504
0.635	0.725	0.0127053
0.345	0.695	-0.0144936
0.345	0.805	-0.0144988
0.535	0.815	0.0102733
0.535	0.805	0.0103708
0.415	0.895	-0.0184746
0.615	0.815	0.0178941
0.625	0.795	0.0171439
0.615	0.685	0.0178829
0.465	0.735	0.0142176
0.635	0.765	0.014168
0.625	0.705	0.0171361
0.465	0.745	0.0146755
0.635	0.735	0.0141725
0.635	0.755	0.0149088
0.635	0.745	0.014911
0.465	0.795	0.0135758
0.465	0.805	0.0128395
0.465	0.815	0.0124421
0.465	0.825	0.0129575
0.465	0.835	0.0149679
0.435	0.595	-0.0199305
0.505	0.825	-0.0142531
0.575	0.645	0.0206583
0.355	0.665	-0.0181074
0.355	0.835	-0.0181344
0.345	0.685	-0.0181031
0.485	0.865	0.0198609
0.345	0.815	-0.0181178
0.475	0.855	0.016781
0.465	0.755	0.0149946
0.465	0.765	0.0150848
0.465	0.775	0.0148529
0.505	0.735	-0.0133575
0.505	0.745	-0.0129144
0.505	0.755	-0.0126701
0.465	0.785	0.0143115
0.505	0.765	-0.0126072
0.335	0.715	-0.0186945
0.335	0.725	-0.0169038
0.335	0.735	-0.0156994
0.335	0.745	-0.015095
0.335	0.755	-0.0150972
0.335	0.765	-0.0157056
0.335	0.775	-0.0169126
0.335	0.785	-0.0187047
0.465	0.845	0.0187154
0.555	0.865	0.0219708
0.455	0.645	0.0192696
0.555	0.635	0.0201683
0.575	0.855	0.0207635
0.395	0.615	-0.0211507
0.385	0.625	-0.0199269
0.455	0.655	0.0194098
0.375	0.635	-0.0198996
0.395	0.885	-0.0212439
0.385	0.875	-0.0199978
0.375	0.865	-0.0199509
0.605	0.825	0.0209367
0.455	0.665	0.0195579
0.455	0.675	0.0199861
0.605	0.675	0.0209436
0.365	0.645	-0.021061
0.365	0.855	-0.0211022
0.455	0.685	0.0206343
0.625	0.785	0.0201842
0.625	0.715	0.0201862
0.345	0.675	-0.0222208
0.345	0.825	-0.0222485
0.505	0.685	-0.0170176
0.505	0.695	-0.0162251
0.505	0.705	-0.0154077
0.505	0.715	-0.0146325
0.505	0.725	-0.0139422
0.335	0.705	-0.0210517
0.335	0.795	-0.0210635
0.505	0.815	-0.0150969
0.505	0.775	-0.012846
0.505	0.785	-0.0133667
0.505	0.795	-0.0140553
0.505	0.805	-0.0147338
0.595	0.895	-0.0234878
0.575	0.905	-0.0224373
0.585	0.905	-0.0269733
0.485	0.605	-0.0220814
0.495	0.615	-0.0228927
0.495	0.625	-0.0198637
0.495	0.635	-0.018782
0.555	0.915	-0.0242506
0.565	0.915	-0.0276336
0.545	0.585	-0.0268086
0.555	0.585	-0.0271115
0.565	0.585	-0.0289112
0.575	0.595	-0.0227692
0.525	0.875	0.0204684
0.515	0.875	0.0208008
0.505	0.875	0.02115
0.495	0.875	0.0214203
0.475	0.595	-0.0241005
0.485	0.875	0.0213529
0.525	0.925	-0.0271823
0.535	0.925	-0.0288377
0.545	0.925	-0.0310413
0.515	0.925	-0.026102
0.455	0.865	0.024725
0.465	0.865	0.0255496
0.475	0.865	0.0235423
0.615	0.885	-0.0274094
0.605	0.895	-0.0291312
0.505	0.925	-0.0256084
0.555	0.645	0.0257359
0.585	0.595	-0.0271328
0.595	0.605	-0.0236171
0.435	0.645	0.0249835
0.445	0.645	0.0254233
0.555	0.655	0.0280432
0.495	0.925	-0.0256963
0.555	0.665	0.0287472
0.535	0.585	-0.0282158
0.525	0.595	-0.0226654
0.515	0.605	-0.021279
0.435	0.855	0.0258092
0.445	0.855	0.0292285
0.555	0.675	0.0291647
0.605	0.605	-0.0292427
0.615	0.615	-0.0274698
0.455	0.915	-0.0218018
0.495	0.665	-0.0180403
0.505	0.675	-0.0177375
0.555	0.685	0.0295753
0.545	0.705	0.020482
0.555	0.695	0.0300028
0.535	0.855	0.0233461
0.525	0.865	0.022502
0.625	0.875	-0.0268231
0.545	0.865	0.0249926
0.485	0.925	-0.0263471
0.415	0.655	0.0223026
0.425	0.655	0.0281102
0.495	0.645	-0.0186942
0.625	0.625	-0.0268327
0.415	0.845	0.0223408
0.425	0.845	0.0285026
0.665	0.805	-0.0239319
0.665	0.815	-0.027348
0.665	0.825	-0.0312528
0.655	0.835	-0.0267861
0.635	0.865	-0.0273739
0.425	0.595	-0.0230952
0.645	0.845	-0.023366
0.645	0.855	-0.0290465
0.445	0.915	-0.0246421
0.495	0.655	-0.0184653
0.635	0.635	-0.0273631
0.505	0.625	-0.0202021
0.505	0.635	-0.018759
0.505	0.645	-0.0184564
0.645	0.645	-0.0290334
0.645	0.655	-0.0233553
0.405	0.665	0.0224202
0.405	0.675	0.028763
0.395	0.685	0.0264186
0.675	0.775	-0.0267824
0.675	0.785	-0.0284728
0.675	0.795	-0.0307009
0.655	0.665	-0.0267788
0.665	0.675	-0.0312454
0.665	0.685	-0.0273419
0.665	0.695	-0.0239254
0.395	0.815	0.0264321
0.405	0.825	0.0288267
0.405	0.835	0.0224111
0.675	0.705	-0.0306899
0.675	0.715	-0.0284622
0.675	0.725	-0.0267733
0.385	0.695	0.0224803
0.385	0.705	0.0264456
0.385	0.715	0.0297052
0.375	0.725	0.0224852
0.375	0.775	0.0224955
0.385	0.785	0.0297405
0.385	0.795	0.0264642
0.385	0.805	0.0224744
0.475	0.925	-0.0275372
0.425	0.905	-0.0227152
0.505	0.615	-0.0231196
0.505	0.655	-0.0184211
0.675	0.765	-0.0256452
0.675	0.735	-0.0256389
0.675	0.755	-0.0250723
0.675	0.745	-0.02507
0.585	0.845	0.0223923
0.505	0.665	-0.018287
0.455	0.695	0.0213774
0.545	0.715	0.020928
0.545	0.725	0.0213495
0.545	0.735	0.021718
0.545	0.745	0.0219836
0.545	0.755	0.0220862
0.375	0.735	0.0240632
0.375	0.745	0.0248614
0.375	0.755	0.0248632
0.375	0.765	0.0240698
0.565	0.855	0.0259063
0.565	0.645	0.0254371
0.545	0.825	0.0211052
0.545	0.835	0.02324
0.545	0.845	0.0265357
0.585	0.655	0.0223988
0.405	0.605	-0.0235579
0.405	0.895	-0.0236679
0.455	0.705	0.0221277
0.545	0.765	0.0219908
0.545	0.775	0.0217036
0.545	0.785	0.0212825
0.545	0.795	0.0208257
0.535	0.865	0.025198
0.445	0.585	-0.0279647
0.455	0.585	-0.0279295
0.465	0.585	-0.0295711
0.465	0.925	-0.0292481
0.595	0.835	0.0224526
0.415	0.595	-0.0272354
0.435	0.915	-0.0279799
0.595	0.665	0.022489
0.615	0.805	0.0225098
0.355	0.655	-0.0233801
0.455	0.715	0.0228301
0.615	0.695	0.0225106
0.355	0.845	-0.0234244
0.625	0.775	0.0225109
0.455	0.725	0.0234483
0.625	0.725	0.0225225
0.335	0.695	-0.0239522
0.335	0.805	-0.0239681
0.545	0.815	0.0204084
0.545	0.805	0.0204672
0.415	0.905	-0.0272143
0.605	0.815	0.0264468
0.615	0.795	0.0264755
0.605	0.685	0.0264983
0.455	0.735	0.0239684
0.625	0.765	0.0240886
0.615	0.705	0.0264996
0.455	0.745	0.024386
0.625	0.735	0.024102
0.625	0.755	0.0248895
0.625	0.745	0.0248954
0.455	0.795	0.0233463
0.455	0.805	0.0227159
0.455	0.815	0.0224462
0.455	0.825	0.0229846
0.455	0.835	0.0246582
0.435	0.585	-0.029584
0.575	0.655	0.0284977
0.345	0.665	-0.0268076
0.345	0.835	-0.0268531
0.335	0.685	-0.0273711
0.335	0.815	-0.0273938
0.465	0.855	0.0235429
0.455	0.755	0.0246713
0.455	0.765	0.0247452
0.455	0.775	0.0245219
0.455	0.785	0.0240148
0.325	0.715	-0.028494
0.325	0.725	-0.0268025
0.325	0.735	-0.0256661
0.325	0.745	-0.0250959
0.325	0.755	-0.0250977
0.325	0.765	-0.0256713
0.325	0.775	-0.0268114
0.325	0.785	-0.0285064
0.455	0.845	0.027303
0.555	0.855	0.0291913
0.575	0.845	0.0284093
0.395	0.605	-0.0291723
0.385	0.615	-0.0274321
0.375	0.625	-0.0268339
0.445	0.655	0.0280908
0.365	0.635	-0.0273898
0.385	0.885	-0.0275032
0.395	0.895	-0.0292692
0.375	0.875	-0.0268906
0.365	0.865	-0.0274361
0.595	0.825	0.0287819
0.445	0.665	0.0291141
0.445	0.675	0.029837
0.595	0.675	0.0289429
0.355	0.645	-0.0290713
0.355	0.855	-0.0291213
0.445	0.685	0.030564
0.615	0.785	0.0297337
0.615	0.715	0.0297813
0.335	0.675	-0.031277
0.335	0.825	-0.031312
0.325	0.705	-0.0307232
0.325	0.795	-0.03074
0.595	0.905	-0.0319533
0.575	0.915	-0.031497
0.585	0.915	-0.0358175
0.485	0.595	-0.0292765
0.495	0.605	-0.0277868
0.555	0.925	-0.0337616
0.565	0.925	-0.0369719
0.545	0.575	-0.0367014
0.555	0.575	-0.0369844
0.565	0.575	-0.0385754
0.575	0.585	-0.0319953
0.475	0.585	-0.0328327
0.525	0.935	-0.0370911
0.535	0.935	-0.0386532
0.545	0.935	-0.0407383
0.515	0.935	-0.0360716
0.455	0.855	0.0286739
0.625	0.885	-0.0340372
0.615	0.895	-0.0351483
0.605	0.905	-0.0373398
0.505	0.935	-0.0356036
0.585	0.585	-0.0360331
0.595	0.595	-0.0320806
0.435	0.655	0.0312542
0.565	0.655	0.0318379
0.495	0.935	-0.0356844
0.565	0.665	0.0356766
0.535	0.575	-0.0378722
0.525	0.585	-0.0315046
0.515	0.595	-0.0283409
0.505	0.605	-0.0277416
0.435	0.845	0.033041
0.445	0.845	0.0330832
0.565	0.675	0.0377407
0.605	0.595	-0.0374579
0.615	0.605	-0.0352318
0.625	0.615	-0.0340659
0.455	0.925	-0.0314633
0.565	0.685	0.0388739
0.555	0.705	0.0304362
0.565	0.695	0.0395901
0.545	0.855	0.0284215
0.635	0.875	-0.0340208
0.485	0.935	-0.0362988
0.415	0.665	0.0293607
0.425	0.665	0.034818
0.635	0.625	-0.0340162
0.415	0.835	0.0295224
0.425	0.835	0.0355065
0.675	0.805	-0.0334471
0.675	0.815	-0.0366889
0.675	0.825	-0.0404015
0.665	0.835	-0.0356155
0.655	0.845	-0.0318094
0.645	0.865	-0.0350935
0.425	0.585	-0.0324414
0.655	0.855	-0.0372337
0.445	0.925	-0.0341619
0.645	0.635	-0.0350795
0.655	0.645	-0.0372195
0.655	0.655	-0.0317985
0.415	0.675	0.0358041
0.405	0.685	0.0345234
0.395	0.695	0.0313177
0.685	0.775	-0.0366858
0.685	0.785	-0.0382872
0.685	0.795	-0.0404002
0.665	0.665	-0.0356056
0.675	0.675	-0.0403917
0.675	0.685	-0.0366786
0.675	0.695	-0.0334363
0.395	0.805	0.0313703
0.405	0.815	0.0346525
0.415	0.825	0.0360877
0.685	0.705	-0.0403895
0.685	0.715	-0.0382768
0.685	0.725	-0.0366772
0.395	0.705	0.0355391
0.395	0.715	0.0390133
0.385	0.725	0.0322086
0.385	0.775	0.0322463
0.395	0.785	0.0391141
0.395	0.795	0.0356243
0.475	0.935	-0.0374289
0.425	0.915	-0.0318024
0.685	0.765	-0.0356095
0.685	0.735	-0.0356038
0.685	0.755	-0.0350679
0.685	0.745	-0.0350659
0.585	0.835	0.0294175
0.445	0.695	0.0313089
0.555	0.715	0.0308601
0.555	0.725	0.0312559
0.555	0.735	0.0315975
0.555	0.745	0.0318383
0.555	0.755	0.031925
0.385	0.735	0.033911
0.385	0.745	0.0347759
0.385	0.755	0.0347846
0.385	0.765	0.0339371
0.565	0.845	0.0325159
0.555	0.825	0.0304815
0.555	0.835	0.0315769
0.555	0.845	0.0319727
0.585	0.665	0.0296653
0.405	0.595	-0.0320693
0.405	0.905	-0.032144
0.445	0.705	0.0320335
0.555	0.765	0.0318283
0.555	0.775	0.0315556
0.555	0.785	0.0311579
0.555	0.795	0.0307146
0.445	0.575	-0.0378428
0.455	0.575	-0.0377562
0.465	0.575	-0.0391041
0.465	0.935	-0.0390585
0.415	0.585	-0.0362297
0.435	0.925	-0.0373443
0.605	0.805	0.0313382
0.345	0.655	-0.0318358
0.445	0.715	0.0327025
0.605	0.695	0.0314553
0.345	0.845	-0.0318932
0.615	0.775	0.032236
0.445	0.725	0.033287
0.615	0.725	0.0322937
0.325	0.695	-0.0334707
0.325	0.805	-0.0334931
0.555	0.815	0.0301333
0.555	0.805	0.0303267
0.415	0.915	-0.0360788
0.595	0.815	0.034499
0.605	0.795	0.035544
0.595	0.685	0.0348331
0.445	0.735	0.0337737
0.615	0.765	0.0339418
0.605	0.705	0.0357245
0.445	0.745	0.0341585
0.615	0.735	0.0339889
0.615	0.755	0.0348161
0.615	0.745	0.0348342
0.445	0.795	0.0331579
0.445	0.805	0.0325889
0.445	0.815	0.0323352
0.445	0.825	0.0326249
0.445	0.835	0.0333848
0.435	0.575	-0.0393301
0.575	0.665	0.0354543
0.335	0.665	-0.0356438
0.335	0.835	-0.0356915
0.325	0.685	-0.0367139
0.325	0.815	-0.0367456
0.445	0.755	0.0344135
0.445	0.765	0.0344731
0.445	0.775	0.0342589
0.445	0.785	0.0337794
0.315	0.715	-0.0383277
0.315	0.725	-0.0367236
0.315	0.735	-0.035647
0.315	0.745	-0.0351083
0.315	0.755	-0.0351116
0.315	0.765	-0.0356558
0.315	0.775	-0.0367363
0.315	0.785	-0.0383446
0.575	0.835	0.0349235
0.395	0.595	-0.0374141
0.385	0.605	-0.0351883
0.375	0.615	-0.0340543
0.365	0.625	-0.0340304
0.355	0.635	-0.03511
0.375	0.885	-0.0341314
0.385	0.895	-0.0352584
0.395	0.905	-0.0374984
0.365	0.875	-0.0341102
0.355	0.865	-0.0351859
0.585	0.825	0.0357048
0.435	0.665	0.0354883
0.435	0.675	0.0380266
0.585	0.675	0.0363078
0.345	0.645	-0.0372541
0.345	0.855	-0.0373281
0.435	0.685	0.0395355
0.605	0.785	0.0390073
0.605	0.715	0.0392312
0.325	0.675	-0.0404299
0.325	0.825	-0.0404765
0.315	0.705	-0.0404433
0.315	0.795	-0.0404693
0.595	0.915	-0.0405678
0.605	0.915	-0.0457187
0.575	0.925	-0.0406509
0.585	0.925	-0.0447764
0.595	0.925	-0.0493223
0.485	0.585	-0.0372205
0.495	0.585	-0.0413715
0.495	0.595	-0.0341224
0.505	0.595	-0.0338991
0.555	0.935	-0.043322
0.565	0.935	-0.0463833
0.575	0.935	-0.0499028
0.535	0.565	-0.0475943
0.545	0.565	-0.046611
0.555	0.565	-0.0468796
0.565	0.565	-0.0483037
0.575	0.565	-0.0508353
0.575	0.575	-0.0413622
0.585	0.575	-0.0450878
0.475	0.575	-0.0419204
0.485	0.575	-0.0457135
0.515	0.945	-0.0460419
0.525	0.945	-0.0470047
0.535	0.945	-0.0484844
0.545	0.945	-0.050469
0.555	0.945	-0.052941
0.505	0.945	-0.0456009
0.635	0.885	-0.0409649
0.625	0.895	-0.0415074
0.635	0.895	-0.0481759
0.615	0.905	-0.0430997
0.625	0.905	-0.0492062
0.615	0.915	-0.0512438
0.495	0.945	-0.0456792
0.595	0.575	-0.0494821
0.595	0.585	-0.0407053
0.605	0.585	-0.04584
0.485	0.945	-0.0462646
0.575	0.675	0.0408184
0.525	0.565	-0.0500174
0.525	0.575	-0.0406782
0.515	0.575	-0.0448391
0.515	0.585	-0.036314
0.505	0.585	-0.0411107
0.435	0.835	0.0376966
0.575	0.685	0.0444224
0.615	0.585	-0.0513477
0.615	0.595	-0.0431998
0.625	0.595	-0.0492705
0.625	0.605	-0.0415554
0.635	0.605	-0.0481895
0.635	0.615	-0.0409681
0.445	0.935	-0.04374
0.455	0.935	-0.0411668
0.575	0.695	0.0467452
0.565	0.705	0.0401438
0.565	0.715	0.0406271
0.575	0.705	0.0482274
0.645	0.875	-0.0414752
0.645	0.885	-0.0481605
0.475	0.945	-0.047345
0.425	0.675	0.0402168
0.645	0.615	-0.0481475
0.645	0.625	-0.0414608
0.425	0.825	0.041077
0.435	0.825	0.0400455
0.685	0.805	-0.0430078
0.685	0.815	-0.0460903
0.685	0.825	-0.0496247
0.675	0.835	-0.0445582
0.685	0.835	-0.053586
0.665	0.845	-0.0404058
0.675	0.845	-0.0491308
0.665	0.855	-0.0455918
0.655	0.865	-0.0430262
0.655	0.875	-0.0491556
0.415	0.575	-0.0453952
0.425	0.575	-0.0419475
0.665	0.865	-0.051142
0.435	0.935	-0.0467807
0.655	0.625	-0.0491382
0.655	0.635	-0.0430096
0.665	0.635	-0.0511317
0.665	0.645	-0.0455782
0.665	0.655	-0.0403931
0.415	0.685	0.0414745
0.425	0.685	0.0442189
0.405	0.695	0.0396248
0.415	0.695	0.046205
0.405	0.705	0.0439888
0.695	0.765	-0.0455735
0.695	0.775	-0.0465937
0.695	0.785	-0.048113
0.695	0.795	-0.0501192
0.695	0.805	-0.0525974
0.675	0.655	-0.0491263
0.675	0.665	-0.0445498
0.685	0.665	-0.0536019
0.685	0.675	-0.0496277
0.685	0.685	-0.0460856
0.685	0.695	-0.0429989
0.405	0.795	0.0442042
0.405	0.805	0.0398025
0.415	0.805	0.0465897
0.415	0.815	0.041839
0.425	0.815	0.045057
0.695	0.695	-0.0526095
0.695	0.705	-0.0501227
0.695	0.715	-0.0481116
0.695	0.725	-0.0465906
0.695	0.735	-0.0455707
0.405	0.715	0.0475397
0.395	0.725	0.0416809
0.405	0.725	0.0502265
0.395	0.735	0.0434974
0.395	0.765	0.04357
0.395	0.775	0.0417786
0.405	0.775	0.0504302
0.405	0.785	0.0477625
0.465	0.945	-0.0489015
0.415	0.925	-0.0450559
0.425	0.925	-0.0409801
0.695	0.755	-0.0450605
0.695	0.745	-0.0450594
0.575	0.825	0.0398295
0.435	0.695	0.0406311
0.435	0.705	0.0415295
0.565	0.725	0.041046
0.565	0.735	0.0413853
0.565	0.745	0.0416047
0.565	0.755	0.0416586
0.565	0.765	0.0415206
0.395	0.745	0.0444295
0.395	0.755	0.0444563
0.565	0.835	0.0361818
0.565	0.815	0.0387484
0.565	0.825	0.037845
0.395	0.585	-0.0458193
0.405	0.585	-0.040756
0.395	0.915	-0.0459137
0.405	0.915	-0.0407702
0.435	0.715	0.0422838
0.565	0.775	0.0411958
0.565	0.785	0.040718
0.565	0.795	0.0401351
0.565	0.805	0.0394862
0.435	0.565	-0.0490583
0.445	0.565	-0.047743
0.455	0.565	-0.0476137
0.465	0.565	-0.0487494
0.475	0.565	-0.0512216
0.455	0.945	-0.0509156
0.405	0.575	-0.049598
0.425	0.935	-0.050241
0.595	0.795	0.0438135
0.595	0.805	0.0395309
0.335	0.645	-0.0456068
0.335	0.655	-0.0404301
0.435	0.725	0.0429061
0.595	0.695	0.0400253
0.595	0.705	0.0444027
0.335	0.845	-0.0404977
0.335	0.855	-0.0456956
0.605	0.765	0.0435113
0.605	0.775	0.0416777
0.435	0.735	0.0434012
0.605	0.725	0.0418887
0.605	0.735	0.0436591
0.315	0.685	-0.0461397
0.315	0.695	-0.0430532
0.315	0.805	-0.0430976
0.315	0.815	-0.0462195
0.405	0.925	-0.049551
0.585	0.805	0.0456151
0.585	0.815	0.0411466
0.595	0.785	0.0473065
0.585	0.685	0.0421114
0.585	0.695	0.0467983
0.435	0.745	0.0437739
0.605	0.755	0.0444686
0.595	0.715	0.0479362
0.435	0.755	0.0440027
0.605	0.745	0.0445216
0.435	0.785	0.0432723
0.435	0.795	0.042572
0.435	0.805	0.0418138
0.435	0.815	0.0410913
0.425	0.565	-0.0514722
0.325	0.655	-0.0491639
0.325	0.665	-0.0445868
0.325	0.835	-0.0446631
0.325	0.845	-0.0492834
0.315	0.675	-0.0496841
0.315	0.825	-0.0498329
0.435	0.765	0.0440334
0.435	0.775	0.0437922
0.305	0.705	-0.0502517
0.305	0.715	-0.0482339
0.305	0.725	-0.0466977
0.305	0.735	-0.0456674
0.305	0.745	-0.0451619
0.305	0.755	-0.0451751
0.305	0.765	-0.0457035
0.305	0.775	-0.0467401
0.305	0.785	-0.048282
0.305	0.795	-0.0503421
0.385	0.585	-0.0512975
0.385	0.595	-0.0431579
0.375	0.595	-0.0492451
0.375	0.605	-0.0415497
0.365	0.605	-0.0482022
0.365	0.615	-0.0409908
0.355	0.615	-0.0481817
0.355	0.625	-0.041491
0.345	0.625	-0.0491872
0.345	0.635	-0.0430376
0.365	0.885	-0.0410815
0.365	0.895	-0.0482976
0.375	0.895	-0.0416338
0.375	0.905	-0.049349
0.385	0.905	-0.0432459
0.385	0.915	-0.051434
0.355	0.875	-0.0415766
0.355	0.885	-0.0482675
0.345	0.865	-0.0431226
0.345	0.875	-0.0492629
0.575	0.815	0.0432914
0.335	0.635	-0.0511892
0.335	0.865	-0.0512801
0.425	0.695	0.0470879
0.595	0.775	0.0499735
0.595	0.725	0.0505083
0.315	0.665	-0.0536595
0.315	0.835	-0.0539442
0.305	0.695	-0.0527384
0.305	0.805	-0.0529357
0.605	0.925	-0.054262
0.585	0.935	-0.0538564
0.595	0.935	-0.0582152
0.495	0.575	-0.0493616
0.565	0.945	-0.0558782
0.575	0.945	-0.0592539
0.535	0.555	-0.0573294
0.545	0.555	-0.0565042
0.555	0.555	-0.0567676
0.565	0.555	-0.0580621
0.575	0.555	-0.0603735
0.585	0.565	-0.0542708
0.485	0.565	-0.0545541
0.515	0.955	-0.0560392
0.525	0.955	-0.0569574
0.535	0.955	-0.0583708
0.545	0.955	-0.0602678
0.555	0.955	-0.0626304
0.505	0.955	-0.0556201
0.645	0.895	-0.0551168
0.635	0.905	-0.0556261
0.625	0.915	-0.0571142
0.615	0.925	-0.0595657
0.495	0.955	-0.0556971
0.595	0.565	-0.0583893
0.605	0.575	-0.0543723
0.485	0.955	-0.0562621
0.525	0.555	-0.0594395
0.515	0.565	-0.0536696
0.505	0.575	-0.0490586
0.615	0.575	-0.0596466
0.625	0.585	-0.0571794
0.635	0.595	-0.0556498
0.645	0.605	-0.0551109
0.445	0.945	-0.0533893
0.575	0.715	0.0492465
0.585	0.705	0.0502614
0.655	0.885	-0.0555852
0.475	0.955	-0.0573055
0.655	0.615	-0.0555758
0.695	0.815	-0.0555281
0.695	0.825	-0.0588882
0.695	0.835	-0.062651
0.685	0.845	-0.0579442
0.675	0.855	-0.0540874
0.665	0.875	-0.0570194
0.415	0.565	-0.0547257
0.675	0.865	-0.059392
0.435	0.945	-0.0562953
0.665	0.625	-0.0570238
0.675	0.635	-0.059425
0.675	0.645	-0.0540945
0.415	0.705	0.0499402
0.705	0.765	-0.0555294
0.705	0.775	-0.0564959
0.705	0.785	-0.057936
0.705	0.795	-0.0598374
0.705	0.805	-0.0621848
0.685	0.655	-0.0579827
0.695	0.665	-0.0627357
0.695	0.675	-0.0589378
0.695	0.685	-0.0555546
0.415	0.795	0.0503554
0.425	0.805	0.0478485
0.705	0.695	-0.0622473
0.705	0.705	-0.0598765
0.705	0.715	-0.0579591
0.705	0.725	-0.0565086
0.705	0.735	-0.0555357
0.415	0.715	0.0527377
0.415	0.725	0.0547253
0.405	0.735	0.0520347
0.405	0.765	0.0521883
0.415	0.775	0.0551191
0.415	0.785	0.0531579
0.465	0.955	-0.058802
0.415	0.935	-0.0541634
0.705	0.755	-0.0550448
0.705	0.745	-0.0550467
0.425	0.705	0.0490596
0.575	0.725	0.049931
0.575	0.735	0.0503771
0.575	0.745	0.0506034
0.575	0.755	0.0505859
0.575	0.765	0.0503008
0.405	0.745	0.0529705
0.405	0.755	0.0530297
0.395	0.575	-0.0543898
0.395	0.925	-0.054478
0.425	0.715	0.0504088
0.575	0.775	0.0497274
0.575	0.785	0.0488357
0.575	0.795	0.0475639
0.575	0.805	0.0457856
0.435	0.555	-0.0587809
0.445	0.555	-0.0576365
0.455	0.555	-0.0574783
0.465	0.555	-0.0584593
0.475	0.555	-0.0606506
0.455	0.955	-0.0607499
0.405	0.565	-0.0586894
0.425	0.945	-0.0596265
0.585	0.795	0.0490921
0.325	0.645	-0.0541747
0.425	0.725	0.0513556
0.325	0.855	-0.0543438
0.595	0.765	0.0517986
0.425	0.735	0.052014
0.595	0.735	0.0521454
0.305	0.685	-0.0556887
0.305	0.815	-0.0560716
0.405	0.935	-0.0584786
0.585	0.785	0.0517048
0.425	0.745	0.0524395
0.595	0.755	0.0527738
0.585	0.715	0.0527308
0.425	0.755	0.0526326
0.595	0.745	0.0528939
0.425	0.785	0.0511997
0.425	0.795	0.0498417
0.425	0.555	-0.0610537
0.315	0.655	-0.0580764
0.315	0.845	-0.0585749
0.305	0.675	-0.0590802
0.305	0.825	-0.0597396
0.425	0.765	0.0525421
0.425	0.775	0.052084
0.295	0.705	-0.0601701
0.295	0.715	-0.058222
0.295	0.725	-0.0567484
0.295	0.735	-0.0557864
0.295	0.745	-0.0553604
0.295	0.755	-0.0554294
0.295	0.765	-0.0559696
0.295	0.775	-0.0569962
0.295	0.785	-0.0585246
0.295	0.795	-0.0605993
0.385	0.575	-0.0597267
0.375	0.585	-0.0572073
0.365	0.595	-0.0556627
0.355	0.605	-0.0551297
0.345	0.615	-0.0556095
0.335	0.625	-0.0570789
0.355	0.895	-0.0552437
0.365	0.905	-0.0557541
0.375	0.915	-0.0572873
0.385	0.925	-0.0597755
0.345	0.885	-0.0557941
0.335	0.875	-0.0573473
0.325	0.635	-0.0595225
0.325	0.865	-0.0599663
0.585	0.775	0.0535884
0.585	0.725	0.0543327
0.305	0.665	-0.0629156
0.305	0.835	-0.0639248
0.295	0.695	-0.0625567
0.295	0.805	-0.0632524
0.605	0.935	-0.0629446
0.615	0.935	-0.0679926
0.585	0.945	-0.0630377
0.595	0.945	-0.0671919
0.495	0.565	-0.0577369
0.565	0.955	-0.0654353
0.575	0.955	-0.0686508
0.535	0.545	-0.067051
0.545	0.545	-0.0663569
0.555	0.545	-0.0666194
0.565	0.545	-0.0678078
0.575	0.545	-0.0699193
0.585	0.555	-0.0635379
0.595	0.555	-0.0673778
0.485	0.555	-0.0636322
0.515	0.965	-0.0661238
0.525	0.965	-0.0669939
0.535	0.965	-0.0683267
0.545	0.965	-0.0701131
0.555	0.965	-0.0723383
0.505	0.965	-0.0657244
0.655	0.895	-0.062275
0.645	0.905	-0.0623062
0.635	0.915	-0.0632792
0.645	0.915	-0.0696426
0.625	0.925	-0.0651837
0.635	0.925	-0.0710226
0.495	0.965	-0.0657982
0.605	0.565	-0.0630245
0.615	0.565	-0.068047
0.485	0.965	-0.0663428
0.525	0.545	-0.0689036
0.515	0.555	-0.0626859
0.505	0.555	-0.0660911
0.505	0.565	-0.0574416
0.625	0.575	-0.0652356
0.635	0.575	-0.0710856
0.635	0.585	-0.063307
0.645	0.585	-0.0696859
0.645	0.595	-0.0623133
0.655	0.605	-0.0622858
0.445	0.955	-0.0631376
0.665	0.885	-0.0631776
0.475	0.965	-0.0673495
0.665	0.615	-0.0632162
0.705	0.815	-0.0649564
0.705	0.825	-0.0681227
0.705	0.835	-0.0716441
0.695	0.845	-0.0667773
0.685	0.855	-0.0626636
0.695	0.855	-0.0712153
0.685	0.865	-0.0676945
0.675	0.875	-0.0649959
0.415	0.555	-0.0643876
0.435	0.955	-0.0659321
0.675	0.625	-0.0650782
0.685	0.635	-0.0678387
0.685	0.645	-0.0627412
0.715	0.765	-0.0654406
0.715	0.775	-0.0663466
0.715	0.785	-0.0676974
0.715	0.795	-0.0694758
0.715	0.805	-0.0716594
0.695	0.645	-0.0714454
0.695	0.655	-0.0669194
0.705	0.665	-0.0718777
0.705	0.675	-0.0682762
0.705	0.685	-0.0650547
0.715	0.695	-0.0718333
0.715	0.705	-0.0695934
0.715	0.715	-0.0677742
0.715	0.725	-0.0663949
0.715	0.735	-0.0654673
0.415	0.735	0.0560275
0.415	0.745	0.0567269
0.415	0.755	0.0568424
0.415	0.765	0.0563288
0.465	0.965	-0.068797
0.415	0.945	-0.0633878
0.715	0.755	-0.0649892
0.715	0.745	-0.0649979
0.585	0.735	0.0552698
0.585	0.745	0.0556574
0.585	0.755	0.0555173
0.585	0.765	0.0548397
0.395	0.565	-0.0633903
0.395	0.935	-0.0631908
0.435	0.545	-0.0686934
0.445	0.545	-0.0676284
0.455	0.545	-0.0674204
0.465	0.545	-0.0682082
0.475	0.545	-0.0700864
0.455	0.965	-0.0706813
0.405	0.555	-0.0684612
0.425	0.955	-0.0691459
0.315	0.645	-0.0628835
0.315	0.855	-0.0638121
0.295	0.685	-0.0653689
0.295	0.815	-0.0664634
0.405	0.945	-0.0675043
0.425	0.545	-0.0709927
0.305	0.655	-0.0671409
0.305	0.845	-0.0686388
0.295	0.675	-0.0686183
0.295	0.825	-0.0701663
0.285	0.705	-0.0701683
0.285	0.715	-0.0682959
0.285	0.725	-0.0668853
0.285	0.735	-0.0660212
0.285	0.745	-0.0657135
0.285	0.755	-0.0658936
0.285	0.765	-0.0664814
0.285	0.775	-0.0674713
0.285	0.785	-0.0690007
0.285	0.795	-0.0710899
0.385	0.565	-0.0689151
0.375	0.575	-0.0660192
0.365	0.575	-0.0733301
0.365	0.585	-0.0637322
0.355	0.585	-0.0719693
0.355	0.595	-0.0627844
0.345	0.605	-0.0624531
0.335	0.615	-0.0633408
0.325	0.625	-0.0652168
0.345	0.895	-0.0629649
0.355	0.905	-0.0625286
0.355	0.915	-0.0702796
0.365	0.915	-0.0635277
0.365	0.925	-0.0717848
0.375	0.925	-0.0655577
0.385	0.935	-0.0685345
0.335	0.885	-0.0644876
0.325	0.875	-0.0667412
0.315	0.635	-0.0681078
0.315	0.865	-0.0699513
0.295	0.665	-0.0722785
0.295	0.835	-0.0743152
0.285	0.695	-0.0724355
0.285	0.805	-0.0737577
0.605	0.945	-0.0716584
0.615	0.945	-0.0763332
0.625	0.935	-0.0732695
0.585	0.955	-0.0722288
0.595	0.955	-0.0760872
0.495	0.555	-0.0664673
0.565	0.965	-0.074965
0.575	0.965	-0.0779211
0.535	0.535	-0.0767056
0.545	0.535	-0.0761033
0.555	0.535	-0.0763484
0.565	0.535	-0.0774089
0.575	0.535	-0.0792719
0.585	0.545	-0.0728092
0.595	0.545	-0.0763226
0.605	0.555	-0.0717332
0.485	0.545	-0.0728648
0.515	0.975	-0.0762347
0.525	0.975	-0.0770405
0.535	0.975	-0.0782642
0.545	0.975	-0.0798724
0.555	0.975	-0.0817964
0.505	0.975	-0.0758657
0.665	0.895	-0.0695541
0.655	0.905	-0.0691518
0.655	0.915	-0.0760463
0.645	0.925	-0.0769319
0.635	0.935	-0.07862
0.495	0.975	-0.0759407
0.615	0.555	-0.0764353
0.625	0.565	-0.0733545
0.485	0.975	-0.0764532
0.525	0.535	-0.0783525
0.515	0.545	-0.0718296
0.505	0.545	-0.0749647
0.635	0.565	-0.0788138
0.645	0.575	-0.0770944
0.655	0.585	-0.0762133
0.655	0.595	-0.0692042
0.665	0.605	-0.0696455
0.445	0.965	-0.0729676
0.675	0.885	-0.0708353
0.475	0.975	-0.0774073
0.675	0.615	-0.0709901
0.715	0.815	-0.0742122
0.715	0.825	-0.0770812
0.715	0.835	-0.0801619
0.705	0.845	-0.0754495
0.705	0.855	-0.0794181
0.695	0.865	-0.0758716
0.685	0.875	-0.0729624
0.415	0.545	-0.0746035
0.435	0.965	-0.0756234
0.685	0.625	-0.0732045
0.695	0.635	-0.0762271
0.725	0.765	-0.0751227
0.725	0.775	-0.0759322
0.725	0.785	-0.0771362
0.725	0.795	-0.0786976
0.725	0.805	-0.0805491
0.705	0.645	-0.0799262
0.705	0.655	-0.0758002
0.715	0.665	-0.0806833
0.715	0.675	-0.0774503
0.715	0.685	-0.0744671
0.725	0.695	-0.0809606
0.725	0.705	-0.0789842
0.725	0.715	-0.0773279
0.725	0.725	-0.0760538
0.725	0.735	-0.0751896
0.465	0.975	-0.0787785
0.415	0.955	-0.072722
0.725	0.755	-0.0747247
0.725	0.745	-0.074746
0.395	0.555	-0.0733485
0.395	0.945	-0.0721592
0.435	0.535	-0.0791612
0.445	0.535	-0.0781051
0.455	0.535	-0.0777465
0.465	0.535	-0.0781044
0.475	0.535	-0.0795536
0.455	0.975	-0.0805408
0.405	0.545	-0.0791052
0.425	0.965	-0.0786342
0.305	0.645	-0.0717947
0.305	0.855	-0.0740171
0.285	0.685	-0.0750546
0.285	0.815	-0.0769249
0.405	0.955	-0.0766828
0.425	0.535	-0.0814287
0.295	0.655	-0.0763006
0.295	0.845	-0.0788901
0.285	0.675	-0.078174
0.285	0.825	-0.0804186
0.275	0.705	-0.0800822
0.275	0.715	-0.0784857
0.275	0.725	-0.0772539
0.275	0.735	-0.0764939
0.275	0.745	-0.0762415
0.275	0.755	-0.0764112
0.275	0.765	-0.0768999
0.275	0.775	-0.0778242
0.275	0.785	-0.0792509
0.275	0.795	-0.0812011
0.385	0.555	-0.0815523
0.375	0.565	-0.0758621
0.365	0.565	-0.0834174
0.355	0.575	-0.0815405
0.345	0.585	-0.0807611
0.345	0.595	-0.0708127
0.335	0.605	-0.0745827
0.325	0.615	-0.0747613
0.315	0.625	-0.0757759
0.335	0.895	-0.0741912
0.345	0.905	-0.071086
0.345	0.915	-0.0779722
0.355	0.925	-0.0786688
0.365	0.935	-0.0807706
0.375	0.935	-0.0745305
0.385	0.945	-0.078091
0.325	0.885	-0.0754919
0.315	0.875	-0.0775207
0.305	0.635	-0.077676
0.305	0.865	-0.0805156
0.285	0.665	-0.0816286
0.285	0.835	-0.0840617
0.275	0.695	-0.0820142
0.275	0.805	-0.0835158
0.605	0.955	-0.0800908
0.615	0.955	-0.0839912
0.625	0.945	-0.081035
0.635	0.945	-0.0852854
0.585	0.965	-0.0810819
0.595	0.965	-0.0842409
0.495	0.545	-0.0754542
0.565	0.975	-0.0839156
0.575	0.975	-0.0860198
0.535	0.525	-0.0857032
0.545	0.525	-0.0851882
0.555	0.525	-0.0852669
0.565	0.525	-0.0859383
0.575	0.525	-0.0871021
0.585	0.535	-0.0817524
0.595	0.535	-0.0845543
0.605	0.545	-0.080255
0.615	0.545	-0.0842449
0.485	0.535	-0.0822308
0.515	0.985	-0.0860086
0.525	0.985	-0.0864151
0.535	0.985	-0.087021
0.545	0.985	-0.0877893
0.555	0.985	-0.0885619
0.505	0.985	-0.0858304
0.675	0.895	-0.0767676
0.665	0.905	-0.0759963
0.665	0.915	-0.0821492
0.655	0.925	-0.0825684
0.645	0.935	-0.0836617
0.655	0.935	-0.0874433
0.495	0.985	-0.0859326
0.625	0.555	-0.0812592
0.635	0.555	-0.0856945
0.485	0.985	-0.0863323
0.525	0.525	-0.0870061
0.515	0.535	-0.0810103
0.505	0.535	-0.0838984
0.645	0.565	-0.084067
0.655	0.565	-0.0880173
0.655	0.575	-0.0829838
0.665	0.585	-0.0825893
0.665	0.595	-0.076197
0.675	0.605	-0.077038
0.445	0.975	-0.0827385
0.685	0.885	-0.0783201
0.475	0.985	-0.0870228
0.685	0.615	-0.078698
0.725	0.815	-0.0825792
0.725	0.825	-0.084644
0.725	0.835	-0.0865692
0.715	0.845	-0.0832091
0.715	0.855	-0.0859217
0.705	0.865	-0.0832255
0.695	0.875	-0.0805502
0.705	0.875	-0.0864167
0.415	0.535	-0.0846311
0.435	0.975	-0.0848684
0.695	0.625	-0.0810926
0.705	0.635	-0.0839895
0.735	0.765	-0.0836572
0.735	0.775	-0.0842039
0.735	0.785	-0.0849989
0.735	0.795	-0.0859633
0.735	0.805	-0.0869937
0.715	0.645	-0.0868155
0.715	0.655	-0.0839335
0.725	0.665	-0.087376
0.725	0.675	-0.0853518
0.725	0.685	-0.0831379
0.735	0.695	-0.087577
0.735	0.705	-0.0864478
0.735	0.715	-0.0853563
0.735	0.725	-0.0844461
0.735	0.735	-0.0837975
0.465	0.985	-0.0879027
0.415	0.965	-0.0819448
0.735	0.755	-0.0834003
0.735	0.745	-0.0834461
0.395	0.545	-0.0842491
0.395	0.955	-0.0812706
0.435	0.525	-0.0885491
0.445	0.525	-0.0883914
0.455	0.525	-0.0885223
0.465	0.525	-0.0888101
0.475	0.525	-0.0892469
0.455	0.985	-0.0887922
0.405	0.535	-0.0881594
0.425	0.975	-0.086995
0.295	0.645	-0.0813804
0.295	0.855	-0.0839228
0.275	0.685	-0.0842416
0.275	0.815	-0.0860282
0.405	0.965	-0.0860469
0.425	0.525	-0.0895905
0.285	0.655	-0.0868803
0.285	0.845	-0.087865
0.275	0.675	-0.0875991
0.275	0.825	-0.0885741
0.265	0.705	-0.0886223
0.265	0.715	-0.0880965
0.265	0.725	-0.0876493
0.265	0.735	-0.087324
0.265	0.745	-0.0871613
0.265	0.755	-0.0871412
0.265	0.765	-0.0872487
0.265	0.775	-0.0875157
0.265	0.785	-0.0880161
0.265	0.795	-0.0887796
0.385	0.545	-0.09
0.375	0.555	-0.0857677
0.365	0.555	-0.09
0.355	0.565	-0.0882852
0.345	0.565	-0.09
0.345	0.575	-0.09
0.335	0.585	-0.09
0.335	0.595	-0.0895321
0.325	0.605	-0.0895059
0.315	0.615	-0.089597
0.305	0.625	-0.0897682
0.325	0.895	-0.0898489
0.335	0.905	-0.0899049
0.335	0.915	-0.09
0.345	0.925	-0.09
0.345	0.935	-0.09
0.355	0.935	-0.0859553
0.365	0.945	-0.09
0.375	0.945	-0.084041
0.385	0.955	-0.0898659
0.315	0.885	-0.0899343
0.305	0.875	-0.0899874
0.295	0.635	-0.0899496
0.295	0.865	-0.09
0.275	0.665	-0.09
0.275	0.835	-0.09
0.265	0.695	-0.09
0.265	0.805	-0.09
0.605	0.965	-0.0869119
0.615	0.965	-0.0886837
0.625	0.955	-0.0871319
0.625	0.965	-0.0895441
0.635	0.955	-0.0889803
0.645	0.945	-0.0882042
0.585	0.975	-0.0877564
0.595	0.975	-0.0889304
0.605	0.975	-0.0896052
0.495	0.535	-0.0845234
0.565	0.985	-0.0892359
0.575	0.985	-0.0897541
0.585	0.985	-0.09
0.525	0.515	-0.0899999
0.535	0.515	-0.0899962
0.545	0.515	-0.0899188
0.555	0.515	-0.0897488
0.565	0.515	-0.0897838
0.575	0.515	-0.0899421
0.585	0.515	-0.09
0.585	0.525	-0.0883397
0.595	0.525	-0.0892586
0.605	0.525	-0.0897719
0.605	0.535	-0.0871882
0.615	0.535	-0.0890709
0.625	0.545	-0.087488
0.485	0.525	-0.0893869
0.495	0.525	-0.0899228
0.505	0.995	-0.09
0.515	0.995	-0.09
0.525	0.995	-0.09
0.535	0.995	-0.09
0.545	0.995	-0.09
0.555	0.995	-0.09
0.565	0.995	-0.09
0.495	0.995	-0.09
0.685	0.895	-0.0833477
0.675	0.905	-0.0824299
0.685	0.905	-0.0872018
0.675	0.915	-0.0868714
0.665	0.925	-0.0869503
0.675	0.925	-0.0891778
0.665	0.935	-0.0892882
0.655	0.945	-0.0894901
0.485	0.995	-0.09
0.635	0.545	-0.089367
0.645	0.555	-0.0886767
0.475	0.995	-0.09
0.515	0.515	-0.09
0.515	0.525	-0.0889342
0.505	0.525	-0.0899271
0.655	0.555	-0.0897895
0.665	0.565	-0.0896608
0.665	0.575	-0.0875879
0.675	0.575	-0.0895883
0.675	0.585	-0.0875466
0.675	0.595	-0.0829352
0.685	0.595	-0.0879228
0.685	0.605	-0.0839757
0.435	0.985	-0.09
0.445	0.985	-0.09
0.695	0.885	-0.0847601
0.695	0.895	-0.0878358
0.465	0.995	-0.09
0.695	0.605	-0.0885922
0.695	0.615	-0.0855567
0.735	0.815	-0.0879713
0.735	0.825	-0.0887751
0.735	0.835	-0.0893429
0.725	0.845	-0.0881218
0.735	0.845	-0.0896821
0.725	0.855	-0.0891143
0.715	0.865	-0.0880016
0.725	0.865	-0.0896283
0.715	0.875	-0.089206
0.705	0.885	-0.0885763
0.405	0.525	-0.09
0.415	0.525	-0.09
0.425	0.985	-0.09
0.705	0.615	-0.0892681
0.705	0.625	-0.0873362
0.715	0.625	-0.0897186
0.715	0.635	-0.0888358
0.745	0.755	-0.0885628
0.745	0.765	-0.0886219
0.745	0.775	-0.0887861
0.745	0.785	-0.0890259
0.745	0.795	-0.0892826
0.745	0.805	-0.0895056
0.745	0.815	-0.0896817
0.725	0.635	-0.0899232
0.725	0.645	-0.0896365
0.725	0.655	-0.0888593
0.735	0.655	-0.0899249
0.735	0.665	-0.0897348
0.735	0.675	-0.0893007
0.735	0.685	-0.0885703
0.745	0.685	-0.0898831
0.745	0.695	-0.0897508
0.745	0.705	-0.0895351
0.745	0.715	-0.0892501
0.745	0.725	-0.0889687
0.745	0.735	-0.0887453
0.745	0.745	-0.0886064
0.455	0.995	-0.09
0.405	0.975	-0.0899857
0.415	0.975	-0.09
0.385	0.535	-0.09
0.395	0.535	-0.09
0.385	0.965	-0.09
0.395	0.965	-0.0898715
0.425	0.515	-0.09
0.435	0.515	-0.09
0.445	0.515	-0.09
0.455	0.515	-0.09
0.465	0.515	-0.09
0.475	0.515	-0.09
0.485	0.515	-0.0899862
0.445	0.995	-0.09
0.395	0.525	-0.09
0.415	0.985	-0.09
0.285	0.635	-0.09
0.285	0.645	-0.09
0.285	0.855	-0.09
0.285	0.865	-0.09
0.265	0.675	-0.09
0.265	0.685	-0.09
0.265	0.815	-0.09
0.265	0.825	-0.09
0.395	0.975	-0.09
0.415	0.515	-0.09
0.275	0.645	-0.09
0.275	0.655	-0.09
0.275	0.845	-0.09
0.275	0.855	-0.09
0.265	0.665	-0.09
0.265	0.835	-0.09
0.255	0.695	-0.09
0.255	0.705	-0.09
0.255	0.715	-0.09
0.255	0.725	-0.09
0.255	0.735	-0.09
0.255	0.745	-0.09
0.255	0.755	-0.09
0.255	0.765	-0.09
0.255	0.775	-0.09
0.255	0.785	-0.09
0.255	0.795	-0.09
0.255	0.805	-0.09
0.375	0.535	-0.09
0.375	0.545	-0.09
0.365	0.545	-0.09
0.355	0.545	-0.09
0.355	0.555	-0.09
0.345	0.555	-0.09
0.335	0.565	-0.09
0.335	0.575	-0.09
0.325	0.575	-0.09
0.325	0.585	-0.09
0.325	0.595	-0.09
0.315	0.595	-0.09
0.315	0.605	-0.09
0.305	0.605	-0.09
0.305	0.615	-0.09
0.295	0.615	-0.09
0.295	0.625	-0.09
0.315	0.895	-0.09
0.315	0.905	-0.09
0.325	0.905	-0.09
0.325	0.915	-0.09
0.325	0.925	-0.09
0.335	0.925	-0.09
0.335	0.935	-0.09
0.345	0.945	-0.09
0.355	0.945	-0.09
0.355	0.955	-0.09
0.365	0.955	-0.09
0.375	0.955	-0.089994
0.375	0.965	-0.09
0.305	0.885	-0.09
0.305	0.895	-0.09
0.295	0.875	-0.09
0.295	0.885	-0.09
0.285	0.625	-0.09
0.285	0.875	-0.09
0.265	0.655	-0.09
0.265	0.845	-0.09
0.255	0.685	-0.09
0.255	0.815	-0.09
0.615	0.975	-0.0898808
0.625	0.975	-0.0899734
0.635	0.965	-0.0898602
0.645	0.955	-0.089702
0.595	0.985	-0.09
0.605	0.985	-0.09
0.575	0.995	-0.09
0.585	0.995	-0.09
0.525	0.505	-0.09
0.535	0.505	-0.09
0.545	0.505	-0.09
0.555	0.505	-0.09
0.565	0.505	-0.09
0.575	0.505	-0.09
0.585	0.505	-0.09
0.595	0.515	-0.09
0.605	0.515	-0.09
0.615	0.525	-0.0899945
0.625	0.535	-0.0897616
0.495	0.515	-0.09
0.695	0.905	-0.089352
0.685	0.915	-0.0892077
0.685	0.925	-0.0898218
0.675	0.935	-0.0898344
0.665	0.945	-0.0898727
0.655	0.955	-0.0899202
0.635	0.535	-0.0899846
0.645	0.545	-0.0898899
0.515	0.505	-0.09
0.505	0.515	-0.09
0.655	0.545	-0.09
0.665	0.555	-0.0899826
0.675	0.565	-0.0899632
0.685	0.575	-0.0899638
0.685	0.585	-0.0896296
0.695	0.595	-0.0897423
0.435	0.995	-0.09
0.705	0.895	-0.0895463
0.705	0.605	-0.0898647
0.745	0.825	-0.0898166
0.745	0.835	-0.0899128
0.745	0.845	-0.0899664
0.735	0.855	-0.0898639
0.735	0.865	-0.0899521
0.725	0.875	-0.0898697
0.715	0.885	-0.0897313
0.405	0.515	-0.09
0.425	0.995	-0.09
0.715	0.615	-0.0899531
0.725	0.625	-0.0899915
0.755	0.755	-0.0898487
0.755	0.765	-0.0898445
0.755	0.775	-0.0898598
0.755	0.785	-0.0898925
0.755	0.795	-0.0899269
0.755	0.805	-0.089954
0.755	0.815	-0.0899727
0.735	0.635	-0.0899989
0.735	0.645	-0.0899868
0.745	0.655	-0.0899996
0.745	0.665	-0.0899946
0.745	0.675	-0.0899626
0.755	0.685	-0.0899999
0.755	0.695	-0.0899972
0.755	0.705	-0.0899798
0.755	0.715	-0.089944
0.755	0.725	-0.0899089
0.755	0.735	-0.089882
0.755	0.745	-0.0898625
0.405	0.985	-0.09
0.385	0.525	-0.09
0.385	0.975	-0.09
0.425	0.505	-0.09
0.435	0.505	-0.09
0.445	0.505	-0.09
0.455	0.505	-0.09
0.465	0.505	-0.09
0.475	0.505	-0.09
0.485	0.505	-0.09
0.395	0.515	-0.09
0.415	0.995	-0.09
0.275	0.635	-0.09
0.275	0.865	-0.09
0.255	0.675	-0.09
0.255	0.825	-0.09
0.395	0.985	-0.09
0.415	0.505	-0.09
0.265	0.645	-0.09
0.265	0.855	-0.09
0.255	0.665	-0.09
0.255	0.835	-0.09
0.245	0.695	-0.09
0.245	0.705	-0.09
0.245	0.715	-0.09
0.245	0.725	-0.09
0.245	0.735	-0.09
0.245	0.745	-0.09
0.245	0.755	-0.09
0.245	0.765	-0.09
0.245	0.775	-0.09
0.245	0.785	-0.09
0.245	0.795	-0.09
0.245	0.805	-0.09
0.375	0.525	-0.09
0.365	0.535	-0.09
0.355	0.535	-0.09
0.345	0.545	-0.09
0.335	0.555	-0.09
0.325	0.565	-0.09
0.315	0.575	-0.09
0.315	0.585	-0.09
0.305	0.595	-0.09
0.295	0.605	-0.09
0.285	0.615	-0.09
0.305	0.905	-0.09
0.315	0.915	-0.09
0.315	0.925	-0.09
0.325	0.935	-0.09
0.335	0.945	-0.09
0.345	0.955	-0.09
0.355	0.965	-0.09
0.365	0.965	-0.09
0.375	0.975	-0.09
0.295	0.895	-0.09
0.285	0.885	-0.09
0.275	0.625	-0.09
0.275	0.875	-0.09
0.255	0.655	-0.09
0.255	0.845	-0.09
0.245	0.685	-0.09
0.245	0.815	-0.09
0.615	0.985	-0.09
0.625	0.985	-0.09
0.635	0.975	-0.09
0.645	0.965	-0.0899639
0.645	0.975	-0.09
0.655	0.965	-0.0899939
0.595	0.995	-0.09
0.605	0.995	-0.09
0.525	0.495	-0.09
0.535	0.495	-0.09
0.545	0.495	-0.09
0.555	0.495	-0.09
0.565	0.495	-0.09
0.575	0.495	-0.09
0.585	0.495	-0.09
0.595	0.505	-0.09
0.605	0.505	-0.09
0.615	0.515	-0.09
0.625	0.515	-0.09
0.625	0.525	-0.09
0.635	0.525	-0.09
0.495	0.505	-0.09
0.705	0.905	-0.0898823
0.695	0.915	-0.0898419
0.695	0.925	-0.0899679
0.685	0.935	-0.0899644
0.675	0.945	-0.08997
0.685	0.945	-0.0899931
0.665	0.955	-0.0899824
0.675	0.955	-0.0899974
0.665	0.965	-0.09
0.645	0.525	-0.09
0.645	0.535	-0.09
0.655	0.535	-0.09
0.515	0.495	-0.09
0.505	0.505	-0.09
0.665	0.535	-0.09
0.665	0.545	-0.09
0.675	0.545	-0.09
0.675	0.555	-0.09
0.685	0.555	-0.09
0.685	0.565	-0.09
0.695	0.575	-0.09
0.695	0.585	-0.0899732
0.705	0.595	-0.0899861
0.715	0.895	-0.0899274
0.715	0.605	-0.0899961
0.755	0.825	-0.0899856
0.755	0.835	-0.0899945
0.755	0.845	-0.0899988
0.745	0.855	-0.0899884
0.745	0.865	-0.0899971
0.735	0.875	-0.0899866
0.725	0.885	-0.0899641
0.735	0.885	-0.0899974
0.725	0.895	-0.0899921
0.405	0.505	-0.09
0.725	0.615	-0.09
0.735	0.625	-0.09
0.765	0.755	-0.0899976
0.765	0.765	-0.0899953
0.765	0.775	-0.089995
0.765	0.785	-0.0899968
0.765	0.795	-0.0899988
0.765	0.805	-0.0899998
0.765	0.815	-0.09
0.745	0.635	-0.09
0.745	0.645	-0.09
0.755	0.655	-0.09
0.755	0.665	-0.09
0.755	0.675	-0.09
0.765	0.685	-0.09
0.765	0.695	-0.09
0.765	0.705	-0.09
0.765	0.715	-0.09
0.765	0.725	-0.09
0.765	0.735	-0.09
0.765	0.745	-0.0899994
0.405	0.995	-0.09
0.385	0.515	-0.09
0.385	0.985	-0.09
0.425	0.495	-0.09
0.435	0.495	-0.09
0.445	0.495	-0.09
0.455	0.495	-0.09
0.465	0.495	-0.09
0.475	0.495	-0.09
0.485	0.495	-0.09
0.395	0.505	-0.09
0.265	0.635	-0.09
0.265	0.865	-0.09
0.245	0.675	-0.09
0.245	0.825	-0.09
0.395	0.995	-0.09
0.415	0.495	-0.09
0.255	0.645	-0.09
0.255	0.855	-0.09
0.245	0.665	-0.09
0.245	0.835	-0.09
0.235	0.695	-0.09
0.235	0.705	-0.09
0.235	0.715	-0.09
0.235	0.725	-0.09
0.235	0.735	-0.09
0.235	0.745	-0.09
0.235	0.755	-0.09
0.235	0.765	-0.09
0.235	0.775	-0.09
0.235	0.785	-0.09
0.235	0.795	-0.09
0.235	0.805	-0.09
0.375	0.515	-0.09
0.365	0.525	-0.09
0.355	0.525	-0.09
0.345	0.535	-0.09
0.335	0.535	-0.09
0.335	0.545	-0.09
0.325	0.545	-0.09
0.325	0.555	-0.09
0.315	0.555	-0.09
0.315	0.565	-0.09
0.305	0.575	-0.09
0.305	0.585	-0.09
0.295	0.595	-0.09
0.285	0.605	-0.09
0.275	0.615	-0.09
0.295	0.905	-0.09
0.305	0.915	-0.09
0.305	0.925	-0.09
0.315	0.935	-0.09
0.315	0.945	-0.09
0.325	0.945	-0.09
0.325	0.955	-0.09
0.335	0.955	-0.09
0.335	0.965	-0.09
0.345	0.965	-0.09
0.355	0.975	-0.09
0.365	0.975	-0.09
0.375	0.985	-0.09
0.285	0.895	-0.09
0.275	0.885	-0.09
0.265	0.625	-0.09
0.265	0.875	-0.09
0.245	0.655	-0.09
0.245	0.845	-0.09
0.235	0.685	-0.09
0.235	0.815	-0.09
0.615	0.995	-0.09
0.625	0.995	-0.09
0.635	0.985	-0.09
0.645	0.985	-0.09
0.655	0.975	-0.09
0.525	0.485	-0.09
0.535	0.485	-0.09
0.545	0.485	-0.09
0.555	0.485	-0.09
0.565	0.485	-0.09
0.575	0.485	-0.09
0.585	0.485	-0.09
0.595	0.495	-0.09
0.605	0.495	-0.09
0.615	0.505	-0.09
0.625	0.505	-0.09
0.635	0.515	-0.09
0.495	0.495	-0.09
0.715	0.905	-0.0899844
0.705	0.915	-0.0899756
0.705	0.925	-0.0899956
0.695	0.935	-0.0899924
0.695	0.945	-0.0899995
0.685	0.955	-0.09
0.675	0.965	-0.09
0.665	0.975	-0.09
0.645	0.515	-0.09
0.655	0.525	-0.09
0.515	0.485	-0.09
0.505	0.495	-0.09
0.665	0.525	-0.09
0.675	0.535	-0.09
0.685	0.545	-0.09
0.695	0.555	-0.09
0.695	0.565	-0.09
0.705	0.575	-0.09
0.705	0.585	-0.09
0.715	0.595	-0.09
0.725	0.605	-0.09
0.765	0.825	-0.09
0.765	0.835	-0.09
0.765	0.845	-0.09
0.755	0.855	-0.0899998
0.755	0.865	-0.09
0.745	0.875	-0.0899992
0.745	0.885	-0.09
0.735	0.895	-0.0899994
0.725	0.905	-0.0899987
0.405	0.495	-0.09
0.735	0.615	-0.09
0.745	0.625	-0.09
0.775	0.755	-0.09
0.775	0.765	-0.09
0.775	0.775	-0.09
0.775	0.785	-0.09
0.775	0.795	-0.09
0.775	0.805	-0.09
0.775	0.815	-0.09
0.755	0.635	-0.09
0.755	0.645	-0.09
0.765	0.655	-0.09
0.765	0.665	-0.09
0.765	0.675	-0.09
0.775	0.685	-0.09
0.775	0.695	-0.09
0.775	0.705	-0.09
0.775	0.715	-0.09
0.775	0.725	-0.09
0.775	0.735	-0.09
0.775	0.745	-0.09
0.385	0.505	-0.09
0.385	0.995	-0.09
0.425	0.485	-0.09
0.435	0.485	-0.09
0.445	0.485	-0.09
0.455	0.485	-0.09
0.465	0.485	-0.09
0.475	0.485	-0.09
0.485	0.485	-0.09
0.395	0.495	-0.09
0.255	0.635	-0.09
0.255	0.865	-0.09
0.235	0.675	-0.09
0.235	0.825	-0.09
0.415	0.485	-0.09
0.245	0.645	-0.09
0.245	0.855	-0.09
0.235	0.665	-0.09
0.235	0.835	-0.09
0.225	0.695	-0.09
0.225	0.705	-0.09
0.225	0.715	-0.09
0.225	0.725	-0.09
0.225	0.735	-0.09
0.225	0.745	-0.09
0.225	0.755	-0.09
0.225	0.765	-0.09
0.225	0.775	-0.09
0.225	0.785	-0.09
0.225	0.795	-0.09
0.225	0.805	-0.09
0.375	0.505	-0.09
0.365	0.515	-0.09
0.355	0.515	-0.09
0.345	0.525	-0.09
0.335	0.525	-0.09
0.325	0.535	-0.09
0.315	0.545	-0.09
0.305	0.555	-0.09
0.305	0.565	-0.09
0.295	0.575	-0.09
0.295	0.585	-0.09
0.285	0.595	-0.09
0.275	0.605	-0.09
0.265	0.615	-0.09
0.285	0.905	-0.09
0.295	0.915	-0.09
0.295	0.925	-0.09
0.305	0.935	-0.09
0.305	0.945	-0.09
0.315	0.955	-0.09
0.325	0.965	-0.09
0.335	0.975	-0.09
0.345	0.975	-0.09
0.355	0.985	-0.09
0.365	0.985	-0.09
0.375	0.995	-0.09
0.275	0.895	-0.09
0.265	0.885	-0.09
0.255	0.625	-0.09
0.255	0.875	-0.09
0.235	0.655	-0.09
0.235	0.845	-0.09
0.225	0.685	-0.09
0.225	0.815	-0.09
0.635	0.995	-0.09
0.645	0.995	-0.09
0.655	0.985	-0.09
0.665	0.985	-0.09
0.525	0.475	-0.09
0.535	0.475	-0.09
0.545	0.475	-0.09
0.555	0.475	-0.09
0.565	0.475	-0.09
0.575	0.475	-0.09
0.585	0.475	-0.09
0.595	0.485	-0.09
0.605	0.485	-0.09
0.615	0.485	-0.09
0.615	0.495	-0.09
0.625	0.495	-0.09
0.635	0.505	-0.09
0.645	0.505	-0.09
0.495	0.485	-0.09
0.715	0.915	-0.0899976
0.715	0.925	-0.0899997
0.705	0.935	-0.0899999
0.715	0.935	-0.09
0.705	0.945	-0.09
0.695	0.955	-0.09
0.685	0.965	-0.09
0.695	0.965	-0.09
0.675	0.975	-0.09
0.685	0.975	-0.09
0.655	0.515	-0.09
0.665	0.515	-0.09
0.515	0.475	-0.09
0.505	0.485	-0.09
0.675	0.525	-0.09
0.685	0.525	-0.09
0.685	0.535	-0.09
0.695	0.535	-0.09
0.695	0.545	-0.09
0.705	0.555	-0.09
0.705	0.565	-0.09
0.715	0.565	-0.09
0.715	0.575	-0.09
0.715	0.585	-0.09
0.725	0.595	-0.09
0.735	0.605	-0.09
0.775	0.825	-0.09
0.775	0.835	-0.09
0.775	0.845	-0.09
0.765	0.855	-0.09
0.765	0.865	-0.09
0.755	0.875	-0.09
0.765	0.875	-0.09
0.755	0.885	-0.09
0.745	0.895	-0.09
0.735	0.905	-0.09
0.745	0.905	-0.09
0.725	0.915	-0.09
0.735	0.915	-0.09
0.405	0.485	-0.09
0.745	0.615	-0.09
0.755	0.625	-0.09
0.785	0.755	-0.09
0.785	0.765	-0.09
0.785	0.775	-0.09
0.785	0.785	-0.09
0.785	0.795	-0.09
0.785	0.805	-0.09
0.785	0.815	-0.09
0.765	0.625	-0.09
0.765	0.635	-0.09
0.765	0.645	-0.09
0.775	0.655	-0.09
0.775	0.665	-0.09
0.775	0.675	-0.09
0.785	0.685	-0.09
0.785	0.695	-0.09
0.785	0.705	-0.09
0.785	0.715	-0.09
0.785	0.725	-0.09
0.785	0.735	-0.09
0.785	0.745	-0.09
0.385	0.495	-0.09
0.425	0.475	-0.09
0.435	0.475	-0.09
0.445	0.475	-0.09
0.455	0.475	-0.09
0.465	0.475	-0.09
0.475	0.475	-0.09
0.485	0.475	-0.09
0.395	0.485	-0.09
0.245	0.635	-0.09
0.245	0.865	-0.09
0.225	0.675	-0.09
0.225	0.825	-0.09
0.415	0.475	-0.09
0.235	0.645	-0.09
0.235	0.855	-0.09
0.225	0.665	-0.09
0.225	0.835	-0.09
0.215	0.695	-0.09
0.215	0.705	-0.09
0.215	0.715	-0.09
0.215	0.725	-0.09
0.215	0.735	-0.09
0.215	0.745	-0.09
0.215	0.755	-0.09
0.215	0.765	-0.09
0.215	0.775	-0.09
0.215	0.785	-0.09
0.215	0.795	-0.09
0.215	0.805	-0.09
0.375	0.495	-0.09
0.365	0.505	-0.09
0.355	0.505	-0.09
0.345	0.505	-0.09
0.345	0.515	-0.09
0.335	0.515	-0.09
0.325	0.525	-0.09
0.315	0.525	-0.09
0.315	0.535	-0.09
0.305	0.535	-0.09
0.305	0.545	-0.09
0.295	0.555	-0.09
0.295	0.565	-0.09
0.285	0.565	-0.09
0.285	0.575	-0.09
0.285	0.585	-0.09
0.275	0.595	-0.09
0.265	0.605	-0.09
0.255	0.615	-0.09
0.275	0.905	-0.09
0.285	0.915	-0.09
0.285	0.925	-0.09
0.285	0.935	-0.09
0.295	0.935	-0.09
0.295	0.945	-0.09
0.305	0.955	-0.09
0.305	0.965	-0.09
0.315	0.965	-0.09
0.315	0.975	-0.09
0.325	0.975	-0.09
0.335	0.985	-0.09
0.345	0.985	-0.09
0.345	0.995	-0.09
0.355	0.995	-0.09
0.365	0.995	-0.09
0.265	0.895	-0.09
0.255	0.885	-0.09
0.245	0.625	-0.09
0.245	0.875	-0.09
0.225	0.655	-0.09
0.225	0.845	-0.09
0.215	0.685	-0.09
0.215	0.815	-0.09
0.655	0.995	-0.09
0.665	0.995	-0.09
0.675	0.985	-0.09
0.525	0.465	-0.09
0.535	0.465	-0.09
0.545	0.465	-0.09
0.555	0.465	-0.09
0.565	0.465	-0.09
0.575	0.465	-0.09
0.585	0.465	-0.09
0.595	0.475	-0.09
0.605	0.475	-0.09
0.615	0.475	-0.09
0.625	0.485	-0.09
0.635	0.485	-0.09
0.635	0.495	-0.09
0.645	0.495	-0.09
0.655	0.505	-0.09
0.495	0.475	-0.09
0.725	0.925	-0.09
0.725	0.935	-0.09
0.715	0.945	-0.09
0.705	0.955	-0.09
0.715	0.955	-0.09
0.705	0.965	-0.09
0.695	0.975	-0.09
0.685	0.985	-0.09
0.665	0.505	-0.09
0.675	0.515	-0.09
0.515	0.465	-0.09
0.505	0.475	-0.09
0.685	0.515	-0.09
0.695	0.525	-0.09
0.705	0.535	-0.09
0.705	0.545	-0.09
0.715	0.545	-0.09
0.715	0.555	-0.09
0.725	0.565	-0.09
0.725	0.575	-0.09
0.725	0.585	-0.09
0.735	0.595	-0.09
0.745	0.605	-0.09
0.785	0.825	-0.09
0.785	0.835	-0.09
0.785	0.845	-0.09
0.775	0.855	-0.09
0.775	0.865	-0.09
0.775	0.875	-0.09
0.765	0.885	-0.09
0.755	0.895	-0.09
0.765	0.895	-0.09
0.755	0.905	-0.09
0.745	0.915	-0.09
0.735	0.925	-0.09
0.405	0.475	-0.09
0.755	0.615	-0.09
0.795	0.755	-0.09
0.795	0.765	-0.09
0.795	0.775	-0.09
0.795	0.785	-0.09
0.795	0.795	-0.09
0.795	0.805	-0.09
0.795	0.815	-0.09
0.765	0.615	-0.09
0.775	0.625	-0.09
0.775	0.635	-0.09
0.775	0.645	-0.09
0.785	0.655	-0.09
0.785	0.665	-0.09
0.785	0.675	-0.09
0.795	0.685	-0.09
0.795	0.695	-0.09
0.795	0.705	-0.09
0.795	0.715	-0.09
0.795	0.725	-0.09
0.795	0.735	-0.09
0.795	0.745	-0.09
0.385	0.485	-0.09
0.425	0.465	-0.09
0.435	0.465	-0.09
0.445	0.465	-0.09
0.455	0.465	-0.09
0.465	0.465	-0.09
0.475	0.465	-0.09
0.485	0.465	-0.09
0.395	0.475	-0.09
0.235	0.635	-0.09
0.235	0.865	-0.09
0.215	0.675	-0.09
0.215	0.825	-0.09
0.415	0.465	-0.09
0.225	0.645	-0.09
0.225	0.855	-0.09
0.215	0.665	-0.09
0.215	0.835	-0.09
0.205	0.695	-0.09
0.205	0.705	-0.09
0.205	0.715	-0.09
0.205	0.725	-0.09
0.205	0.735	-0.09
0.205	0.745	-0.09
0.205	0.755	-0.09
0.205	0.765	-0.09
0.205	0.775	-0.09
0.205	0.785	-0.09
0.205	0.795	-0.09
0.205	0.805	-0.09
0.375	0.485	-0.09
0.365	0.495	-0.09
0.355	0.495	-0.09
0.345	0.495	-0.09
0.335	0.505	-0.09
0.325	0.505	-0.09
0.325	0.515	-0.09
0.315	0.515	-0.09
0.305	0.525	-0.09
0.295	0.535	-0.09
0.295	0.545	-0.09
0.285	0.545	-0.09
0.285	0.555	-0.09
0.275	0.565	-0.09
0.275	0.575	-0.09
0.275	0.585	-0.09
0.265	0.595	-0.09
0.255	0.605	-0.09
0.245	0.615	-0.09
0.265	0.905	-0.09
0.275	0.915	-0.09
0.275	0.925	-0.09
0.275	0.935	-0.09
0.285	0.945	-0.09
0.285	0.955	-0.09
0.295	0.955	-0.09
0.295	0.965	-0.09
0.305	0.975	-0.09
0.315	0.985	-0.09
0.325	0.985	-0.09
0.325	0.995	-0.09
0.335	0.995	-0.09
0.255	0.895	-0.09
0.245	0.885	-0.09
0.235	0.625	-0.09
0.235	0.875	-0.09
0.215	0.655	-0.09
0.215	0.845	-0.09
0.205	0.685	-0.09
0.205	0.815	-0.09
